48
58
560
52
10
864
814
566
48
58
562
818
10
1376
302
568
48
58
564
314
864
46
562
48
58
565
569
10
1120
607
48
58
567
567
10
1422
560
48
58
569
566
10
609
302
565
48
314
561
53
10
1121
46
560
48
314
563
60
609
558
564
48
314
565
561
10
865
865
48
314
566
322
1377
814
566
48
314
568
60
1167
568
48
314
569
63
610
46
568
48
570
561
563
10
1122
558
563
48
570
563
561
10
1378
46
564
48
570
563
323
610
611
48
570
565
55
10
1122
46
560
48
570
567
563
10
1168
562
48
570
569
560
10
1481
48
826
560
567
10
867
302
564
48
826
562
563
10
1379
302
568
48
826
564
48
10
611
606
48
826
565
310
10
1123
46
562
48
826
567
562
10
657
563
48
826
568
56
10
1425
564
48
58
560
564
10
868
558
565
48
58
562
304
10
1124
613
48
58
563
320
612
302
560
48
58
565
563
10
1124
302
562
48
58
566
825
10
1380
606
48
58
568
566
10
914
566
48
314
560
51
10
869
302
564
48
314
561
825
10
1125
606
48
314
563
54
10
613
46
567
48
314
565
51
10
1125
302
565
48
314
566
67
1381
608
48
314
568
310
10
915
568
304
58
560
307
10
865
302
564
304
58
561
67
1121
607
304
58
563
54
10
609
46
568
304
58
565
307
10
1121
302
564
304
58
566
569
10
1377
814
569
304
58
568
566
10
911
564
304
314
560
60
866
46
569
304
314
561
313
10
1122
814
562
304
314
563
821
10
610
814
564
304
314
565
561
10
866
868
304
314
566
823
10
1378
302
568
304
314
568
317
1424
560
304
570
560
48
10
611
606
304
570
561
310
10
1123
46
562
304
570
563
50
10
611
46
566
304
570
564
322
867
814
564
304
570
566
821
10
1379
46
560
304
570
568
50
10
1225
304
570
569
56
10
612
558
564
304
826
561
820
10
1124
558
567
304
826
563
561
10
1380
866
304
826
564
823
10
868
558
560
304
826
566
308
10
1380
558
563
304
826
568
304
10
1224
304
826
569
822
10
613
46
568
304
58
561
60
1125
46
568
304
58
562
66
1381
558
568
304
58
564
820
10
869
558
565
304
58
566
816
10
1125
608
304
58
567
54
10
1427
568
304
58
569
817
10
1737
304
314
560
55
10
870
302
562
304
314
562
51
10
1382
46
568
304
314
563
568
10
614
558
564
304
314
565
52
10
1126
558
563
304
314
567
560
10
1382
558
565
304
314
568
53
10
1684
564
560
58
560
817
10
610
864
560
58
561
567
10
1122
302
560
560
58
563
60
610
46
568
560
58
564
824
10
866
558
567
560
58
566
820
10
1378
558
567
560
58
568
816
10
1224
560
58
569
320
611
302
561
560
314
561
563
10
1123
302
565
560
314
563
48
10
1379
610
560
314
564
822
10
867
302
561
560
314
566
51
10
1379
302
568
560
314
568
560
10
1223
560
314
569
320
612
302
562
560
570
561
51
10
1124
302
566
560
570
562
825
10
1380
814
568
560
570
564
319
868
46
562
560
570
566
562
10
1380
46
563
560
570
567
56
10
1170
564
560
570
569
52
10
613
558
564
560
826
561
816
10
869
609
560
826
562
566
10
1381
46
561
560
826
564
50
10
613
870
560
826
565
567
10
1125
302
565
560
826
567
51
10
915
562
560
826
568
57
10
1427
568
560
58
560
564
10
870
558
564
560
58
562
560
10
1126
814
569
560
58
563
565
10
614
814
564
560
58
565
561
10
870
862
560
58
566
64
1382
46
566
560
58
568
306
10
916
564
560
58
569
312
10
615
558
566
560
314
561
564
10
1127
558
569
560
314
563
305
10
1383
866
560
314
564
65
871
558
562
560
314
566
820
10
1383
814
561
560
314
568
561
10
917
561
560
314
569
824
10
611
814
563
816
58
561
54
10
1123
46
566
816
58
563
563
10
611
302
569
816
58
565
560
10
867
613
816
58
566
567
10
1379
558
560
816
58
567
56
10
657
562
816
58
569
562
10
612
302
564
816
314
560
569
10
868
608
816
314
562
822
10
1380
46
562
816
314
564
51
10
868
46
568
816
314
566
560
10
1124
863
816
314
567
311
10
1170
563
816
314
569
308
10
1682
567
816
570
560
306
10
869
46
568
816
570
561
569
10
1125
606
816
570
563
64
613
302
564
816
570
565
308
10
1125
302
569
816
570
567
314
1381
865
816
570
568
817
10
1219
816
570
569
822
10
614
302
564
816
826
561
308
10
1126
558
565
816
826
563
49
10
1382
868
816
826
564
65
870
558
560
816
826
566
308
10
1382
558
560
816
826
568
48
10
1428
569
816
826
569
821
10
615
302
562
816
58
560
563
10
871
302
564
816
58
561
569
10
1127
814
561
816
58
563
53
10
615
558
564
816
58
565
560
10
871
610
816
58
566
566
10
1383
46
562
816
58
568
50
10
917
562
816
58
569
56
10
616
558
566
816
314
561
62
1128
814
560
816
314
563
561
10
1384
867
816
314
564
823
10
872
302
565
816
314
566
52
10
1384
558
562
816
314
568
816
10
1227
816
314
569
566
10
612
46
567
48
58
561
60
1124
46
568
48
58
562
66
1380
558
567
48
58
564
820
10
868
558
567
48
58
566
816
10
1124
613
48
58
567
64
658
568
48
58
569
60
613
46
568
48
314
560
66
869
814
566
48
314
561
64
1125
46
567
48
314
563
562
10
613
46
565
48
314
564
56
10
869
558
563
48
314
566
564
10
1381
558
560
48
314
567
825
10
1427
565
48
314
569
565
10
1484
48
570
560
316
870
46
566
48
570
561
56
10
1126
558
563
48
570
562
310
10
1382
814
569
48
570
564
817
10
614
866
48
570
565
567
10
1126
302
560
48
570
567
562
10
660
564
48
570
568
568
10
1172
568
48
826
560
306
10
871
302
562
48
826
561
66
1127
558
568
48
826
562
310
10
1127
864
48
826
563
561
10
1383
46
562
48
826
564
50
10
615
870
48
826
565
567
10
1127
302
565
48
826
567
819
10
917
562
48
826
568
569
10
1685
561
48
58
560
309
10
872
814
562
48
58
562
561
10
1128
865
48
58
563
55
10
616
302
564
48
58
565
307
10
1128
302
566
48
58
566
67
1384
606
48
58
568
822
10
918
566
48
314
560
51
10
873
302
563
48
314
561
569
10
1129
606
48
314
563
566
10
617
46
564
48
314
565
562
10
1129
46
566
48
314
566
568
10
1385
558
566
48
314
568
564
10
1431
565
304
58
560
48
10
613
609
304
58
561
566
10
1125
46
562
304
58
563
50
10
1381
871
304
58
564
65
869
302
566
304
58
566
51
10
1381
302
563
304
58
567
569
10
1427
561
304
58
569
53
10
614
558
569
304
314
561
58
870
614
304
314
562
64
1382
46
568
304
314
564
60
870
46
569
304
314
565
57
10
1126
814
562
304
314
567
53
10
1428
564
304
314
569
561
10
1739
304
570
560
823
10
871
302
568
304
570
562
61
1383
302
569
304
570
563
67
615
606
304
570
565
54
10
1127
46
560
304
570
567
306
10
661
563
304
570
568
56
10
1429
566
304
826
560
820
10
872
558
568
304
826
562
314
1128
863
304
826
563
55
10
616
302
566
304
826
565
52
10
1128
558
564
304
826
567
58
1384
865
304
826
568
321
1430
567
304
58
560
53
10
873
46
562
304
58
562
307
10
1385
302
569
304
58
564
58
617
868
304
58
565
56
10
1129
558
566
304
58
567
309
10
663
561
304
58
569
818
10
618
46
568
304
314
560
313
10
874
814
569
304
314
562
566
10
1386
46
565
304
314
564
60
874
302
562
304
314
565
57
10
1130
814
568
304
314
567
310
10
664
564
304
314
569
51
10
614
302
564
560
58
560
67
870
608
560
58
562
566
10
1382
302
560
560
58
564
48
10
870
558
560
560
58
566
304
10
1126
615
560
58
567
60
1382
814
563
560
58
568
309
10
1428
561
560
314
560
59
615
871
560
314
561
56
10
1127
558
560
560
314
563
562
10
615
302
564
560
314
564
825
10
871
606
560
314
566
822
10
1383
46
566
560
314
568
316
1173
564
560
570
560
48
10
616
612
560
570
561
567
10
1128
558
566
560
570
563
309
10
616
46
564
560
570
565
563
10
1128
558
560
560
570
567
49
10
662
560
560
570
568
322
1686
569
560
826
560
55
10
873
302
569
560
826
562
53
10
1385
46
561
560
826
564
307
10
873
558
561
560
826
565
567
10
1385
46
562
560
826
567
569
10
1226
560
826
569
823
10
618
558
562
560
58
561
308
10
1130
814
564
560
58
563
50
10
618
46
564
560
58
564
66
874
814
562
560
58
566
821
10
1386
46
563
560
58
568
60
1176
566
560
314
560
48
10
619
863
560
314
561
564
10
1131
558
568
560
314
563
565
10
619
46
562
560
314
565
818
10
1131
302
562
560
314
566
825
10
1387
607
560
314
568
54
10
921
568
816
58
560
563
10
871
302
566
816
58
562
304
10
1127
612
816
58
563
311
10
615
302
567
816
58
565
564
10
1127
814
560
816
58
567
817
10
661
563
816
58
568
322
1685
565
816
314
560
54
10
872
46
566
816
314
562
307
10
1384
302
566
816
314
564
560
10
616
613
816
314
565
311
10
1128
302
565
816
314
567
61
1174
562
816
314
569
48
10
1484
816
570
560
320
873
302
561
816
570
562
307
10
1385
302
568
816
570
564
304
10
617
610
816
570
565
320
1129
302
562
816
570
567
819
10
1175
562
816
570
569
560
10
1736
816
826
560
311
10
874
302
569
816
826
562
564
10
1386
558
564
816
826
564
560
10
618
615
816
826
565
567
10
1130
302
564
816
826
567
61
1176
561
816
826
569
560
10
1736
816
58
560
55
10
875
302
568
816
58
562
564
10
1387
558
566
816
58
564
305
10
619
868
816
58
565
568
10
1131
558
569
816
58
567
821
10
665
567
816
58
569
819
10
620
814
560
816
314
561
50
10
1132
302
562
816
314
563
48
10
1388
864
816
314
564
56
10
876
814
560
816
314
566
565
10
1388
46
565
816
314
568
307
10
1178
567
106
560
560
10
616
614
106
561
567
10
1128
302
567
106
563
308
10
616
558
565
106
565
49
10
872
613
106
566
55
10
1384
558
561
106
568
52
10
1430
569
362
560
817
10
617
868
362
561
321
1129
558
561
362
563
820
10
617
558
566
362
565
314
873
863
362
566
55
10
1385
302
567
362
568
61
1431
561
618
560
816
10
618
611
618
561
64
1130
302
560
618
563
819
10
618
46
562
618
565
304
10
874
612
618
566
564
10
1386
46
560
618
568
60
1176
565
874
560
48
10
619
865
874
561
824
10
1131
814
560
874
563
54
10
619
46
567
874
565
562
10
1131
302
561
874
567
304
10
1387
612
874
568
567
10
1177
566
106
560
52
10
876
558
564
106
562
816
10
1132
863
106
563
55
10
620
302
568
106
565
564
10
1132
558
564
106
567
58
1388
864
106
568
567
10
1434
560
362
560
820
10
877
558
566
362
562
58
1133
862
362
563
567
10
621
302
563
362
565
51
10
1133
302
566
362
566
323
1389
608
362
568
819
10
1179
566
362
569
53
10
617
814
566
362
561
562
10
873
46
564
362
561
313
10
1129
863
362
563
311
10
617
558
561
362
564
310
10
873
46
560
362
566
562
10
1385
46
569
362
567
313
10
1431
562
362
568
567
10
1175
564
618
560
562
10
874
302
567
618
561
820
10
874
870
618
562
823
10
1386
302
563
618
563
566
10
618
46
562
618
565
50
10
1130
46
564
618
566
56
10
1386
302
566
618
568
564
10
1432
565
874
560
304
10
619
612
874
561
64
1131
302
560
874
563
307
10
619
302
563
874
564
569
10
875
814
568
874
566
310
10
1387
46
564
874
568
60
1177
562
874
569
323
620
611
1130
561
55
10
1132
558
562
1130
563
318
620
814
569
1130
565
60
1132
46
569
1130
567
560
10
1388
863
1130
568
65
1434
568
362
560
821
10
877
302
568
362
561
57
10
1133
864
362
563
312
10
621
558
564
362
565
565
10
1133
46
565
362
567
563
10
1179
560
362
569
816
10
1742
618
560
65
878
558
566
618
562
565
10
1390
814
568
618
564
50
10
878
302
561
618
565
67
1134
610
618
567
567
10
1180
560
618
569
318
608
814
565
49
58
561
818
266
1120
302
560
49
58
562
323
1376
611
49
58
564
311
266
864
302
568
49
58
566
308
266
1376
814
563
49
58
568
571
910
560
49
58
569
57
266
609
814
569
49
314
561
566
266
1121
302
566
49
314
563
564
266
609
814
568
49
314
565
50
266
1121
302
568
49
314
567
314
655
560
49
314
568
56
266
1679
568
49
570
560
55
266
866
558
561
49
570
562
565
266
1378
46
565
49
570
564
563
266
866
558
567
49
570
566
315
1122
606
49
570
567
319
1168
566
49
570
569
575
611
302
561
49
826
561
564
266
1123
814
564
49
826
563
50
266
611
302
561
49
826
565
816
266
867
866
49
826
566
568
266
1379
814
564
49
826
568
822
266
1169
565
49
58
560
52
266
868
814
564
49
58
562
818
266
1380
302
562
49
58
563
569
266
612
615
49
58
565
321
1124
558
567
49
58
567
53
266
658
561
49
58
569
818
266
613
302
563
49
314
560
323
869
607
49
314
562
822
266
1381
46
566
49
314
564
316
869
302
560
49
314
565
569
266
1125
814
562
49
314
567
565
266
1427
563
49
314
569
561
266
1732
305
58
560
311
266
865
302
560
305
58
562
51
266
1377
302
562
305
58
563
569
266
609
814
564
305
58
565
309
266
1121
814
568
305
58
567
50
266
655
563
305
58
568
312
266
1423
566
305
314
560
318
866
814
560
305
314
562
561
266
1122
865
305
314
563
567
266
610
302
567
305
314
565
52
266
1122
558
563
305
314
567
304
266
1378
614
305
314
568
55
266
1168
564
305
570
560
573
867
558
564
305
570
562
570
1123
867
305
570
563
568
266
611
558
564
305
570
565
309
266
1123
46
563
305
570
567
563
266
1169
560
305
570
568
54
266
913
569
305
570
569
323
612
613
305
826
561
823
266
1124
558
566
305
826
563
565
266
612
46
565
305
826
565
51
266
1124
558
566
305
826
567
560
266
1380
864
305
826
568
321
914
566
305
826
569
54
266
613
302
562
305
58
561
307
266
1125
558
565
305
58
563
817
266
1381
870
305
58
564
51
266
613
612
305
58
565
576
1125
302
563
305
58
567
573
1171
562
305
58
569
304
266
1483
305
314
560
54
266
870
302
560
305
314
562
51
266
1382
302
566
305
314
563
57
266
614
814
569
305
314
565
309
266
1126
46
565
305
314
567
818
266
916
560
305
314
568
569
266
1684
565
561
58
560
821
266
610
611
561
58
561
52
266
1122
558
562
561
58
562
565
266
1378
46
564
561
58
563
52
266
1378
613
561
58
564
55
266
866
302
563
561
58
565
313
266
1122
814
566
561
58
566
579
1378
814
562
561
58
568
560
266
1424
569
561
58
568
56
266
1424
568
561
314
560
53
266
867
814
563
561
314
562
561
266
1123
814
561
561
314
563
48
266
1379
612
561
314
564
55
266
867
302
564
561
314
566
52
266
1379
558
565
561
314
568
48
266
657
564
561
314
568
578
1681
566
561
570
560
566
266
868
46
568
561
570
562
816
266
1124
814
564
561
570
563
562
266
612
46
563
561
570
564
575
612
865
561
570
565
321
1124
558
569
561
570
566
566
266
1380
46
569
561
570
568
317
1426
563
561
826
560
560
266
613
615
561
826
561
823
266
1125
302
565
561
826
563
317
613
558
560
561
826
565
816
266
869
612
561
826
566
55
266
1381
302
565
561
826
568
820
266
1427
565
561
58
560
561
266
870
46
563
561
58
561
563
266
870
615
561
58
562
309
266
1126
814
568
561
58
563
304
266
1382
814
560
561
58
564
565
266
870
46
565
561
58
566
51
266
1382
558
560
561
58
567
825
266
1476
561
58
569
55
266
615
558
564
561
314
561
565
266
1127
46
561
561
314
563
562
266
615
302
566
561
314
565
304
266
871
612
561
314
566
311
266
1383
302
566
561
314
568
52
266
1429
563
817
58
560
816
266
611
862
817
58
561
55
266
1123
558
560
817
58
563
564
266
611
814
564
817
58
565
562
266
1123
46
565
817
58
566
569
266
1379
613
817
58
568
311
266
1425
568
817
314
560
821
266
868
46
569
817
314
562
819
266
1380
558
566
817
314
564
561
266
868
46
566
817
314
565
569
266
1124
612
817
314
567
823
266
1170
564
817
314
569
565
266
613
814
568
817
570
561
818
266
1125
302
565
817
570
563
560
266
1381
612
817
570
564
55
266
869
558
561
817
570
566
574
1381
814
566
817
570
568
562
266
1171
564
817
570
569
825
266
614
610
817
826
561
567
266
1126
558
564
817
826
563
565
266
614
46
563
817
826
565
819
266
1126
558
561
817
826
567
561
266
660
561
817
826
568
568
266
1684
566
817
58
560
566
266
871
46
568
817
58
562
51
266
1383
302
569
817
58
564
48
266
615
615
817
58
565
55
266
1127
302
569
817
58
567
52
266
1173
565
817
58
569
49
266
1742
817
314
560
568
266
872
814
562
817
314
562
54
266
1384
46
563
817
314
564
563
266
872
558
560
817
314
566
560
266
1128
866
817
314
567
824
266
1430
561
817
314
569
54
266
612
46
565
49
58
561
564
266
1124
814
564
49
58
563
51
266
612
558
568
49
58
565
50
266
1124
558
560
49
58
567
561
266
658
566
49
58
568
320
1426
568
49
314
560
575
869
46
569
49
314
562
563
266
1381
558
568
49
314
564
305
266
869
46
566
49
314
565
313
266
1125
612
49
314
567
311
266
1171
563
49
314
569
53
266
614
46
560
49
570
561
572
1126
302
566
49
570
563
560
266
1382
870
49
570
564
824
266
870
814
568
49
570
566
566
266
1382
302
561
49
570
568
573
1428
566
49
826
560
314
615
814
562
49
826
560
825
266
871
609
49
826
562
320
1383
302
563
49
826
564
50
266
871
558
562
49
826
565
319
1127
46
566
49
826
566
822
266
1127
863
49
826
567
567
266
1173
562
49
826
569
820
266
616
558
560
49
58
561
817
266
872
613
49
58
562
322
1384
814
565
49
58
564
309
266
872
814
566
49
58
566
51
266
1128
606
49
58
568
49
266
918
560
49
58
569
57
266
617
558
560
49
314
561
822
266
1129
302
560
49
314
562
823
266
1385
814
568
49
314
564
562
266
873
302
564
49
314
565
310
266
1129
46
562
49
314
566
578
1385
814
567
49
314
568
566
266
1175
564
305
58
560
571
613
46
561
305
58
561
561
266
869
302
565
305
58
562
570
1125
870
305
58
563
312
266
613
558
568
305
58
565
53
266
1125
302
563
305
58
566
573
1381
558
563
305
58
567
312
266
659
568
305
58
568
309
266
1477
305
58
569
567
266
614
302
569
305
314
561
820
266
870
610
305
314
562
306
266
1382
302
560
305
314
563
57
266
614
814
568
305
314
565
819
266
870
558
563
305
314
566
820
266
1382
814
560
305
314
568
561
266
916
563
305
314
569
57
266
615
814
569
305
570
561
576
1127
558
560
305
570
563
318
615
814
565
305
570
565
562
266
1127
302
568
305
570
567
570
661
562
305
570
568
578
1478
305
826
560
320
872
558
561
305
826
561
824
266
1128
46
564
305
826
563
563
266
1384
302
568
305
826
564
562
266
872
46
561
305
826
565
565
266
1128
606
305
826
567
563
266
918
566
305
826
569
563
266
617
558
569
305
58
561
561
266
1129
46
560
305
58
562
312
266
1385
814
561
305
58
564
565
266
617
614
305
58
565
564
266
1129
558
568
305
58
566
565
266
1385
302
564
305
58
567
579
1229
305
58
569
567
266
618
302
567
305
314
561
820
266
1130
558
569
305
314
562
574
1386
302
563
305
314
563
579
618
558
560
305
314
564
565
266
618
610
305
314
565
576
1130
302
563
305
314
567
819
266
1176
561
305
314
569
560
266
1432
564
305
314
569
322
614
814
564
561
58
561
563
266
870
302
568
561
58
562
573
1382
558
564
561
58
564
49
266
614
868
561
58
565
568
266
1126
814
560
561
58
566
569
266
1382
302
567
561
58
568
52
266
1428
566
561
314
560
561
266
871
46
564
561
314
561
569
266
1127
609
561
314
563
567
266
615
558
561
561
314
565
309
266
1127
46
563
561
314
567
51
266
1173
563
561
314
569
305
266
616
46
564
561
570
560
569
266
872
614
561
570
562
321
1384
814
560
561
570
564
310
266
872
302
562
561
570
566
564
266
1384
814
563
561
570
567
313
266
1228
561
570
569
568
266
617
814
560
561
826
561
310
266
1129
46
567
561
826
563
317
617
558
568
561
826
565
561
266
1129
46
562
561
826
566
57
266
1385
814
567
561
826
568
310
266
1175
561
561
58
560
563
266
874
558
563
561
58
562
49
266
1130
868
561
58
563
568
266
618
558
569
561
58
565
53
266
1130
46
560
561
58
567
306
266
920
560
561
58
568
313
266
1688
569
561
314
560
54
266
875
302
560
561
314
562
317
1387
558
566
561
314
564
817
266
875
302
560
561
314
565
825
266
1131
865
561
314
567
312
266
1433
568
561
314
569
320
615
558
563
817
58
561
821
266
1127
302
560
817
58
563
820
266
615
814
568
817
58
565
819
266
1127
302
569
817
58
567
49
266
661
564
817
58
568
323
1484
817
314
560
56
266
872
814
563
817
314
562
566
266
1384
302
569
817
314
564
53
266
872
46
560
817
314
566
817
266
1384
814
561
817
314
568
562
266
1174
562
817
570
560
49
266
873
46
564
817
570
561
569
266
1129
862
817
570
563
824
266
617
814
567
817
570
565
55
266
1129
558
564
817
570
567
319
919
560
817
570
569
52
266
618
814
566
817
826
561
49
266
1130
558
565
817
826
563
571
618
302
565
817
826
565
560
266
1130
46
562
817
826
566
313
266
1386
863
817
826
568
824
266
1484
817
58
560
577
875
814
567
817
58
562
567
266
1387
302
568
817
58
564
309
266
875
46
569
817
58
566
308
266
1387
814
567
817
58
568
51
266
1689
560
817
314
560
50
266
876
558
560
817
314
562
49
266
1388
46
569
817
314
563
569
266
620
864
817
314
565
568
266
1132
606
817
314
567
55
266
1178
567
817
314
569
310
266
616
302
564
107
561
564
266
1128
814
568
107
563
563
266
616
558
566
107
565
560
266
1128
46
562
107
566
323
1384
864
107
568
577
1686
565
363
560
822
266
873
558
560
363
562
308
266
1385
46
560
363
564
307
266
873
558
562
363
566
314
1385
46
563
363
567
569
266
1232
363
569
321
618
814
562
619
561
310
266
1130
302
565
619
563
317
618
814
562
619
565
306
266
1130
302
566
619
567
816
266
1386
869
619
568
578
1688
569
875
560
320
875
302
569
875
562
318
1387
814
566
875
564
818
266
875
302
563
875
566
48
266
1131
865
875
567
56
266
1177
567
875
569
319
620
46
567
107
561
819
266
1132
558
566
107
563
49
266
620
46
563
107
564
823
266
876
814
568
107
566
55
266
1388
302
568
107
568
564
266
1690
564
363
560
50
266
877
302
564
363
562
560
266
1133
864
363
563
322
621
814
565
363
565
566
266
1133
302
568
363
567
53
266
667
561
363
569
563
266
617
558
563
363
561
561
266
1129
46
564
363
562
313
266
1385
814
560
363
564
321
873
558
568
363
566
310
266
1385
302
564
363
568
820
266
1687
568
619
560
51
266
874
558
564
619
562
315
1386
302
562
619
564
560
266
618
867
619
565
57
266
1130
610
619
567
567
266
1176
563
619
569
821
266
619
46
567
875
561
317
1131
558
562
875
563
315
619
46
566
875
565
48
266
875
862
875
566
312
266
1387
814
563
875
568
54
266
1177
565
1131
560
820
266
876
46
560
1131
562
563
266
1388
558
563
1131
564
49
266
876
46
564
1131
565
57
266
1132
609
1131
567
567
266
1178
562
1131
569
53
266
621
46
560
363
561
572
1133
302
568
363
562
574
1389
46
568
363
564
560
266
621
868
363
565
313
266
1133
612
363
567
568
266
1435
566
363
568
823
266
1435
568
619
560
565
266
878
302
563
619
562
318
1390
46
563
619
564
563
266
878
558
566
619
566
562
266
1390
302
567
619
568
305
266
1484
619
569
825
522
608
613
50
58
561
55
522
1120
558
565
50
58
563
565
522
608
46
569
50
58
565
564
522
1120
814
565
50
58
567
306
522
654
560
50
58
568
579
1678
568
50
314
560
310
522
865
558
567
50
314
562
831
1377
46
564
50
314
564
51
522
609
558
568
50
314
565
49
522
865
869
50
314
566
312
522
1377
558
563
50
314
568
564
522
1423
568
50
570
560
561
522
610
868
50
570
561
312
522
1122
558
565
50
570
563
53
522
610
814
566
50
570
565
560
522
866
46
564
50
570
566
49
522
1122
869
50
570
567
824
522
1168
568
50
570
568
55
522
1168
567
50
826
560
564
522
867
558
566
50
826
562
49
522
1123
865
50
826
563
311
522
611
302
567
50
826
565
829
1123
558
561
50
826
567
816
522
1379
613
50
826
568
55
522
1169
563
50
58
560
819
522
868
558
562
50
58
562
570
1124
866
50
58
563
568
522
612
814
560
50
58
565
564
522
1124
46
564
50
58
567
818
522
1170
560
50
58
569
560
522
1731
50
314
560
567
522
869
558
560
50
314
562
52
522
1381
558
569
50
314
564
817
522
613
869
50
314
565
56
522
1125
558
562
50
314
567
308
522
1171
568
50
314
569
561
522
1740
306
58
560
312
522
865
814
561
306
58
562
565
522
1377
46
562
306
58
564
572
865
302
564
306
58
566
48
522
1121
614
306
58
567
311
522
1167
562
306
58
569
830
610
814
565
306
314
561
818
522
1122
302
561
306
314
562
835
1378
612
306
314
564
823
522
866
558
560
306
314
566
820
522
1378
814
563
306
314
568
306
522
912
568
306
314
569
825
522
611
611
306
570
561
823
522
1123
558
562
306
570
563
309
522
611
46
560
306
570
565
818
522
1123
302
564
306
570
567
48
522
1379
611
306
570
568
567
522
1169
567
306
826
560
564
522
868
558
568
306
826
562
561
522
1380
46
565
306
826
563
57
522
612
610
306
826
565
567
522
1124
558
568
306
826
567
54
522
914
561
306
826
569
820
522
613
814
562
306
58
561
306
522
869
614
306
58
562
57
522
1381
615
306
58
564
833
869
814
562
306
58
566
566
522
1381
302
567
306
58
568
565
522
915
564
306
314
560
307
522
870
558
564
306
314
562
827
1382
302
560
306
314
564
48
522
614
863
306
314
565
824
522
1126
814
563
306
314
567
54
522
916
562
306
314
569
52
522
610
558
568
562
58
561
561
522
1122
46
564
562
58
562
569
522
1378
606
562
58
564
576
866
302
565
562
58
566
52
522
1378
814
562
562
58
568
50
522
1168
565
562
314
560
560
522
611
868
562
314
561
312
522
1123
814
567
562
314
563
576
611
558
560
562
314
565
309
522
1123
46
561
562
314
567
51
522
1169
566
562
314
569
817
522
612
46
568
562
570
560
579
868
862
562
570
562
312
522
1380
814
560
562
570
564
566
522
868
302
560
562
570
566
820
522
1380
814
565
562
570
568
562
522
1170
567
562
826
560
48
522
613
871
562
826
561
312
522
1125
814
567
562
826
563
576
613
302
566
562
826
565
564
522
1125
558
567
562
826
567
305
522
1381
866
562
826
568
823
522
1427
560
562
58
560
564
522
870
558
564
562
58
562
560
522
1126
614
562
58
563
832
614
302
563
562
58
565
307
522
1126
302
567
562
58
567
304
522
1382
610
562
58
568
822
522
1172
560
562
314
560
563
522
871
302
564
562
314
561
313
522
1127
814
568
562
314
563
307
522
615
558
564
562
314
564
52
522
871
558
564
562
314
565
56
522
1127
46
566
562
314
566
834
1383
814
560
562
314
568
821
522
917
560
818
58
560
306
522
867
302
563
818
58
562
48
522
1123
865
818
58
563
568
522
611
558
568
818
58
565
830
1123
46
562
818
58
567
819
522
1169
564
818
58
569
826
1738
818
314
560
824
522
868
814
565
818
314
562
54
522
1380
302
562
818
314
564
829
868
558
566
818
314
566
49
522
1380
46
562
818
314
567
834
1426
565
818
314
569
566
522
613
46
568
818
570
561
51
522
1125
558
560
818
570
563
816
522
1381
866
818
570
564
568
522
869
814
563
818
570
566
307
522
1381
814
562
818
570
568
818
522
1171
563
818
826
560
560
522
614
863
818
826
561
565
522
1126
46
560
818
826
563
51
522
614
558
562
818
826
565
826
870
869
818
826
566
568
522
1382
814
565
818
826
568
566
522
1172
566
818
58
560
564
522
871
814
566
818
58
562
572
1383
302
569
818
58
564
826
871
46
560
818
58
565
566
522
1127
46
569
818
58
567
830
1429
569
818
58
569
828
616
558
560
818
314
560
568
522
872
814
568
818
314
562
576
1384
302
568
818
314
564
574
616
814
566
818
314
565
52
522
1128
558
569
818
314
567
561
522
662
568
818
314
569
570
612
46
560
50
58
560
57
522
868
613
50
58
562
312
522
1380
814
567
50
58
564
567
522
868
558
563
50
58
566
565
522
1380
302
560
50
58
568
564
522
1682
565
50
314
560
572
869
558
561
50
314
562
49
522
1381
46
568
50
314
564
560
522
613
868
50
314
565
57
522
1125
609
50
314
567
311
522
1427
560
50
314
569
566
522
614
558
561
50
570
561
821
522
1126
302
561
50
570
563
308
522
614
46
563
50
570
564
573
870
814
561
50
570
566
306
522
1126
614
50
570
567
834
1428
569
50
570
569
307
522
1684
562
50
826
560
831
871
46
568
50
826
562
819
522
1383
558
566
50
826
564
49
522
871
46
564
50
826
565
825
522
1127
611
50
826
567
311
522
917
569
50
826
568
566
522
1173
566
50
58
560
564
522
872
814
567
50
58
562
572
1128
302
560
50
58
562
825
522
1384
302
569
50
58
564
560
522
616
866
50
58
565
312
522
1128
814
560
50
58
567
575
662
568
50
58
569
307
522
617
558
566
50
314
561
817
522
1129
46
567
50
314
562
579
1385
612
50
314
564
567
522
873
558
567
50
314
566
821
522
1385
46
568
50
314
568
573
1431
568
306
58
560
827
869
302
560
306
58
562
304
522
1125
615
306
58
563
56
522
613
814
561
306
58
565
566
522
1125
302
562
306
58
567
308
522
1171
569
306
58
569
817
522
614
46
566
306
314
560
825
522
870
607
306
314
562
576
1382
302
565
306
314
564
564
522
870
558
568
306
314
566
561
522
1382
46
565
306
314
567
313
522
1226
306
314
569
567
522
615
558
566
306
570
561
821
522
1127
46
567
306
570
563
307
522
615
558
563
306
570
565
826
871
866
306
570
566
56
522
1383
558
564
306
570
568
562
522
1173
568
306
826
560
48
522
616
614
306
826
561
567
522
1128
302
566
306
826
563
52
522
616
558
565
306
826
565
49
522
872
868
306
826
566
312
522
1384
558
565
306
826
568
53
522
1686
564
306
58
560
50
522
873
46
564
306
58
561
824
522
1129
814
561
306
58
563
53
522
617
814
568
306
58
565
50
522
1129
46
562
306
58
566
568
522
1385
558
564
306
58
568
52
522
1431
566
306
314
560
816
522
618
613
306
314
561
576
1130
46
568
306
314
563
51
522
618
302
561
306
314
564
57
522
874
814
566
306
314
566
831
1386
46
561
306
314
568
50
522
664
564
306
314
569
574
1432
569
562
58
560
567
522
870
302
564
562
58
562
563
522
1382
558
560
562
58
564
816
522
614
615
562
58
565
823
522
1126
558
564
562
58
567
565
522
660
563
562
58
569
563
522
615
558
563
562
314
561
561
522
1127
46
566
562
314
562
569
522
1383
609
562
314
564
55
522
871
558
566
562
314
566
821
522
1383
46
568
562
314
568
573
1685
560
562
570
560
50
522
872
302
560
562
570
562
48
522
1128
613
562
570
563
311
522
616
558
565
562
570
565
821
522
1128
46
565
562
570
567
819
522
1430
560
562
570
569
818
522
617
302
566
562
826
560
578
873
46
566
562
826
561
567
522
1129
46
567
562
826
562
835
1385
868
562
826
564
825
522
873
615
562
826
566
312
522
1385
814
569
562
826
568
55
522
1431
569
562
58
560
54
522
874
302
568
562
58
562
305
522
1130
302
561
562
58
563
564
522
618
46
561
562
58
565
563
522
1130
558
569
562
58
567
818
522
920
568
562
58
569
561
522
619
46
567
562
314
561
48
522
875
864
562
314
562
56
522
1387
814
566
562
314
564
576
875
558
561
562
314
566
565
522
1387
46
566
562
314
568
573
1689
561
818
58
560
50
522
871
302
568
818
58
562
561
522
1383
46
568
818
58
564
48
522
615
865
818
58
565
312
522
1127
814
569
818
58
567
567
522
1173
564
818
58
569
565
522
616
302
560
818
314
561
564
522
1128
814
566
818
314
563
572
616
558
560
818
314
565
49
522
1128
46
566
818
314
566
579
1384
865
818
314
568
56
522
1478
818
570
560
823
522
873
558
567
818
570
562
54
522
1385
302
564
818
570
564
309
522
873
46
565
818
570
566
308
522
1385
814
564
818
570
568
306
522
1175
569
818
826
560
561
522
618
814
560
818
826
561
816
522
874
868
818
826
562
311
522
1386
607
818
826
564
55
522
874
814
562
818
826
565
576
1130
302
569
818
826
567
574
664
561
818
826
569
51
522
619
558
564
818
58
561
817
522
1131
302
560
818
58
563
560
522
1387
867
818
58
564
578
875
610
818
58
566
312
522
1387
814
566
818
58
568
823
522
1433
566
818
314
560
54
522
876
302
563
818
314
562
564
522
1388
46
560
818
314
563
54
522
620
814
561
818
314
565
306
522
1132
558
560
818
314
567
49
522
666
568
818
314
568
579
1741
108
560
568
522
872
814
568
108
562
311
522
1384
558
562
108
564
53
522
872
46
566
108
566
307
522
1384
558
564
108
568
561
522
918
561
108
569
578
617
814
566
364
561
54
522
1129
302
563
364
563
308
522
617
814
564
364
565
562
522
1129
302
566
364
567
48
522
1385
871
364
568
313
522
1482
620
560
311
522
874
558
569
620
562
54
522
1386
302
567
620
564
821
522
874
46
568
620
566
52
522
1386
814
569
620
568
307
522
1688
562
876
560
572
875
558
566
876
561
578
1131
558
562
876
563
571
619
302
566
876
565
49
522
1131
46
567
876
567
560
522
1387
871
876
568
569
522
1177
564
876
569
569
522
620
612
108
561
308
522
876
558
566
108
562
567
522
1388
814
562
108
564
54
522
876
558
561
108
566
565
522
1388
302
562
108
568
564
522
1690
