48
58
560
304
10
1120
610
48
58
563
52
10
608
302
562
48
58
564
311
10
864
814
568
48
58
565
566
10
1120
46
562
48
58
566
822
10
1376
558
566
48
58
567
57
10
910
564
48
58
569
59
1166
562
48
314
560
316
865
302
560
48
314
561
311
10
1121
46
562
48
314
562
824
10
1377
558
568
48
314
564
307
10
609
302
567
48
314
564
313
10
865
558
560
48
314
566
562
10
1121
612
48
314
567
53
10
911
563
48
314
568
567
10
1679
569
48
314
569
569
10
610
558
564
48
570
561
562
10
866
814
565
48
570
562
821
10
1378
302
566
48
570
563
320
610
302
565
48
570
565
560
10
866
558
568
48
570
566
563
10
1122
868
48
570
567
54
10
1168
564
48
570
568
66
1168
561
48
826
560
304
10
611
606
48
826
561
820
10
1123
46
567
48
826
562
311
10
1379
814
565
48
826
563
323
611
558
563
48
826
565
49
10
867
863
48
826
566
565
10
1379
302
569
48
826
567
824
10
657
566
48
826
569
305
10
1681
564
48
58
560
61
868
46
562
48
58
561
566
10
1380
558
565
48
58
564
322
1380
302
566
48
58
568
568
10
1682
566
48
314
560
561
10
613
814
567
48
314
561
59
1125
302
563
48
314
562
65
1381
558
565
48
314
563
54
10
1381
611
48
314
564
58
613
814
562
48
314
565
51
10
869
302
567
48
314
567
311
10
915
568
48
314
569
562
10
609
558
561
304
58
560
308
10
865
302
560
304
58
562
564
10
1377
46
565
304
58
563
562
10
1377
302
560
304
58
564
51
10
609
814
566
304
58
565
565
10
865
814
568
304
58
566
59
1121
558
567
304
58
567
49
10
1377
46
562
304
58
567
310
10
655
564
304
58
568
52
10
1423
563
304
58
569
53
10
1679
566
304
314
560
309
10
866
302
562
304
314
561
311
10
1122
814
568
304
314
562
569
10
1378
814
565
304
314
563
54
10
610
558
568
304
314
564
825
10
866
302
568
304
314
566
818
10
1122
614
304
314
567
821
10
912
568
304
314
568
824
10
912
568
304
570
560
817
10
611
814
568
304
570
561
820
10
1123
46
568
304
570
562
823
10
1379
814
568
304
570
564
816
10
611
558
568
304
570
565
819
10
867
869
304
570
566
566
10
1379
558
566
304
570
567
322
913
562
304
570
569
561
10
1473
304
826
560
820
10
868
46
566
304
826
561
320
1124
814
562
304
826
562
313
10
1380
302
569
304
826
564
818
10
612
613
304
826
565
53
10
1124
302
564
304
826
566
65
1380
46
561
304
826
568
48
10
1170
566
304
826
569
316
1731
304
58
560
564
10
613
870
304
58
561
564
10
1125
46
563
304
58
562
64
1381
46
560
304
58
563
50
10
1381
302
566
304
58
564
818
10
613
814
568
304
58
565
55
10
1125
46
567
304
58
566
820
10
1381
814
562
304
58
567
823
10
915
567
304
58
569
315
1683
568
304
314
560
52
10
614
814
563
304
314
561
816
10
870
46
568
304
314
562
563
10
1126
863
304
314
563
565
10
614
558
562
304
314
564
568
10
870
558
562
304
314
566
817
10
1126
814
567
304
314
567
304
10
1382
46
562
304
314
568
58
1428
564
304
314
569
52
10
610
46
566
560
58
560
567
10
866
814
569
560
58
562
560
10
1122
814
564
560
58
563
52
10
610
46
568
560
58
564
64
866
46
561
560
58
566
48
10
1122
814
564
560
58
567
308
10
656
568
560
58
568
311
10
912
562
560
314
560
314
611
814
566
560
314
561
52
10
867
814
561
560
314
561
825
10
1123
814
566
560
314
563
316
611
302
560
560
314
564
563
10
611
814
566
560
314
565
820
10
1123
302
560
560
314
566
567
10
1379
46
562
560
314
568
58
1169
560
560
314
569
317
612
46
564
560
570
560
64
868
814
564
560
570
561
67
1124
558
562
560
570
562
824
10
1380
558
566
560
570
563
57
10
612
302
563
560
570
565
817
10
868
814
561
560
570
566
564
10
1380
302
560
560
570
567
311
10
1426
569
560
570
569
48
10
1426
568
560
826
560
315
613
868
560
826
561
319
1125
302
564
560
826
562
66
1381
302
562
560
826
564
561
10
613
606
560
826
565
52
10
1125
46
568
560
826
566
567
10
1381
814
568
560
826
568
304
10
1171
565
560
826
569
51
10
1736
560
58
560
319
870
558
566
560
58
561
311
10
1126
46
565
560
58
563
561
10
1382
814
560
560
58
564
820
10
614
869
560
58
565
566
10
1126
558
569
560
58
566
821
10
1382
302
562
560
58
568
817
10
916
565
560
58
569
307
10
1735
560
314
560
313
10
871
302
560
560
314
562
315
1127
558
564
560
314
563
309
10
615
46
564
560
314
564
56
10
871
558
565
560
314
566
323
1429
568
560
314
568
567
10
1485
816
58
560
567
10
867
46
567
816
58
561
819
10
867
869
816
58
562
60
1123
302
566
816
58
563
817
10
1379
814
567
816
58
563
823
10
611
558
569
816
58
564
54
10
611
870
816
58
565
63
1123
46
568
816
58
566
321
1379
814
569
816
58
568
48
10
1425
560
816
58
569
312
10
612
46
566
816
314
560
52
10
612
558
562
816
314
561
48
10
868
558
561
816
314
562
562
10
1124
558
562
816
314
563
563
10
612
302
560
816
314
564
311
10
868
814
564
816
314
565
569
10
1124
46
561
816
314
567
817
10
1380
607
816
314
568
564
10
1170
562
816
314
568
313
10
1170
569
816
570
560
818
10
613
606
816
570
561
819
10
869
870
816
570
562
309
10
1381
558
562
816
570
563
322
613
302
564
816
570
565
305
10
869
46
560
816
570
565
567
10
1125
558
562
816
570
566
56
10
1381
302
568
816
570
568
817
10
1427
569
816
570
569
52
10
1739
816
826
560
54
10
870
302
568
816
826
561
568
10
1126
46
562
816
826
563
560
10
1382
302
560
816
826
564
562
10
614
608
816
826
565
564
10
870
609
816
826
566
562
10
1126
558
560
816
826
567
54
10
1172
567
816
58
560
817
10
615
814
560
816
58
560
57
10
871
302
562
816
58
562
563
10
1127
613
816
58
563
307
10
615
302
566
816
58
564
53
10
615
870
816
58
566
308
10
1127
558
566
816
58
567
48
10
661
563
816
58
569
560
10
1173
567
816
314
561
565
10
1128
302
569
816
314
563
52
10
1384
870
816
314
564
820
10
616
814
569
816
314
565
561
10
1128
814
562
816
314
566
567
10
1384
302
562
816
314
567
53
10
1384
608
816
314
568
48
10
1430
567
816
314
569
315
1686
564
48
58
560
819
10
868
46
562
48
58
562
59
1124
558
563
48
58
563
562
10
1380
867
48
58
564
565
10
868
302
560
48
58
565
567
10
1124
814
561
48
58
566
57
10
1380
46
568
48
58
568
816
10
1170
566
48
58
569
50
10
1476
48
314
560
307
10
613
871
48
314
561
821
10
1125
302
564
48
314
562
567
10
1381
814
560
48
314
563
66
613
46
566
48
314
565
816
10
869
558
562
48
314
565
312
10
1125
558
560
48
314
566
567
10
1381
814
566
48
314
567
822
10
915
562
48
314
568
67
1427
568
48
570
560
48
10
614
610
48
570
561
820
10
1126
46
562
48
570
562
54
10
1382
302
569
48
570
563
567
10
614
558
569
48
570
564
313
10
870
46
569
48
570
566
817
10
1126
814
561
48
570
567
307
10
1382
862
48
570
568
308
10
1428
561
48
570
569
816
10
1428
568
48
570
569
822
10
615
46
561
48
826
560
56
10
871
46
569
48
826
561
820
10
871
558
564
48
826
561
66
1127
558
560
48
826
563
59
1383
814
563
48
826
564
51
10
615
814
560
48
826
564
569
10
871
46
562
48
826
566
58
1127
558
566
48
826
567
304
10
1383
607
48
826
568
61
1226
48
826
569
53
10
616
302
562
48
58
560
565
10
872
558
567
48
58
561
312
10
1128
302
568
48
58
562
820
10
1384
46
561
48
58
563
319
616
302
567
48
58
564
311
10
872
302
560
48
58
565
51
10
872
558
568
48
58
565
313
10
1128
46
569
48
58
567
816
10
1384
302
568
48
58
568
304
10
1224
48
58
569
317
1742
48
314
560
821
10
617
610
48
314
561
561
10
873
558
567
48
314
562
563
10
1129
865
48
314
563
53
10
617
302
564
48
314
564
823
10
873
558
567
48
314
565
323
1129
558
560
48
314
567
562
10
1385
606
48
314
568
820
10
919
564
48
314
569
310
10
613
558
564
304
58
560
66
869
302
560
304
58
562
817
10
1125
814
566
304
58
563
61
613
46
561
304
58
564
566
10
869
558
565
304
58
565
824
10
1125
46
569
304
58
567
305
10
1381
814
564
304
58
568
563
10
1483
304
58
569
54
10
614
558
564
304
314
560
568
10
870
46
568
304
314
562
305
10
1126
814
564
304
314
563
563
10
1382
869
304
314
564
319
870
558
561
304
314
565
824
10
1126
46
564
304
314
566
313
10
1382
558
561
304
314
568
60
1172
568
304
314
569
321
615
46
569
304
570
561
321
1127
46
569
304
570
562
307
10
1127
610
304
570
564
560
10
871
864
304
570
567
819
10
1383
814
562
304
570
567
57
10
1173
567
304
570
568
53
10
1478
304
826
561
311
10
1128
558
567
304
826
562
64
1128
866
304
826
563
319
616
302
568
304
826
564
565
10
616
870
304
826
566
565
10
1128
866
304
826
567
63
1174
567
304
826
568
310
10
918
561
304
826
569
818
10
1174
565
304
58
560
561
10
617
611
304
58
561
564
10
1129
46
567
304
58
562
320
1385
558
561
304
58
563
825
10
617
302
565
304
58
565
49
10
873
814
569
304
58
566
308
10
1385
46
563
304
58
567
821
10
1175
568
304
58
568
57
10
1175
562
304
314
560
49
10
618
814
566
304
314
561
51
10
1130
46
560
304
314
562
54
10
1386
302
564
304
314
563
56
10
618
46
565
304
314
565
560
10
874
558
566
304
314
566
562
10
1130
612
304
314
567
51
10
664
566
304
314
568
822
10
1432
567
304
314
569
824
10
614
46
566
560
58
561
304
10
870
558
568
560
58
561
54
10
1126
558
563
560
58
562
320
1382
46
560
560
58
563
67
614
302
567
560
58
565
561
10
1126
46
567
560
58
566
563
10
1126
608
560
58
569
562
10
1172
565
560
314
560
61
871
302
560
560
314
561
64
1127
558
563
560
314
562
57
10
1383
814
564
560
314
564
565
10
871
46
569
560
314
565
320
1127
611
560
314
567
314
1383
46
561
560
314
567
310
10
1383
613
560
314
568
55
10
1685
569
560
314
569
822
10
616
558
560
560
570
560
568
10
872
558
560
560
570
561
566
10
872
869
560
570
562
562
10
1128
814
562
560
570
563
563
10
616
558
564
560
570
565
59
872
608
560
570
566
308
10
1128
871
560
570
567
565
10
662
569
560
570
568
320
1174
566
560
570
569
57
10
617
814
566
560
826
560
55
10
617
862
560
826
561
566
10
1129
46
567
560
826
562
62
1385
46
562
560
826
563
320
617
814
568
560
826
565
304
10
873
46
566
560
826
565
323
1129
814
560
560
826
566
310
10
1385
46
564
560
826
567
64
1385
862
560
826
568
308
10
1487
560
826
569
567
10
1736
560
58
560
312
10
874
46
560
560
58
561
54
10
1130
46
563
560
58
563
304
10
1386
610
560
58
564
306
10
618
302
566
560
58
565
819
10
874
302
565
560
58
565
322
1130
46
564
560
58
567
48
10
1386
46
567
560
58
568
817
10
1432
568
560
58
569
306
10
1432
569
560
314
560
61
619
867
560
314
561
565
10
1131
302
562
560
314
562
311
10
1387
814
560
560
314
563
57
10
619
46
569
560
314
565
314
875
558
568
560
314
566
60
1131
613
560
314
567
563
10
1387
863
560
314
569
56
10
871
558
562
816
58
561
821
10
871
614
816
58
562
305
10
1127
302
564
816
58
563
49
10
1383
814
569
816
58
564
61
871
46
565
816
58
566
58
1383
302
567
816
58
567
823
10
1429
564
816
58
568
313
10
1685
560
816
58
569
55
10
616
46
565
816
314
560
566
10
616
867
816
314
561
54
10
1128
302
567
816
314
562
311
10
1384
46
567
816
314
563
313
10
616
46
567
816
314
565
315
872
46
561
816
314
566
50
10
1128
558
569
816
314
567
563
10
662
567
816
314
569
54
10
617
814
567
816
570
560
569
10
873
302
565
816
570
562
817
10
1129
814
562
816
570
563
563
10
1385
864
816
570
564
565
10
873
302
562
816
570
565
567
10
1129
558
566
816
570
566
57
10
1385
46
568
816
570
568
816
10
1175
565
816
570
569
562
10
1479
816
826
560
819
10
618
866
816
826
561
563
10
1130
46
568
816
826
562
310
10
1386
558
561
816
826
563
823
10
618
814
564
816
826
564
313
10
874
46
568
816
826
566
566
10
1386
302
569
816
826
567
311
10
664
562
816
826
568
66
920
564
816
826
569
67
619
302
566
816
58
561
817
10
875
302
569
816
58
562
59
1131
606
816
58
563
563
10
1387
558
560
816
58
564
820
10
875
46
563
816
58
565
63
875
814
568
816
58
566
817
10
1131
558
568
816
58
567
818
10
1387
814
568
816
58
568
819
10
1233
816
58
569
564
10
1744
816
314
560
565
10
876
46
567
816
314
561
566
10
1132
302
568
816
314
562
55
10
1388
814
560
816
314
563
66
620
46
565
816
314
565
560
10
876
302
569
816
314
566
561
10
1132
814
564
816
314
567
563
10
1388
862
816
314
568
820
10
1483
816
314
569
822
10
616
558
560
106
560
65
872
558
562
106
561
313
10
1128
46
568
106
563
48
10
1384
558
560
106
564
817
10
616
814
563
106
565
51
10
872
613
106
566
52
10
1384
46
562
106
567
54
10
918
568
106
568
311
10
1686
563
106
569
313
10
617
46
569
362
561
816
10
873
558
564
362
562
306
10
1129
46
569
362
562
312
10
1385
46
561
362
564
48
10
617
46
569
362
565
315
873
814
568
362
566
819
10
1129
867
362
567
565
10
919
560
362
568
822
10
1431
564
362
569
312
10
618
814
567
618
560
57
10
874
302
560
618
562
560
10
1130
558
562
618
563
315
1386
814
566
618
564
819
10
618
814
569
618
565
820
10
1130
46
564
618
566
310
10
1386
302
568
618
567
567
10
1432
562
618
568
57
10
920
569
874
560
560
10
619
558
564
874
561
562
10
875
607
874
562
61
1131
869
874
563
309
10
619
302
564
874
564
567
10
875
814
561
874
565
322
1131
558
564
874
567
54
10
1177
560
874
568
823
10
1433
560
106
560
820
10
620
869
106
561
50
10
876
558
560
106
562
48
10
1132
814
563
106
563
51
10
1388
46
569
106
563
568
10
620
558
564
106
564
67
876
302
565
106
566
49
10
1132
302
562
106
567
306
10
1388
814
560
106
568
819
10
922
567
106
568
57
10
922
564
362
560
48
10
621
302
565
362
560
567
10
877
302
561
362
561
565
10
1133
558
562
362
562
65
1389
814
564
362
563
567
10
621
46
567
362
565
48
10
877
558
561
362
566
59
1133
814
565
362
567
563
10
1389
615
362
568
564
10
923
563
362
569
54
10
617
302
566
362
560
823
10
873
558
569
362
561
568
10
1129
46
562
362
562
67
1385
302
565
362
564
305
10
617
558
567
362
565
58
873
814
569
362
566
66
1385
46
566
362
568
304
10
919
566
362
569
561
10
1175
561
618
560
562
10
618
46
562
618
560
567
10
874
814
561
618
561
56
10
1130
46
560
618
562
313
10
1386
46
569
618
564
816
10
618
302
568
618
565
561
10
874
558
566
618
566
50
10
1130
814
564
618
567
60
1386
608
618
568
819
10
1229
618
569
308
10
1745
874
560
821
10
875
46
567
874
561
310
10
875
869
874
562
320
1387
558
563
874
563
823
10
619
814
561
874
564
312
10
875
46
560
874
565
57
10
1131
46
569
874
567
48
10
1387
558
560
874
568
305
10
1433
561
874
569
818
10
1483
1130
560
61
620
868
1130
561
53
10
1132
46
566
1130
562
566
10
1388
302
568
1130
563
55
10
620
558
569
1130
564
312
10
876
46
560
1130
565
569
10
1132
302
563
1130
567
58
1388
558
564
1130
568
50
10
1434
567
1130
569
563
10
1491
362
560
308
10
877
46
562
362
561
319
1133
302
566
362
562
823
10
1389
814
560
362
563
66
621
46
568
362
565
816
10
877
558
565
362
566
50
10
1133
610
362
567
52
10
667
564
362
568
52
10
1179
562
362
569
56
10
622
814
569
618
560
67
878
302
566
618
562
49
10
1134
814
562
618
563
51
10
1390
614
618
564
50
10
622
46
566
618
565
816
10
878
558
560
618
566
817
10
1134
814
564
618
567
307
10
1390
614
618
568
306
10
924
562
618
569
575
608
302
566
49
58
560
55
266
864
814
561
49
58
561
322
1120
46
564
49
58
562
310
266
1376
302
568
49
58
564
49
266
608
814
561
49
58
565
818
266
864
609
49
58
566
52
266
1120
868
49
58
567
565
266
654
569
49
58
568
566
266
1422
562
49
58
569
56
266
609
814
566
49
314
560
57
266
865
302
561
49
314
561
577
1121
46
568
49
314
562
310
266
1377
558
562
49
314
563
321
609
814
565
49
314
564
569
266
865
46
562
49
314
566
560
266
1121
558
562
49
314
567
315
1377
814
565
49
314
568
307
266
1222
49
314
569
820
266
1735
49
570
560
53
266
866
302
560
49
570
561
310
266
1122
558
561
49
570
562
567
266
1378
814
562
49
570
563
824
266
610
46
562
49
570
564
569
266
866
302
561
49
570
566
560
266
1122
558
561
49
570
567
561
266
1378
814
560
49
570
568
50
266
1424
569
49
570
569
51
266
1481
49
826
560
52
266
867
46
560
49
826
561
307
266
867
302
566
49
826
562
561
266
1123
558
567
49
826
563
818
266
1379
814
568
49
826
564
573
611
869
49
826
565
53
266
1123
302
562
49
826
566
320
1379
558
565
49
826
567
824
266
657
560
49
826
568
825
266
1425
568
49
826
569
53
266
612
302
562
49
58
560
55
266
612
865
49
58
561
316
868
612
49
58
562
52
266
1380
46
563
49
58
563
310
266
612
302
569
49
58
564
321
868
814
566
49
58
565
313
266
1124
302
563
49
58
567
305
266
1380
814
560
49
58
568
51
266
1226
49
58
569
820
266
613
46
566
49
314
560
310
266
869
558
565
49
314
561
824
266
1125
46
563
49
314
563
816
266
1381
558
563
49
314
564
562
266
613
608
49
314
565
308
266
1125
46
560
49
314
566
54
266
1381
558
560
49
314
567
56
266
659
560
49
314
569
304
266
1427
561
305
58
560
562
266
609
608
305
58
561
564
266
1121
46
562
305
58
562
566
266
1377
558
562
305
58
563
568
266
609
46
562
305
58
565
560
266
865
558
563
305
58
566
818
266
1121
608
305
58
567
52
266
655
564
305
58
568
54
266
1423
565
305
58
569
578
610
302
560
305
314
561
561
266
866
814
563
305
314
562
317
1122
871
305
314
563
310
266
610
558
563
305
314
564
312
266
866
46
567
305
314
566
314
1122
814
560
305
314
567
51
266
1378
866
305
314
568
821
266
1168
569
305
314
569
56
266
611
46
566
305
570
561
570
867
814
562
305
570
562
573
1379
46
565
305
570
563
320
611
814
564
305
570
565
48
266
867
558
563
305
570
566
818
266
1123
862
305
570
567
53
266
913
568
305
570
568
56
266
913
566
305
826
560
570
612
814
563
305
826
561
819
266
1124
46
564
305
826
562
822
266
1380
814
562
305
826
563
569
266
612
558
562
305
826
565
306
266
868
615
305
826
566
821
266
1380
558
560
305
826
567
312
266
658
569
305
826
569
561
266
1682
569
305
58
560
52
266
869
46
567
305
58
561
576
1125
814
562
305
58
562
57
266
1381
302
566
305
58
564
315
613
814
569
305
58
565
564
266
1125
46
564
305
58
566
310
266
1381
558
567
305
58
567
578
915
560
305
58
569
49
266
1683
561
305
314
560
819
266
614
866
305
314
561
53
266
1126
302
565
305
314
562
567
266
1382
814
566
305
314
563
323
614
302
569
305
314
565
562
266
870
610
305
314
566
564
266
1382
46
569
305
314
567
567
266
1428
565
305
314
569
304
266
1428
565
561
58
560
51
266
610
865
561
58
561
821
266
1122
558
560
561
58
562
564
266
1122
608
561
58
563
52
266
610
46
566
561
58
564
320
866
558
569
561
58
565
57
266
1122
302
562
561
58
567
817
266
1378
814
564
561
58
568
307
266
1478
561
58
569
565
266
611
302
567
561
314
560
321
867
46
560
561
314
562
304
266
1123
558
562
561
314
563
50
266
1379
611
561
314
564
564
266
867
46
569
561
314
565
567
266
1123
814
564
561
314
566
569
266
1379
302
569
561
314
568
562
266
1222
561
314
569
820
266
612
302
560
561
570
560
567
266
868
814
563
561
570
561
57
266
1124
302
565
561
570
563
817
266
1380
814
568
561
570
564
317
868
46
560
561
570
565
54
266
1124
558
562
561
570
566
824
266
1380
46
565
561
570
568
314
1170
569
561
570
569
51
266
1732
561
826
560
53
266
869
302
569
561
826
561
56
266
1125
46
563
561
826
563
560
266
1381
558
568
561
826
564
51
266
613
864
561
826
565
53
266
1125
302
566
561
826
566
321
1381
46
562
561
826
567
52
266
659
561
561
826
568
566
266
1427
564
561
826
569
568
266
614
46
568
561
58
561
49
266
870
814
563
561
58
562
307
266
1126
870
561
58
563
566
266
614
558
563
561
58
564
568
266
870
46
568
561
58
566
49
266
1126
814
562
561
58
567
51
266
1382
868
561
58
568
319
1172
569
561
58
569
568
266
615
46
564
561
314
561
560
266
871
558
568
561
314
562
572
1127
863
561
314
563
565
266
615
302
564
561
314
564
311
266
871
814
566
561
314
565
323
1127
302
569
561
314
567
571
1383
606
561
314
568
52
266
917
561
561
314
569
310
266
611
558
561
817
58
560
56
266
867
46
560
817
58
561
579
1123
302
568
817
58
563
315
1379
814
567
817
58
564
563
266
611
867
817
58
565
53
266
1123
302
563
817
58
566
567
266
1379
814
562
817
58
567
57
266
913
561
817
58
569
561
266
1681
562
817
314
560
563
266
612
864
817
314
561
821
266
1124
302
563
817
314
562
823
266
1380
814
563
817
314
563
569
266
612
302
562
817
314
565
561
266
868
814
561
817
314
566
307
266
1124
862
817
314
567
53
266
658
569
817
314
568
320
1426
566
817
314
569
568
266
613
46
566
817
570
561
304
266
869
558
565
817
570
562
50
266
1125
610
817
570
563
52
266
613
46
564
817
570
564
54
266
869
558
563
817
570
565
568
266
1125
46
560
817
570
566
579
1381
302
568
817
570
568
315
1427
567
817
570
569
563
266
1738
817
826
560
821
266
870
302
568
817
826
561
321
1126
814
569
817
826
563
48
266
1382
558
560
817
826
564
306
266
614
608
817
826
565
564
266
1126
46
562
817
826
566
822
266
1382
558
564
817
826
567
56
266
660
565
817
826
569
304
266
1428
566
817
58
560
818
266
615
613
817
58
561
318
1127
46
569
817
58
562
55
266
1383
814
561
817
58
563
569
266
615
302
564
817
58
565
561
266
871
814
567
817
58
566
573
1383
46
561
817
58
567
566
266
1173
563
817
58
568
56
266
917
565
817
314
560
560
266
616
558
566
817
314
561
316
872
615
817
314
562
309
266
1384
302
563
817
314
563
567
266
616
814
569
817
314
565
560
266
872
558
566
817
314
566
316
1128
863
817
314
567
821
266
918
566
817
314
568
577
918
560
49
58
560
560
266
612
558
563
49
58
561
50
266
868
612
49
58
562
820
266
1380
46
568
49
58
563
576
612
814
560
49
58
564
569
266
868
302
563
49
58
566
49
266
1124
814
566
49
58
567
819
266
1380
870
49
58
568
54
266
1426
562
49
58
569
56
266
613
46
566
49
314
561
314
869
814
560
49
314
562
563
266
1125
866
49
314
563
319
613
558
560
49
314
564
824
266
869
46
566
49
314
566
570
1125
814
562
49
314
567
307
266
1381
871
49
314
568
566
266
1427
566
49
314
569
578
614
302
562
49
570
561
49
266
870
814
566
49
570
562
573
1382
46
562
49
570
563
566
266
614
814
560
49
570
564
825
266
870
302
567
49
570
566
306
266
1126
610
49
570
567
564
266
1382
610
49
570
568
55
266
1684
561
49
570
569
569
266
615
302
562
49
826
561
561
266
871
558
569
49
826
562
51
266
1127
615
49
826
563
318
615
46
566
49
826
564
54
266
871
558
563
49
826
565
824
266
1127
46
563
49
826
567
48
266
1383
558
564
49
826
568
306
266
1227
49
826
569
820
266
616
46
568
49
58
560
311
266
872
814
564
49
58
561
569
266
1128
302
568
49
58
563
50
266
1384
607
49
58
564
564
266
872
46
564
49
58
565
566
266
1128
558
568
49
58
566
578
1384
302
560
49
58
568
561
266
1430
562
49
58
569
819
266
1737
49
314
560
53
266
873
302
565
49
314
561
567
266
1129
814
567
49
314
562
323
1385
558
560
49
314
564
562
266
617
611
49
314
565
318
1129
302
562
49
314
566
55
266
1385
814
566
49
314
567
323
1175
561
49
314
569
818
266
1484
305
58
560
318
869
46
569
305
58
561
311
266
1125
814
563
305
58
562
313
266
1381
302
566
305
58
564
315
613
606
305
58
565
564
266
1125
46
564
305
58
566
822
266
1381
558
569
305
58
567
313
266
915
562
305
58
569
49
266
1683
566
305
314
560
563
266
614
869
305
314
561
319
1126
558
560
305
314
562
312
266
1382
46
562
305
314
564
816
266
614
558
563
305
314
565
50
266
870
610
305
314
566
308
266
1382
46
564
305
314
567
54
266
1172
564
305
314
568
312
266
916
564
305
570
560
48
266
615
558
564
305
570
561
50
266
871
609
305
570
562
820
266
1383
46
562
305
570
563
310
266
615
558
560
305
570
564
56
266
871
46
560
305
570
565
579
1127
302
568
305
570
567
561
266
1383
814
565
305
570
568
308
266
917
564
305
570
569
576
616
814
562
305
826
560
569
266
872
302
569
305
826
562
562
266
1128
610
305
826
563
564
266
616
46
567
305
826
564
320
872
558
568
305
826
565
322
1128
46
568
305
826
567
314
1384
558
568
305
826
568
316
1229
305
826
569
820
266
617
46
566
305
58
560
566
266
873
558
565
305
58
561
56
266
1129
46
562
305
58
563
48
266
1385
302
569
305
58
564
315
617
814
566
305
58
565
563
266
873
868
305
58
566
565
266
1385
302
566
305
58
567
823
266
1431
567
305
58
568
825
266
1175
566
305
314
560
817
266
618
814
566
305
314
561
51
266
874
608
305
314
562
53
266
1386
302
563
305
314
563
54
266
618
814
562
305
314
564
569
266
874
302
560
305
314
566
49
266
1130
558
569
305
314
567
316
1386
614
305
314
568
820
266
920
567
305
314
569
566
266
614
558
566
561
58
560
568
266
870
46
566
561
58
562
304
266
1126
558
564
561
58
563
50
266
1382
610
561
58
564
820
266
870
46
563
561
58
565
822
266
1126
558
564
561
58
566
312
266
1382
46
566
561
58
567
312
266
1172
567
561
58
569
562
266
1172
562
561
58
569
568
266
615
46
564
561
314
560
569
266
871
558
561
561
314
562
571
1127
814
567
561
314
563
51
266
1383
864
561
314
564
574
871
46
566
561
314
565
54
266
871
862
561
314
566
306
266
1127
814
560
561
314
566
579
1383
814
565
561
314
567
56
266
661
569
561
314
569
560
266
1429
564
561
570
560
306
266
616
814
568
561
570
561
563
266
872
866
561
570
562
565
266
1384
46
563
561
570
563
55
266
616
46
569
561
570
564
312
266
872
814
566
561
570
566
304
266
1128
814
569
561
570
566
566
266
1384
302
566
561
570
567
823
266
1430
560
561
570
568
322
918
564
561
826
560
560
266
617
814
562
561
826
560
575
873
302
565
561
826
561
567
266
1129
46
565
561
826
562
312
266
1385
46
568
561
826
563
564
266
1385
814
568
561
826
563
323
617
302
565
561
826
565
561
266
873
558
569
561
826
566
562
266
1129
608
561
826
567
52
266
1385
869
561
826
568
820
266
1175
562
561
826
569
55
266
618
558
568
561
58
560
312
266
874
46
563
561
58
562
48
266
1130
302
568
561
58
563
305
266
1386
814
562
561
58
564
51
266
618
613
561
58
565
52
266
1130
46
562
561
58
566
566
266
1386
302
568
561
58
567
311
266
1432
563
561
58
568
313
266
920
569
561
314
560
816
266
619
558
565
561
314
561
818
266
875
607
561
314
562
573
1131
870
561
314
563
565
266
619
46
562
561
314
564
823
266
875
814
561
561
314
565
578
1131
46
568
561
314
567
560
266
1387
558
565
561
314
568
818
266
1228
561
314
569
560
266
921
564
817
58
560
48
266
615
558
560
817
58
561
315
871
814
568
817
58
562
819
266
1127
868
817
58
563
309
266
615
302
565
817
58
564
55
266
871
814
563
817
58
565
569
266
1127
302
562
817
58
567
561
266
1383
814
561
817
58
568
51
266
1477
817
58
569
53
266
616
46
569
817
314
560
320
872
558
568
817
314
561
568
266
1128
46
564
817
314
563
560
266
1384
558
560
817
314
564
817
266
616
814
564
817
314
565
307
266
872
614
817
314
566
52
266
1384
46
560
817
314
567
821
266
918
563
817
314
568
320
1430
564
817
314
569
56
266
617
814
565
817
570
560
313
266
873
46
566
817
570
562
560
266
1129
302
568
817
570
563
817
266
1385
558
569
817
570
564
306
266
617
606
817
570
565
819
266
873
865
817
570
566
318
1385
46
564
817
570
567
54
266
919
566
817
570
568
823
266
1431
569
817
570
569
568
266
618
46
562
817
826
560
310
266
874
46
561
817
826
561
50
266
1130
46
562
817
826
562
563
266
1130
814
560
817
826
563
49
266
1386
609
817
826
564
52
266
874
46
560
817
826
565
319
1130
302
565
817
826
566
823
266
1386
558
561
817
826
567
56
266
664
565
817
826
569
309
266
875
558
568
817
58
561
821
266
875
610
817
58
562
316
1131
867
817
58
563
309
266
619
46
566
817
58
564
310
266
619
610
817
58
565
315
875
46
562
817
58
566
818
266
1131
46
568
817
58
566
321
1387
814
567
817
58
567
569
266
921
561
817
58
569
565
266
1737
817
314
561
566
266
1388
302
560
817
314
565
48
266
1132
46
563
817
314
566
55
266
1132
866
817
314
567
572
1388
558
561
817
314
568
49
266
1487
817
314
569
53
266
616
302
565
107
561
817
266
872
814
563
107
562
304
266
1128
611
107
563
308
266
1384
862
107
568
569
266
1430
563
363
560
50
266
617
814
568
363
561
563
266
873
814
561
363
563
561
266
1385
302
568
363
564
316
617
558
562
363
565
561
266
1129
558
562
363
567
304
266
618
558
567
619
561
306
266
874
302
569
619
561
321
1130
46
561
619
562
579
1386
46
568
619
564
310
266
875
302
562
875
561
55
266
1131
558
567
875
562
310
266
1387
46
564
875
564
54
266
875
302
567
875
565
564
266
1131
814
564
875
566
569
266
1387
302
560
875
568
314
1177
566
875
569
51
266
1739
107
560
53
266
876
302
565
107
561
823
266
1132
814
568
107
562
579
1388
302
569
107
564
315
620
814
567
107
565
563
266
876
867
107
566
53
266
1388
302
562
107
567
55
266
1178
568
107
568
568
266
922
564
363
560
304
266
621
302
569
363
561
561
266
877
814
564
363
562
563
266
1133
862
363
563
318
621
46
566
363
564
54
266
877
558
561
363
565
56
266
1133
814
568
363
566
569
266
1389
302
564
363
568
561
266
1435
561
363
569
572
1490
363
560
308
266
873
46
563
363
561
310
266
1129
302
569
363
562
823
266
1385
814
565
363
563
825
266
617
302
561
363
565
570
873
558
567
363
566
562
266
1129
610
363
567
52
266
663
563
363
568
566
266
1431
560
363
569
321
618
814
566
619
560
566
266
874
302
562
619
563
316
1386
606
619
564
323
874
558
562
619
566
50
266
1130
814
569
619
567
317
1386
869
619
568
565
266
1176
566
619
569
566
266
619
814
565
875
560
57
266
875
302
564
875
562
304
266
1131
558
569
875
565
314
875
558
566
875
566
306
266
1131
609
875
567
564
266
665
560
875
568
319
1177
567
875
569
53
266
876
302
560
1131
562
817
266
1132
814
562
1131
563
307
266
1388
610
1131
565
53
266
1132
558
564
1131
566
309
266
1388
46
561
1131
567
579
1434
563
1131
569
823
266
621
814
562
363
560
578
1133
46
564
363
562
566
266
1389
302
569
363
564
824
266
877
46
567
363
569
52
266
1691
562
619
560
560
266
622
558
565
619
561
562
266
878
46
565
619
563
565
266
622
302
560
619
564
820
522
864
607
50
58
566
52
522
1120
864
50
58
567
565
522
910
564
50
58
568
311
522
1422
568
50
58
569
312
522
609
46
562
50
314
560
579
865
302
565
50
314
562
305
522
1121
558
568
50
314
563
304
522
1121
558
567
50
314
567
50
522
1377
606
50
314
568
563
522
1474
50
314
569
830
610
46
564
50
570
560
54
522
866
302
566
50
570
561
567
522
1122
558
568
50
570
562
824
522
1378
814
569
50
570
563
313
522
610
302
560
50
570
565
560
522
866
558
561
50
570
566
817
522
1122
814
562
50
570
567
562
522
1378
608
50
826
569
310
522
1475
50
58
564
832
868
609
50
58
566
572
1124
868
50
58
567
565
522
658
568
50
58
568
54
522
1426
560
50
58
569
567
522
613
814
562
50
314
560
578
869
46
564
50
314
562
48
522
1125
302
565
50
314
563
561
522
1381
558
568
50
314
564
50
522
613
607
50
314
565
819
522
869
865
50
314
566
51
522
1381
46
566
50
314
567
566
522
915
566
50
314
568
823
522
1479
50
314
569
828
1171
560
50
314
569
55
522
609
46
566
306
58
560
829
609
606
306
58
563
560
522
1377
558
564
306
58
564
561
522
609
814
561
306
58
565
565
522
1121
558
566
306
58
566
56
522
1377
814
568
306
58
567
569
522
655
565
306
58
568
579
1167
568
306
58
569
564
522
1679
566
306
314
560
563
522
866
302
560
306
314
561
51
522
866
558
563
306
314
562
55
522
1378
558
562
306
314
563
564
522
1378
814
566
306
314
564
828
610
608
306
314
565
51
522
866
614
306
314
566
308
522
1122
866
306
314
567
820
522
656
561
306
314
568
53
522
912
568
306
314
569
310
522
611
302
565
306
570
560
566
522
867
558
563
306
570
561
823
522
1123
814
561
306
570
562
568
522
1379
46
561
306
570
563
313
522
611
302
560
306
570
565
304
522
867
302
568
306
570
566
49
522
1123
558
569
306
570
567
50
522
1379
46
566
306
570
567
56
522
1425
564
306
570
568
57
522
913
566
306
826
560
304
522
612
302
567
306
826
561
561
522
868
558
568
306
826
562
50
522
1124
606
306
826
563
563
522
1380
864
306
826
564
830
868
46
566
306
826
565
566
522
1124
558
560
306
826
566
823
522
1380
814
564
306
826
567
569
522
658
569
306
826
569
560
522
1426
563
306
58
560
50
522
613
814
567
306
58
561
51
522
869
864
306
58
562
830
1381
46
566
306
58
563
54
522
613
558
561
306
58
564
577
869
814
566
306
58
565
57
522
1125
302
561
306
58
567
826
1381
558
566
306
58
568
818
522
1219
306
58
569
573
1737
306
314
560
53
522
870
302
562
306
314
561
55
522
1126
558
568
306
314
562
568
522
1382
46
566
306
314
563
52
522
614
46
562
306
314
564
310
522
870
302
566
306
314
565
577
1126
814
565
306
314
566
825
522
1382
302
560
306
314
568
570
1172
566
306
314
569
818
522
1477
562
58
560
573
610
867
562
58
561
53
522
1122
302
560
562
58
562
576
1378
558
565
562
58
563
568
522
610
46
560
562
58
564
579
866
302
565
562
58
566
817
522
1122
814
560
562
58
567
572
1378
612
562
58
568
52
522
912
561
562
58
569
831
611
302
567
562
314
560
311
522
867
814
564
562
314
561
569
522
1123
302
560
562
314
563
570
1379
558
565
562
314
564
49
522
611
606
562
314
565
560
522
867
814
569
562
314
565
579
1123
46
566
562
314
567
49
522
1379
814
564
562
314
568
563
522
1473
562
314
569
830
612
46
568
562
570
560
576
868
558
568
562
570
561
578
1124
46
569
562
570
563
49
522
1380
814
562
562
570
564
51
522
612
868
562
570
565
565
522
1124
302
568
562
570
566
56
522
1380
46
561
562
570
568
560
522
1170
562
562
570
569
50
522
1479
562
826
560
564
522
869
46
567
562
826
561
832
1125
814
560
562
826
562
569
522
1381
302
563
562
826
564
305
522
613
814
568
562
826
565
308
522
1125
46
562
562
826
566
566
522
1381
558
568
562
826
567
57
522
915
560
562
826
569
561
522
1683
564
562
58
560
307
522
614
868
562
58
561
575
1126
558
561
562
58
562
568
522
1382
46
564
562
58
564
560
522
614
558
568
562
58
565
51
522
870
864
562
58
566
821
522
1382
302
565
562
58
567
567
522
1428
566
562
58
568
569
522
1172
565
562
314
560
50
522
615
608
562
314
561
52
522
1127
46
565
562
314
562
566
522
1383
558
566
562
314
563
824
522
615
46
568
562
314
565
570
871
558
569
562
314
566
307
522
1127
864
562
314
567
53
522
917
565
562
314
568
567
522
1685
568
562
314
569
312
522
611
558
564
818
58
561
562
522
867
614
818
58
562
309
522
1379
302
565
818
58
563
577
611
46
560
818
58
565
304
522
867
558
561
818
58
566
306
522
1123
607
818
58
567
308
522
657
562
818
58
568
566
522
1425
564
818
58
569
568
522
612
46
568
818
314
561
570
868
814
560
818
314
562
307
522
1124
864
818
314
563
565
522
612
302
562
818
314
564
567
522
868
814
562
818
314
565
313
522
1124
302
560
818
314
567
826
1380
558
568
818
314
568
818
522
1224
818
314
569
564
522
613
46
566
818
570
560
566
522
869
558
568
818
570
561
578
1125
46
568
818
570
563
826
1381
814
560
818
570
564
307
522
613
864
818
570
565
565
522
1125
302
562
818
570
566
567
522
1381
814
562
818
570
567
569
522
915
562
818
570
569
561
522
1683
562
818
826
560
307
522
614
862
818
826
561
53
522
1126
302
560
818
826
562
55
522
1382
558
569
818
826
563
834
614
302
560
818
826
565
305
522
870
814
562
818
826
566
563
522
1126
864
818
826
567
309
522
660
569
818
826
568
576
1428
566
818
826
569
824
522
615
46
561
818
58
560
835
871
302
566
818
58
562
49
522
1127
814
561
818
58
563
572
1383
610
818
58
564
564
522
615
870
818
58
565
565
522
1127
302
562
818
58
566
832
1383
558
566
818
58
567
824
522
661
562
818
58
569
48
522
1429
560
818
314
560
50
522
616
814
569
818
314
561
304
522
872
868
818
314
562
309
522
1384
302
564
818
314
563
563
522
1384
814
562
818
314
564
307
522
616
615
818
314
565
574
1128
46
568
818
314
566
822
522
1384
558
566
818
314
567
312
522
662
564
818
314
569
816
522
1430
562
50
58
560
306
522
612
606
50
58
561
52
522
1124
46
560
50
58
562
54
522
1380
302
569
50
58
563
833
612
814
568
50
58
564
579
868
302
566
50
58
566
561
522
1124
814
565
50
58
567
307
522
1380
867
50
58
568
309
522
1170
567
50
58
569
577
613
46
560
50
314
561
560
522
869
558
564
50
314
562
818
522
1125
862
50
314
563
565
522
613
302
563
50
314
564
55
522
869
814
565
50
314
565
569
522
1125
302
566
50
314
567
561
522
1381
814
566
50
314
568
51
522
1479
50
314
569
821
522
614
302
562
50
570
560
311
522
870
558
569
50
570
561
578
1126
46
566
50
570
563
304
522
1382
558
563
50
570
564
306
522
614
814
569
50
570
565
819
522
870
867
50
570
566
821
522
1382
302
561
50
570
567
832
1172
567
50
570
568
568
522
916
563
50
826
560
560
522
615
558
560
50
826
561
827
871
814
568
50
826
562
563
522
1127
867
50
826
563
53
522
615
302
562
50
826
564
311
522
871
558
569
50
826
565
578
1127
46
568
50
826
567
570
1383
814
560
50
826
568
51
522
1478
50
826
569
818
522
872
302
560
50
58
565
567
522
1128
814
563
50
58
566
313
522
1384
302
566
50
58
568
561
522
1430
567
50
58
569
573
1743
50
314
560
54
522
873
558
561
50
314
561
568
522
1129
46
564
50
314
563
304
522
1385
558
566
50
314
564
54
522
1431
564
50
314
569
305
522
1171
565
306
58
569
823
522
1736
306
314
560
51
522
1126
302
564
306
314
563
572
1382
302
568
306
570
568
311
522
919
568
562
314
561
565
522
619
814
566
818
570
565
833
1129
814
565
818
570
566
833
874
46
569
818
826
562
305
522
1130
814
562
818
826
563
817
522
1386
865
818
826
564
819
522
874
302
565
818
826
565
577
1130
46
562
818
826
567
560
522
1386
814
562
818
826
568
563
522
920
560
818
826
569
310
522
619
558
569
818
58
560
57
522
619
46
567
818
58
564
53
522
875
558
569
818
58
565
834
1131
46
569
818
58
567
826
1387
558
568
818
58
568
818
522
921
564
818
58
568
568
522
921
564
818
58
569
579
1388
302
567
818
314
569
576
872
814
563
108
561
825
522
616
46
562
108
566
49
522
1128
814
566
108
567
819
522
1384
870
108
568
575
617
46
560
364
566
830
1385
302
565
364
567
833
663
563
364
569
570
1687
561
620
560
51
522
618
865
620
561
54
522
1130
558
562
620
562
312
522
1386
46
568
620
564
49
522
618
814
562
620
565
51
522
874
869
620
566
575
1386
302
569
620
567
56
522
664
560
620
568
835
1176
568
876
560
571
619
814
568
876
561
573
875
870
876
562
831
1387
46
561
876
564
832
1488
108
560
561
522
876
558
565
108
567
821
522
621
608
364
561
832
1129
46
561
364
563
816
522
1385
558
564
364
564
562
522
617
614
364
565
830
1129
302
561
364
566
823
522
1385
814
566
364
567
579
1175
561
364
569
50
522
1487
620
560
309
522
874
302
565
620
561
577
1130
46
562
620
563
304
522
1386
558
568
620
564
51
522
618
865
620
565
565
522
1130
302
568
620
566
56
522
1386
46
562
620
568
48
522
1176
565
620
569
818
522
1487
876
560
574
875
46
568
876
561
576
1131
558
568
876
562
824
522
1387
46
567
876
564
560
522
619
558
565
876
565
50
522
875
608
876
566
52
522
1131
870
876
567
565
522
921
564
876
568
821
522
1132
302
564
1132
563
573
1388
868
1132
564
53
522
876
302
562
1132
565
832
1132
558
567
1132
566
312
522
1388
46
562
1132
568
48
522
922
568
1132
569
561
522
1690
563
364
560
307
522
621
615
364
561
564
522
1133
46
564
364
562
310
522
1389
302
568
364
563
567
522
621
814
563
364
564
57
522
877
46
568
364
566
304
522
1133
558
562
364
567
50
522
1389
814
567
364
568
51
522
1484
364
569
574
622
46
565
620
560
566
522
878
302
568
620
561
311
522
1134
814
562
620
562
834
1390
46
566
620
564
560
522
622
558
560
620
565
561
522
878
814
563
620
566
51
522
1134
614
620
567
564
522
668
564
620
568
310
522
1180
569
620
569
833
608
814
566
51
58
560
57
778
864
302
563
51
58
562
561
778
1120
814
562
51
58
563
563
778
1376
863
51
58
564
309
778
864
302
561
51
58
565
311
778
1120
814
561
51
58
566
57
778
1376
302
560
51
58
568
49
778
1166
569
51
58
569
828
1478
51
314
560
820
778
865
46
567
51
314
561
832
1121
814
560
51
314
562
569
778
1377
302
567
51
314
564
306
778
609
609
51
314
565
564
778
1121
46
569
51
314
566
311
778
1377
814
563
51
314
567
313
778
911
566
51
314
569
827
1679
569
51
570
560
52
778
866
46
562
51
570
561
822
778
1122
558
565
51
570
562
568
778
1378
46
566
51
570
564
560
778
610
558
567
51
570
565
828
866
614
51
570
566
53
778
1378
302
562
51
570
567
311
778
1424
569
51
570
569
560
778
1424
565
51
826
560
818
778
611
614
51
826
561
53
778
1123
302
560
51
826
562
55
778
1379
814
560
51
826
563
1090
611
46
569
51
826
565
49
778
867
814
561
51
826
566
563
778
1123
866
51
826
567
565
778
1217
51
826
569
564
778
612
46
563
51
58
560
54
778
868
558
565
51
58
561
568
778
1124
46
566
51
58
563
560
778
1380
558
567
51
58
564
828
612
615
51
58
565
565
778
1124
302
564
51
58
566
1089
1380
46
563
51
58
568
826
1426
562
51
58
569
51
778
1738
51
314
560
1087
869
558
561
51
314
561
568
778
1125
46
563
51
314
563
816
778
1381
558
562
51
314
564
306
778
613
606
51
314
565
52
778
1125
46
560
51
314
566
310
778
1381
558
564
51
314
567
824
778
915
560
51
314
569
49
778
1683
569
307
58
560
820
778
865
46
568
307
58
561
823
778
1121
814
568
307
58
563
48
778
1377
814
560
307
58
564
563
778
865
46
562
307
58
565
832
1121
814
564
307
58
567
48
778
1377
558
566
307
58
568
307
778
1478
307
58
569
54
778
610
814
560
307
314
560
569
778
866
558
563
307
314
562
819
778
1122
871
307
314
563
566
778
610
814
561
307
314
564
825
778
866
558
562
307
314
566
828
1122
864
307
314
567
565
778
1168
560
307
314
568
56
778
912
567
307
570
560
49
778
611
814
562
307
570
561
51
778
867
869
307
570
562
1087
1379
558
561
307
570
563
824
778
611
46
565
307
570
565
560
778
867
558
568
307
570
566
51
778
1123
863
307
570
567
53
778
913
566
307
570
568
1089
913
562
307
826
560
304
778
612
558
566
307
826
561
1084
868
863
307
826
562
309
778
1380
302
569
307
826
563
824
778
612
46
568
307
826
565
49
778
868
607
307
826
566
564
778
1380
302
562
307
826
567
833
658
563
307
826
569
826
1682
564
307
58
560
51
778
869
46
561
307
58
561
310
778
1125
558
568
307
58
562
569
778
1381
302
565
307
58
564
817
778
613
606
307
58
565
564
778
1125
46
564
307
58
566
566
778
1381
558
568
307
58
567
1090
915
560
307
58
569
561
778
1683
562
307
314
560
819
778
614
866
307
314
561
53
778
1126
302
564
307
314
562
311
778
1382
814
566
307
314
563
825
778
614
302
569
307
314
565
306
778
870
610
307
314
566
830
1382
302
561
307
314
567
567
778
660
561
307
314
569
816
778
1684
561
563
58
560
307
778
610
871
563
58
561
822
778
1122
558
567
563
58
562
313
778
1378
302
564
563
58
564
817
778
610
814
568
563
58
565
52
778
1122
46
561
563
58
566
566
778
1378
558
563
563
58
567
56
778
656
566
563
58
569
1082
1680
560
563
314
560
563
778
611
866
563
314
561
309
778
1123
302
565
563
314
562
311
778
1379
814
565
563
314
563
57
778
611
302
562
563
314
565
49
778
867
814
560
563
314
566
1084
1123
615
563
314
567
53
778
913
562
563
314
568
311
778
1681
568
563
570
560
304
778
612
558
563
563
570
561
306
778
868
613
563
570
562
830
1380
46
568
563
570
563
832
612
558
568
563
570
564
834
868
46
568
563
570
566
816
778
1124
558
567
563
570
567
828
1380
864
563
570
568
309
778
1170
568
563
570
569
568
778
613
46
565
563
826
561
826
869
814
560
563
826
562
819
778
1125
866
563
826
563
565
778
613
302
566
563
826
564
823
778
869
814
567
563
826
565
825
778
1125
302
568
563
826
567
50
778
1381
607
563
826
568
820
778
915
566
563
826
569
1088
614
814
562
563
58
560
313
778
870
302
568
563
58
562
306
778
1126
610
563
58
563
820
778
614
302
560
563
58
564
567
778
870
814
563
563
58
565
57
778
1126
302
566
563
58
566
565
778
1382
302
566
563
58
567
823
778
1428
568
563
58
568
1091
1428
560
563
314
560
817
778
615
609
563
314
561
52
778
1127
46
566
563
314
562
822
778
1383
558
568
563
314
563
57
778
615
302
562
563
314
565
49
778
871
814
568
563
314
566
52
778
1383
46
563
563
314
567
310
778
1173
569
563
314
568
569
778
1173
566
819
58
560
1083
611
609
819
58
561
564
778
1123
46
568
819
58
562
311
778
1379
814
564
819
58
563
835
611
558
560
819
58
565
818
778
867
612
819
58
566
1086
1379
302
562
819
58
567
55
778
1425
568
819
58
569
304
778
1425
564
819
314
560
562
778
612
302
567
819
314
560
824
778
868
302
560
819
314
562
561
778
1124
814
564
819
314
563
307
778
1380
868
819
314
564
821
778
868
302
567
819
314
565
823
778
1124
814
567
819
314
566
835
1380
302
568
819
314
568
1083
1219
819
314
569
820
778
613
46
566
819
570
560
1088
869
814
563
819
570
561
825
778
1125
558
563
819
570
563
818
778
1381
865
819
570
564
821
778
869
558
561
819
570
565
568
778
1125
302
562
819
570
567
817
778
1381
608
819
570
568
820
778
1482
819
826
560
306
778
614
870
819
826
561
831
870
864
819
826
562
833
1382
814
567
819
826
563
569
778
614
302
566
819
826
565
49
778
870
814
564
819
826
566
819
778
1126
864
819
826
567
821
778
916
564
819
826
568
565
778
1684
563
819
826
569
57
778
615
302
561
819
58
560
568
778
871
302
566
819
58
561
823
778
1127
814
569
819
58
563
48
778
1383
558
563
819
58
564
306
778
615
615
819
58
565
309
778
1127
302
564
819
58
566
564
778
1127
814
567
819
58
567
52
778
661
562
819
58
568
566
778
1685
560
819
58
569
569
778
616
302
564
819
314
561
561
778
872
814
567
819
314
562
829
1128
871
819
314
563
1087
616
302
569
819
314
564
1089
872
814
568
819
314
565
312
778
1384
814
565
819
314
568
827
1484
819
314
569
565
778
612
302
567
51
58
560
823
778
868
814
568
51
58
562
48
778
1124
558
562
51
58
563
50
778
1380
612
51
58
564
830
868
46
560
51
58
565
55
778
1124
814
562
51
58
566
825
778
1380
302
564
51
58
568
305
778
1426
565
51
58
569
563
778
1738
51
314
560
54
778
869
558
562
51
314
561
312
778
1125
46
568
51
314
563
561
778
1381
814
565
51
314
564
1085
869
46
562
51
314
565
566
778
1125
558
569
51
314
566
569
778
1381
302
564
51
314
568
561
778
1427
568
51
314
569
52
778
614
46
562
51
570
560
822
778
870
558
564
51
570
561
568
778
1126
46
566
51
570
563
560
778
1382
302
562
51
570
563
313
778
614
611
51
570
565
820
778
870
869
51
570
566
1087
1382
302
567
51
570
567
567
778
1428
564
51
570
568
569
778
916
562
51
826
560
816
778
615
558
568
51
826
561
818
778
871
612
51
826
562
308
778
1383
302
560
51
826
563
823
778
615
814
566
51
826
564
835
871
558
560
51
826
566
562
778
1127
611
51
826
567
830
917
562
51
826
568
311
778
1685
569
51
58
560
48
778
616
558
568
51
58
561
51
778
872
868
51
58
562
831
1384
558
564
51
58
563
1090
616
302
562
51
58
565
305
778
872
814
568
51
58
566
308
778
1384
46
563
51
58
567
566
778
1174
568
51
58
568
57
778
1174
562
51
314
560
49
778
617
814
565
51
314
561
819
778
873
870
51
314
562
1087
1385
558
561
51
314
563
824
778
617
46
566
51
314
565
826
873
814
562
51
314
566
563
778
1129
871
51
314
567
566
778
1175
564
51
314
568
824
778
919
569
307
58
560
49
778
613
814
562
307
58
561
563
778
869
864
307
58
562
565
778
1381
302
562
307
58
563
567
778
613
814
561
307
58
564
1090
869
46
568
307
58
566
560
778
1125
558
564
307
58
567
562
778
1381
607
307
58
568
52
778
915
560
307
58
569
1087
614
302
569
307
314
560
56
778
870
46
562
307
314
562
816
778
1126
558
565
307
314
563
828
1382
862
307
314
564
53
778
870
302
568
307
314
565
312
778
1126
46
565
307
314
567
1082
1382
814
564
307
314
568
1085
916
564
307
314
569
1087
615
814
563
307
570
560
835
871
558
564
307
570
562
828
1127
864
307
570
563
821
778
615
558
561
307
570
564
312
778
871
46
569
307
570
566
817
778
1127
814
567
307
570
567
308
778
661
565
307
570
568
832
1685
560
307
570
569
825
778
616
302
566
307
826
561
50
778
872
610
307
826
562
830
1384
302
562
307
826
563
567
778
616
46
560
307
826
565
816
778
872
558
566
307
826
566
1084
1128
864
307
826
567
309
778
918
568
307
826
568
312
778
918
565
307
58
560
826
617
814
562
307
58
561
563
778
873
871
307
58
562
310
778
1385
558
564
307
58
563
568
778
617
46
568
307
58
565
49
778
873
814
561
307
58
566
563
778
1129
865
307
58
567
53
778
919
564
307
58
568
311
778
1687
566
307
58
569
313
778
618
302
566
307
314
561
561
778
874
814
566
307
314
562
563
778
1130
868
307
314
563
565
778
618
302
565
307
314
564
55
778
874
814
563
307
314
565
569
778
1130
302
561
307
314
567
49
778
1386
558
569
307
314
568
818
778
1229
307
314
569
52
778
614
46
562
563
58
560
310
778
870
302
569
563
58
561
567
778
1126
814
566
563
58
562
825
778
1382
302
562
563
58
564
49
778
614
558
567
563
58
565
306
778
870
609
563
58
566
52
778
1126
870
563
58
567
53
778
916
561
563
58
568
822
778
1428
563
563
58
569
1089
615
814
564
563
314
560
57
778
871
46
565
563
314
562
48
778
1127
302
566
563
314
563
49
778
1383
558
566
563
314
564
50
778
615
814
565
563
314
565
51
778
871
610
563
314
566
1085
1127
865
563
314
567
820
778
661
562
563
314
568
565
778
1173
560
563
314
569
54
778
616
302
568
563
570
560
823
778
872
558
568
563
570
561
568
778
1128
814
566
563
570
562
313
778
1384
46
565
563
570
563
1091
616
302
564
563
570
565
826
872
558
563
563
570
566
827
1128
814
562
563
570
567
562
778
1384
607
563
570
568
563
778
1478
563
570
569
52
778
1742
563
826
560
565
778
873
46
566
563
826
561
310
778
1129
302
566
563
826
562
55
778
1385
558
565
563
826
563
1089
617
814
564
563
826
564
834
873
46
563
563
826
565
835
1129
302
562
563
826
567
816
778
1385
558
561
563
826
568
561
778
1431
560
563
826
569
50
778
1687
568
563
58
560
819
778
618
613
563
58
561
308
778
874
868
563
58
562
53
778
1386
46
564
563
58
563
831
618
302
562
563
58
564
310
778
874
302
569
563
58
565
567
778
1130
558
566
563
58
566
56
778
1386
814
563
563
58
567
568
778
664
560
563
58
568
825
778
920
566
563
314
560
48
778
619
302
563
563
314
561
560
778
875
302
569
563
314
562
561
778
1131
558
565
563
314
563
827
1387
814
560
563
314
564
50
778
619
814
566
563
314
565
1084
875
608
563
314
566
307
778
1131
614
563
314
567
308
778
1387
865
563
314
568
564
778
921
560
563
314
569
565
778
615
46
565
819
58
560
831
871
302
562
819
58
561
310
778
1127
302
568
819
58
562
567
778
1383
558
565
819
58
563
1089
615
814
562
819
58
564
568
778
871
46
560
819
58
565
57
778
1127
46
567
819
58
567
304
778
1383
302
564
819
58
568
826
1173
561
819
58
569
305
778
1429
568
819
58
569
1090
616
558
561
819
314
560
55
778
872
558
567
819
314
561
56
778
1128
302
560
819
314
563
819
778
1384
615
819
314
564
564
778
616
866
819
314
565
564
778
872
871
819
314
566
309
778
1384
46
563
819
314
567
309
778
662
567
819
314
568
54
778
1174
562
819
314
569
54
778
617
302
566
819
570
560
832
873
558
560
819
570
561
567
778
1129
558
564
819
570
562
567
778
1385
558
569
819
570
563
312
778
617
814
564
819
570
564
568
778
873
814
568
819
570
565
57
778
1129
46
563
819
570
566
313
778
1385
46
567
819
570
567
1091
919
560
819
570
569
816
778
1175
565
819
826
560
816
778
618
558
560
819
826
561
561
778
874
558
565
819
826
562
827
1130
814
560
819
826
563
50
778
1386
814
567
819
826
564
818
778
618
609
819
826
565
563
778
874
862
819
826
566
51
778
1130
869
819
826
567
53
778
664
564
819
826
568
831
1176
561
819
826
569
310
778
619
302
562
819
58
560
823
778
875
558
566
819
58
561
56
778
1131
814
564
819
58
562
1090
1387
46
563
819
58
563
569
778
619
302
560
819
58
564
55
778
875
46
563
819
58
565
821
778
1131
302
560
819
58
566
54
778
1387
302
568
819
58
567
311
778
1177
565
819
58
568
1089
1689
563
819
58
569
568
778
620
46
560
819
314
560
57
778
876
46
568
819
314
562
304
778
1132
302
564
819
314
563
826
1388
558
562
819
314
564
305
778
620
558
569
819
314
565
562
778
876
814
566
819
314
566
51
778
1132
609
819
314
567
563
778
1388
862
819
314
568
52
778
1489
819
314
569
309
778
616
46
565
109
560
831
872
302
562
109
561
566
778
1128
558
560
109
562
55
778
1384
558
567
109
563
312
778
616
814
564
109
564
834
872
46
561
109
565
57
778
1128
46
568
109
567
560
778
1384
302
565
109
568
826
1174
561
109
569
49
778
1174
566
365
560
50
778
617
814
564
365
561
828
873
607
365
562
51
778
1129
614
365
563
564
778
1385
868
365
564
53
778
873
46
563
365
565
831
1129
302
562
365
566
566
778
1385
558
560
365
567
311
778
1431
560
365
568
56
778
1687
568
365
569
569
778
618
46
567
621
561
304
778
874
302
566
621
562
49
778
1130
814
560
621
562
54
778
1386
302
568
621
563
567
778
1386
866
621
564
818
778
618
606
621
565
51
778
874
615
621
566
564
778
1130
869
621
567
53
778
664
565
621
568
1087
1176
563
621
569
822
778
619
558
562
877
560
823
778
875
814
561
877
561
56
778
1131
46
560
877
562
57
778
1387
46
569
877
563
313
778
619
814
565
877
565
49
778
875
558
560
877
566
827
1131
302
568
877
567
827
1387
46
564
877
567
823
778
1177
565
877
568
312
778
1177
560
877
569
819
778
1737
109
560
49
778
620
814
568
109
560
569
778
876
814
563
109
561
825
778
1132
302
566
109
562
57
778
1388
558
563
109
564
817
778
620
814
561
109
565
817
778
876
814
569
109
566
563
778
1132
606
109
567
308
778
1388
864
109
568
1086
1434
561
109
569
831
1744
365
560
566
778
877
558
562
365
561
567
778
1133
814
560
365
562
568
778
1389
814
569
365
563
56
778
621
46
567
365
565
48
778
877
302
564
365
566
826
1133
558
561
365
567
305
778
1389
302
566
365
568
306
778
1435
564
365
569
828
1484
365
560
51
778
617
614
365
561
52
778
873
866
365
562
564
778
1385
46
560
365
563
565
778
617
46
566
365
564
1087
873
302
562
365
565
310
778
1129
302
568
365
566
567
778
1385
558
564
365
567
833
1431
561
365
568
56
778
1687
567
365
569
57
778
618
46
563
621
560
569
778
874
302
560
621
562
48
778
1130
302
569
621
563
49
778
1386
558
568
621
564
818
778
618
814
567
621
565
51
778
874
610
621
566
819
778
1130
862
621
567
820
778
1386
868
621
568
1086
1485
621
569
53
778
619
46
567
877
560
54
778
875
302
563
877
561
566
778
1131
302
569
877
562
567
778
1387
558
564
877
563
823
778
619
814
560
877
564
824
778
875
814
566
877
565
57
778
1131
46
563
877
566
569
778
1387
302
560
877
568
816
778
921
566
877
569
49
778
1433
564
1133
560
817
778
620
814
561
1133
561
306
778
876
814
568
1133
562
563
778
1132
611
1133
563
1085
1388
864
1133
564
308
778
620
870
1133
565
309
778
1132
46
564
1133
566
831
1388
302
561
1133
567
54
778
922
568
1133
568
311
778
1434
564
1133
569
833
621
814
562
365
560
568
778
877
46
560
365
561
825
778
1133
814
567
365
563
48
778
1389
814
560
365
563
53
778
1389
611
365
565
49
778
877
558
568
365
566
306
778
1133
814
565
365
567
1084
1389
814
562
365
568
57
778
923
563
365
569
569
778
622
302
560
621
560
57
778
878
302
568
621
562
305
778
1134
302
562
621
562
57
778
1390
814
565
621
564
307
778
622
609
621
565
50
778
1390
868
621
568
569
10
608
814
563
52
58
560
63
864
558
567
52
58
562
313
10
864
608
52
58
566
63
1422
562
52
314
560
561
10
865
46
566
52
314
562
