48
58
560
308
10
864
814
565
48
58
562
52
10
1376
46
565
48
58
564
53
10
864
302
564
48
58
566
63
1376
558
563
48
58
568
64
1678
563
48
314
560
65
865
609
48
314
562
309
10
1377
814
562
48
314
564
312
10
865
608
48
314
566
823
10
1377
609
48
314
568
56
10
1477
48
570
560
569
10
866
613
48
570
562
569
10
1378
814
567
48
570
565
816
10
1122
46
567
48
570
567
817
10
1168
560
48
570
569
50
10
611
558
569
48
826
561
317
1123
46
564
48
826
563
309
10
611
558
562
48
826
565
311
10
1123
814
562
48
826
567
824
10
1425
569
48
826
569
569
10
612
865
48
58
562
816
10
1380
46
567
48
58
564
49
10
868
558
561
48
58
566
316
1380
814
569
48
58
568
820
10
1170
567
48
314
560
821
10
869
814
565
48
314
562
568
10
1381
869
48
314
565
49
10
1125
302
568
48
314
567
50
10
1427
563
48
314
569
317
609
46
565
304
58
561
309
10
1121
46
568
304
58
563
565
10
609
302
569
304
58
565
566
10
1121
302
569
304
58
567
310
10
1423
560
304
58
569
55
10
610
606
304
314
561
318
1122
814
562
304
314
563
821
10
1378
814
567
304
314
564
568
10
866
865
304
314
567
304
10
656
568
304
314
569
817
10
611
302
569
304
570
561
50
10
1123
558
564
304
570
563
315
611
558
568
304
570
565
819
10
1123
46
560
304
570
567
53
10
913
566
304
570
569
54
10
612
558
568
304
826
561
567
10
1124
606
304
826
563
66
612
612
304
826
566
48
10
1380
46
568
304
826
568
315
1682
561
304
58
560
61
869
46
566
304
58
562
54
10
1381
814
562
304
58
564
311
10
869
608
304
58
566
322
659
560
304
58
569
58
614
302
564
304
314
561
49
10
1126
302
569
304
314
563
818
10
614
558
567
304
314
565
819
10
1126
558
564
304
314
567
307
10
1428
564
304
314
569
564
10
610
46
565
560
58
561
53
10
1122
302
567
560
58
563
54
10
610
302
564
560
58
564
564
10
610
870
560
58
565
309
10
912
560
560
58
568
57
10
1424
560
560
314
560
565
10
867
302
566
560
314
562
565
10
1379
302
567
560
314
564
63
867
46
569
560
314
566
565
10
1379
558
560
560
314
568
566
10
1681
560
560
570
560
566
10
868
558
567
560
570
562
311
10
1380
814
564
560
570
564
823
10
868
606
560
570
566
65
1380
814
568
560
570
568
49
10
1223
560
570
569
566
10
1481
560
826
560
53
10
869
814
565
560
826
562
55
10
1381
608
560
826
564
568
10
869
863
560
826
566
569
10
659
560
560
826
569
48
10
1738
560
58
561
314
1126
302
562
560
58
563
59
614
558
564
560
58
565
306
10
1126
814
560
560
58
566
67
916
568
560
58
569
51
10
615
814
566
560
314
561
52
10
1127
46
564
560
314
563
565
10
615
302
569
560
314
565
64
1127
814
567
560
314
567
311
10
661
563
560
314
569
308
10
611
558
564
816
58
561
311
10
1123
302
563
816
58
564
55
10
1123
611
816
58
567
564
10
1425
568
816
314
560
821
10
868
46
568
816
314
562
560
10
1380
302
562
816
314
563
312
10
868
46
562
816
314
566
816
10
1380
46
567
816
314
568
58
1170
562
816
570
560
817
10
869
558
561
816
570
562
562
10
1381
814
561
816
570
564
306
10
869
814
562
816
570
566
61
1381
46
562
816
570
568
308
10
1171
560
816
826
560
309
10
870
46
563
816
826
562
309
10
1382
302
567
816
826
564
309
10
870
558
562
816
826
566
565
10
1382
558
561
816
826
568
565
10
1172
566
816
58
560
563
10
871
46
568
816
58
562
62
1383
814
567
816
58
564
308
10
871
814
567
816
58
566
307
10
1383
814
564
816
58
568
563
10
1685
562
816
314
560
563
10
872
814
561
816
314
562
60
1384
558
566
816
314
564
818
10
872
558
561
816
314
566
817
10
1384
302
563
816
314
568
305
10
918
569
816
314
569
57
10
612
868
48
58
561
825
10
1124
862
48
58
563
66
612
611
48
58
565
312
10
1124
814
566
48
58
567
310
10
1170
566
48
58
569
566
10
613
302
569
48
314
561
565
10
1125
46
562
48
314
563
308
10
613
814
566
48
314
565
562
10
1125
558
561
48
314
567
561
10
915
560
48
314
569
816
10
1483
48
570
560
568
10
870
814
569
48
570
562
567
10
1382
558
568
48
570
564
309
10
1383
869
48
826
565
821
10
871
866
48
826
566
52
10
1127
609
48
826
567
56
10
1429
565
48
826
569
52
10
616
46
566
48
58
561
563
10
1128
46
562
48
58
569
564
10
617
814
564
48
314
561
306
10
1129
302
562
48
314
562
65
617
608
48
314
565
311
10
1129
558
567
48
314
567
309
10
663
567
48
314
569
317
1480
304
58
560
307
10
869
558
563
304
58
562
561
10
1381
46
560
304
58
563
65
613
615
304
58
565
55
10
1381
558
562
304
58
568
51
10
1483
304
58
569
56
10
1383
302
560
304
570
568
61
1429
563
304
826
560
567
10
872
558
564
304
826
562
63
1128
615
304
826
563
318
616
46
561
304
826
564
57
10
872
302
564
304
826
565
824
10
1128
558
562
304
826
567
49
10
1384
814
562
304
826
568
313
10
1686
564
304
58
560
55
10
873
558
562
304
58
562
310
10
1385
46
567
304
58
563
565
10
617
46
563
304
58
565
563
10
1129
558
568
304
58
567
50
10
663
561
304
58
568
569
10
1487
304
314
560
312
10
874
814
565
304
314
562
822
10
1386
558
560
304
314
564
53
10
874
814
565
304
314
566
51
10
1130
606
304
314
568
564
10
1176
560
560
58
560
560
10
614
302
560
560
58
560
823
10
870
814
568
560
58
561
568
10
1126
302
569
560
58
563
54
10
1382
866
560
58
564
564
10
870
46
566
560
58
565
55
10
870
871
560
58
566
823
10
1382
814
568
560
58
569
58
615
46
563
560
314
560
57
10
871
609
560
314
562
61
1127
302
568
560
314
563
566
10
615
302
569
560
314
565
309
10
871
611
560
314
566
564
10
1127
871
560
314
568
52
10
1429
560
560
570
560
561
10
872
46
566
560
570
561
67
1128
558
564
560
570
562
57
10
1384
46
562
560
570
563
56
10
616
814
562
560
570
565
54
10
1128
814
564
560
570
566
57
10
1384
558
565
560
570
567
55
10
1174
563
560
826
560
304
10
617
558
562
560
826
561
65
1129
558
567
560
826
563
53
10
1385
612
560
826
564
564
10
873
814
566
560
826
566
562
10
1385
302
565
560
826
567
825
10
1484
560
826
569
316
874
302
567
560
58
561
313
10
1130
302
568
560
58
563
564
10
618
46
568
560
58
564
823
10
874
558
563
560
58
565
824
10
1130
302
562
560
58
566
67
1386
558
562
560
58
567
66
920
566
560
58
568
823
10
1432
565
560
314
560
53
10
619
609
560
314
563
817
10
1387
870
560
314
564
55
10
875
558
565
560
314
565
822
10
1131
302
560
560
314
567
51
10
921
568
560
314
568
67
615
558
563
816
58
561
564
10
1127
302
565
816
58
563
67
615
610
816
58
565
55
10
871
862
816
58
566
309
10
1383
814
569
816
58
567
566
10
1173
565
816
58
569
314
1685
561
816
58
569
53
10
1738
816
314
560
56
10
872
46
565
816
314
561
564
10
1128
46
569
816
314
562
564
10
1384
814
563
816
314
563
63
872
46
562
816
314
565
308
10
1128
558
566
816
314
567
309
10
1430
567
816
314
569
818
10
617
46
566
816
570
560
61
617
863
816
570
561
53
10
873
814
564
816
570
562
316
1385
46
568
816
570
564
49
10
873
558
562
816
570
565
53
10
1129
46
566
816
570
566
564
10
1129
865
816
570
567
65
1175
561
816
570
569
564
10
618
814
560
816
826
561
561
10
874
302
568
816
826
561
825
10
1130
608
816
826
563
564
10
1386
868
816
826
564
62
874
814
561
816
826
565
57
10
1130
814
560
816
826
567
566
10
920
567
816
826
568
823
10
619
302
568
816
58
560
323
875
606
816
58
562
61
619
302
569
816
58
564
323
1387
814
563
816
58
568
306
10
921
568
816
58
569
569
10
620
814
566
816
314
561
63
1132
46
562
816
314
563
50
10
620
46
568
816
314
564
569
10
876
814
564
816
314
566
821
10
1388
814
569
816
314
568
315
922
564
816
314
569
312
10
616
558
567
106
561
62
1128
814
560
106
563
561
10
1384
867
106
564
65
872
302
569
106
566
308
10
1384
558
567
106
568
314
1482
106
569
823
10
617
558
562
362
561
564
10
1129
814
561
362
562
565
10
1129
862
362
563
564
10
617
609
362
565
54
10
1129
46
564
362
566
823
10
663
566
362
568
825
10
1175
568
618
560
53
10
1130
46
561
618
562
820
10
1130
864
618
564
821
10
618
611
618
565
307
10
1130
302
560
618
566
322
1386
558
568
618
568
62
1432
568
874
560
816
10
619
612
874
561
566
10
1131
46
564
874
563
562
10
1387
871
874
564
823
10
875
302
566
874
566
51
10
1387
302
561
874
567
66
921
568
874
569
52
10
620
302
567
106
560
57
10
876
814
562
106
562
53
10
1388
558
568
106
564
58
620
615
106
565
311
10
1132
302
564
106
567
61
1178
560
106
569
560
10
1488
362
560
820
10
877
558
561
362
562
308
10
1389
814
562
362
564
59
877
46
564
362
565
57
10
1133
814
566
362
567
63
667
565
362
569
51
10
617
302
564
362
561
48
10
873
613
362
562
567
10
1385
302
569
362
564
564
10
873
558
569
362
565
53
10
1129
302
566
362
566
309
10
1385
46
561
362
567
819
10
1431
564
362
568
566
10
1175
560
362
569
319
618
46
561
618
562
49
10
1130
864
618
563
311
10
618
302
567
618
565
317
1130
302
569
618
566
308
10
1386
46
561
618
567
568
10
1176
562
618
569
308
10
1688
564
874
560
50
10
619
870
874
561
567
10
1131
46
563
874
563
49
10
619
46
569
874
564
824
10
875
558
565
874
566
305
10
1131
46
564
874
567
306
10
665
568
874
568
57
10
1689
565
1130
560
54
10
876
46
567
1130
562
819
10
1388
302
568
1130
564
560
10
620
612
1130
565
311
10
1132
558
562
1130
567
52
10
1434
561
1130
569
59
1746
362
560
824
10
877
814
562
362
562
63
1389
46
562
362
564
60
877
302
565
362
566
304
10
1133
610
362
567
50
10
1389
558
567
362
568
318
1691
562
618
560
561
10
878
46
560
618
561
824
10
1134
558
567
618
563
53
10
622
814
564
618
565
816
10
1134
46
562
618
566
66
1390
814
563
618
568
319
1692
568
618
569
566
266
608
558
566
49
58
561
305
266
864
866
49
58
562
577
1376
558
563
49
58
564
564
266
864
814
562
49
58
566
817
266
1376
46
562
49
58
567
562
266
1376
302
564
49
58
567
568
266
910
564
49
58
569
53
266
609
814
569
49
314
561
306
266
1121
46
568
49
314
562
57
266
1377
814
566
49
314
564
54
266
865
46
569
49
314
565
825
266
1121
302
568
49
314
567
306
266
655
566
49
314
568
313
266
1679
568
49
570
560
565
266
866
46
560
49
570
562
562
266
1378
302
560
49
570
563
569
266
610
608
49
570
565
566
266
1122
302
560
49
570
567
819
266
1168
562
49
570
569
816
266
1729
49
826
560
55
266
867
302
566
49
826
562
573
1379
558
562
49
826
564
48
266
611
612
49
826
565
576
1123
302
562
49
826
567
51
266
913
567
49
826
568
579
1477
49
58
560
571
612
558
568
49
58
561
49
266
868
46
568
49
58
562
51
266
1380
302
568
49
58
563
323
612
611
49
58
565
55
266
1124
558
562
49
58
567
573
1170
564
49
58
569
560
266
1733
49
314
560
321
869
302
569
49
314
562
564
266
1381
814
562
49
314
564
561
266
869
46
560
49
314
565
824
266
1125
558
560
49
314
567
318
1171
568
49
314
569
570
1731
305
58
560
55
266
865
302
562
305
58
562
819
266
1377
302
565
305
58
563
53
266
1377
869
305
58
564
574
865
558
561
305
58
566
820
266
1377
558
565
305
58
568
816
266
1222
305
58
569
320
610
46
568
305
314
561
572
1122
302
561
305
314
562
313
266
1378
814
562
305
314
564
565
266
866
814
566
305
314
566
571
1378
46
563
305
314
567
56
266
1168
568
305
314
569
53
266
611
302
561
305
570
561
561
266
1123
46
562
305
570
562
824
266
1379
814
563
305
570
564
319
867
46
564
305
570
566
572
1379
302
568
305
570
568
48
266
1226
305
570
569
311
266
612
302
566
305
826
561
564
266
1124
558
567
305
826
563
314
1380
866
305
826
564
577
868
558
564
305
826
566
574
1380
814
566
305
826
568
562
266
1170
560
305
826
569
323
613
814
569
305
58
561
55
266
1125
302
569
305
58
563
820
266
613
814
564
305
58
565
50
266
1125
302
560
305
58
567
816
266
1381
868
305
58
568
577
1683
561
305
314
560
566
266
870
46
569
305
314
562
52
266
1382
814
561
305
314
564
50
266
870
302
562
305
314
566
560
266
1126
866
305
314
567
312
266
1428
566
305
314
569
566
266
610
302
568
561
58
561
52
266
1122
814
568
561
58
563
316
610
302
569
561
58
565
305
266
1122
46
560
561
58
566
57
266
1378
607
561
58
568
310
266
1424
560
561
58
569
313
266
867
46
564
561
314
561
568
266
1379
558
565
561
314
564
817
266
867
46
567
561
314
565
579
1123
610
561
314
567
564
266
1425
560
561
314
568
576
1425
561
561
570
560
53
266
868
558
565
561
570
561
564
266
1124
814
560
561
570
563
560
266
612
558
560
561
570
564
323
1124
46
562
561
570
566
825
266
1380
610
561
570
568
321
1682
562
561
826
560
54
266
869
302
566
561
826
562
53
266
1381
46
562
561
826
563
307
266
613
814
565
561
826
565
562
266
869
302
564
561
826
566
561
266
1381
46
566
561
826
567
57
266
1427
560
561
826
568
574
1427
568
561
826
569
311
266
614
302
568
561
58
561
564
266
1126
814
564
561
58
563
562
266
614
302
560
561
58
565
48
266
870
613
561
58
566
577
1382
814
560
561
58
568
306
266
916
568
561
58
569
318
615
46
561
561
314
561
316
871
867
561
314
563
561
266
1383
868
561
314
564
578
871
814
569
561
314
566
320
1383
302
569
561
314
568
53
266
1685
568
817
58
560
51
266
867
558
562
817
58
562
560
266
1379
46
560
817
58
563
578
611
606
817
58
565
823
266
1123
558
566
817
58
567
53
266
913
560
817
58
569
564
266
612
814
566
817
314
561
51
266
1124
558
561
817
314
563
561
266
612
46
566
817
314
564
310
266
612
871
817
314
565
54
266
1124
302
561
817
314
566
577
1380
46
569
817
314
568
317
1682
560
817
570
560
315
869
302
568
817
570
562
570
1125
814
565
817
570
563
304
266
1381
615
817
570
564
567
266
869
46
569
817
570
565
54
266
1125
302
561
817
570
566
567
266
1125
866
817
570
567
575
1171
562
817
570
568
566
266
915
569
817
570
569
821
266
1477
817
826
560
51
266
614
608
817
826
561
54
266
1126
302
563
817
826
563
52
266
614
46
566
817
826
564
818
266
870
302
565
817
826
565
321
1126
612
817
826
567
311
266
1172
563
817
826
569
318
615
814
567
817
58
561
50
266
1127
302
560
817
58
562
323
1383
611
817
58
564
567
266
871
302
565
817
58
566
52
266
1383
814
564
817
58
568
562
266
1173
562
817
58
569
569
266
616
612
817
314
561
567
266
1128
558
568
817
314
563
565
266
616
46
562
817
314
565
306
266
1128
302
566
817
314
567
560
266
1384
615
817
314
568
56
266
1430
568
49
58
560
309
266
868
46
562
49
58
562
51
266
1380
302
566
49
58
564
304
266
612
865
49
58
565
321
1124
558
568
49
58
567
564
266
658
566
49
58
568
820
266
1426
560
49
314
560
818
266
613
302
563
49
314
560
57
266
869
46
569
49
314
562
304
266
1125
864
49
314
563
817
266
1381
814
566
49
314
564
576
869
302
569
49
314
566
564
266
1125
862
49
314
567
51
266
1171
564
49
314
569
561
266
614
46
562
49
570
560
320
614
862
49
570
561
566
266
1126
814
564
49
570
562
566
266
1382
302
565
49
570
564
49
266
614
814
568
49
570
565
49
266
1126
558
560
49
570
567
304
266
1382
868
49
570
568
562
266
1428
564
49
570
569
567
266
615
46
563
49
826
560
566
266
871
302
565
49
826
561
57
266
1127
46
564
49
826
563
819
266
1383
814
563
49
826
564
50
266
871
46
568
49
826
565
564
266
871
870
49
826
566
575
1127
610
49
826
567
822
266
917
568
49
826
569
564
266
616
558
568
49
58
560
568
266
872
302
568
49
58
562
560
266
1128
866
49
58
563
824
266
616
814
562
49
58
565
564
266
872
558
561
49
58
565
312
266
1128
814
568
49
58
567
51
266
617
814
567
49
314
561
49
266
873
814
563
49
314
562
304
266
1385
46
566
49
314
563
574
1385
608
49
314
565
562
266
873
814
560
49
314
568
54
266
919
562
305
58
561
306
266
869
558
564
305
58
562
323
1381
607
305
58
564
55
266
869
302
567
305
58
566
573
1381
558
568
305
58
568
305
266
915
560
305
58
569
578
614
814
567
305
314
561
566
266
1126
302
562
305
314
563
563
266
614
558
563
305
314
565
817
266
1126
46
561
305
314
566
824
266
1382
814
565
305
314
568
566
266
916
565
305
570
560
563
266
871
302
568
305
570
562
560
266
1127
612
305
570
563
576
615
302
562
305
570
565
51
266
1127
302
565
305
570
566
569
266
1383
814
567
305
570
568
821
266
1685
566
305
826
560
561
266
616
866
305
826
561
823
266
1128
302
561
305
826
563
307
266
1384
302
565
305
826
564
49
266
616
615
305
826
565
55
266
1128
302
562
305
826
567
563
266
1384
610
305
826
568
49
266
1484
305
826
569
321
617
302
560
305
58
561
52
266
1129
558
563
305
58
563
560
266
1385
615
305
58
564
55
266
617
866
305
58
565
575
873
870
305
58
566
53
266
1129
608
305
58
568
315
663
566
305
58
569
560
266
1736
305
314
560
321
874
558
565
305
314
562
564
266
1386
814
561
305
314
564
49
266
618
867
305
314
565
577
1130
558
561
305
314
567
308
266
1176
564
305
314
568
822
266
920
563
305
314
569
568
266
614
558
562
561
58
561
308
266
1126
558
560
561
58
562
579
1382
814
568
561
58
564
821
266
870
814
566
561
58
566
49
266
1126
864
561
58
567
55
266
660
568
561
58
569
51
266
615
302
560
561
314
560
57
266
871
814
561
561
314
562
561
266
1127
302
562
561
314
563
310
266
615
46
566
561
314
564
53
266
615
865
561
314
565
52
266
871
814
563
561
314
566
309
266
1383
558
566
561
314
568
817
266
1483
561
570
560
824
266
1128
814
567
561
570
563
562
266
1384
814
566
561
570
564
309
266
872
814
564
561
570
565
319
872
862
561
570
566
313
266
1384
814
560
561
570
568
318
1430
566
561
570
569
319
617
609
561
826
561
566
266
1129
46
562
561
826
563
562
266
617
46
562
561
826
564
824
266
873
558
566
561
826
566
318
1129
814
568
561
826
567
306
266
919
560
561
826
568
57
266
1687
564
561
58
560
575
874
46
564
561
58
562
818
266
1386
302
560
561
58
563
313
266
618
606
561
58
565
566
266
1130
302
562
561
58
567
819
266
1176
564
561
58
569
49
266
1742
561
314
560
824
266
875
558
569
561
314
562
821
266
1387
46
562
561
314
564
51
266
875
302
568
561
314
566
314
1131
615
561
314
567
56
266
1177
569
561
314
569
309
266
615
46
565
817
58
561
51
266
1127
558
561
817
58
563
570
1383
868
817
58
564
56
266
871
558
567
817
58
566
565
266
1383
814
564
817
58
568
562
266
917
568
817
58
569
313
266
616
814
565
817
314
561
319
1128
46
563
817
314
563
562
266
616
302
560
817
314
564
825
266
872
814
569
817
314
566
54
266
1384
46
564
817
314
568
307
266
1174
566
817
314
569
320
617
612
817
570
561
567
266
1129
302
568
817
570
563
52
266
617
558
568
817
570
565
817
266
873
866
817
570
566
56
266
1385
558
564
817
570
568
574
1687
565
817
826
560
817
266
874
46
562
817
826
561
53
266
1130
814
565
817
826
563
566
266
618
46
567
817
826
565
51
266
1130
558
560
817
826
567
816
266
1386
864
817
826
568
577
1432
562
817
58
560
821
266
875
46
562
817
58
562
306
266
1387
302
564
817
58
564
816
266
619
869
817
58
565
318
1131
814
567
817
58
567
566
266
665
562
817
58
568
573
921
560
817
314
560
316
876
302
564
817
314
562
48
266
1132
612
817
314
563
55
266
620
302
564
817
314
565
307
266
1132
558
561
817
314
567
48
266
1388
611
817
314
568
320
1178
560
107
560
563
266
872
302
564
107
561
313
266
1128
814
568
107
563
54
266
616
46
565
107
565
316
1128
302
562
107
566
569
266
1384
609
107
568
55
266
1174
567
363
560
820
266
873
814
562
363
562
571
1385
46
566
363
563
57
266
617
814
567
363
565
566
266
1129
302
563
363
567
307
266
1175
564
363
569
305
266
1431
562
619
560
54
266
874
558
566
619
562
309
266
1386
814
565
619
564
315
874
46
561
619
565
824
266
1130
558
566
619
567
318
1432
561
619
569
49
266
1742
875
560
321
875
814
561
875
562
308
266
1387
558
569
875
564
561
266
875
46
560
875
565
568
266
1131
814
562
875
567
319
665
565
875
569
563
266
1485
107
561
816
266
876
868
107
562
56
266
1388
814
560
107
564
575
876
46
560
107
566
51
266
1388
302
568
107
568
304
266
1483
107
569
577
621
558
562
363
561
309
266
1133
814
568
363
563
50
266
621
302
561
363
564
579
877
608
363
566
55
266
1389
302
568
363
568
308
266
1691
560
363
560
315
873
46
562
363
561
825
266
1129
608
363
563
566
266
617
302
569
363
565
574
1129
814
564
363
567
562
266
919
566
363
569
816
266
1738
619
560
568
266
874
814
562
619
562
54
266
1386
46
565
619
564
316
874
302
568
619
566
560
266
1130
614
619
567
567
266
1176
563
619
569
574
619
814
565
875
561
306
266
1131
46
567
875
562
825
266
1387
814
567
875
564
54
266
875
46
566
875
566
819
266
1387
302
568
875
567
323
1230
875
569
55
266
620
302
564
1131
561
819
266
1132
302
568
1131
563
48
266
1388
613
1131
564
55
266
876
558
562
1131
566
573
1388
558
562
1131
568
49
266
1490
1131
569
56
266
621
558
567
363
561
53
266
1133
814
566
363
563
818
266
621
302
560
363
564
569
266
877
606
363
566
320
1389
46
569
363
568
317
1435
565
619
560
49
266
622
870
619
561
312
266
1134
814
561
619
563
575
622
46
565
619
565
51
266
1134
302
566
619
567
304
266
1390
612
619
568
311
266
1180
565
50
58
560
573
864
558
561
50
58
562
304
522
1120
862
50
58
563
823
522
608
558
561
50
58
565
574
1120
814
566
50
58
567
306
522
654
564
50
58
568
57
522
1472
50
314
560
822
522
865
302
564
50
314
562
564
522
1377
558
566
50
314
564
49
522
865
46
560
50
314
565
568
522
1121
558
569
50
314
567
53
522
1423
568
50
314
569
50
522
610
46
568
50
570
560
57
522
866
814
565
50
570
562
831
1378
46
562
50
570
564
562
522
866
302
561
50
570
565
569
522
1122
814
566
50
570
567
54
522
1424
569
50
570
569
50
522
611
46
567
50
826
560
578
867
814
562
50
826
562
309
522
1379
814
563
50
826
564
561
522
611
868
50
826
565
567
522
1123
302
564
50
826
567
51
522
913
564
50
826
568
569
522
1681
560
50
58
560
574
868
558
566
50
58
562
48
522
1124
607
50
58
563
575
612
302
568
50
58
564
56
522
868
558
569
50
58
566
574
1380
558
567
50
58
568
570
1224
50
58
569
54
522
613
46
563
50
314
561
562
522
1125
46
561
50
314
562
568
522
1381
814
560
50
314
564
820
522
869
558
569
50
314
566
561
522
1125
868
50
314
567
564
522
1381
814
560
50
314
568
310
522
1171
560
306
58
560
51
522
609
302
567
306
58
561
561
522
865
46
562
306
58
562
48
522
1121
863
306
58
563
823
522
609
302
560
306
58
565
574
1121
814
565
306
58
567
306
522
655
568
306
58
568
57
522
1472
306
314
560
576
866
302
566
306
314
562
820
522
1378
814
561
306
314
564
49
522
866
46
562
306
314
565
821
522
866
862
306
314
566
53
522
1378
558
561
306
314
568
830
1680
565
306
570
560
562
522
867
46
569
306
570
561
57
522
1123
814
568
306
570
563
822
522
611
46
566
306
570
565
563
522
1123
302
569
306
570
567
48
522
1379
814
560
306
570
567
578
1425
565
306
570
569
309
522
612
46
562
306
826
560
57
522
868
558
568
306
826
562
826
1124
867
306
826
563
312
522
612
558
561
306
826
565
305
522
868
46
568
306
826
566
307
522
1124
558
569
306
826
568
57
522
1682
567
306
58
560
54
522
869
302
562
306
58
562
307
522
1381
558
564
306
58
564
816
522
613
869
306
58
565
824
522
1125
46
562
306
58
566
311
522
1125
864
306
58
567
575
1381
609
306
58
568
49
522
659
566
306
58
568
311
522
1427
566
306
314
560
305
522
614
558
562
306
314
561
560
522
870
611
306
314
562
567
522
1382
558
560
306
314
564
572
870
558
569
306
314
566
48
522
1126
868
306
314
567
56
522
1172
568
306
314
569
565
522
1684
568
562
58
560
51
522
866
302
566
562
58
561
54
522
866
869
562
58
562
823
522
1378
814
567
562
58
564
819
522
610
814
564
562
58
565
817
522
866
868
562
58
566
567
522
1378
302
567
562
58
568
819
522
1168
568
562
58
569
835
611
610
562
314
561
576
1123
302
562
562
314
563
573
611
558
560
562
314
565
570
867
866
562
314
566
577
1379
558
566
562
314
568
821
522
1681
564
562
570
560
50
522
868
302
562
562
570
561
57
522
1124
608
562
570
563
55
522
612
302
564
562
570
565
820
522
1124
814
560
562
570
567
571
658
565
562
570
568
57
522
1475
562
826
560
832
869
302
566
562
826
562
52
522
1381
558
566
562
826
564
49
522
869
46
561
562
826
565
824
522
1125
814
564
562
826
567
575
659
564
562
826
569
572
614
302
564
562
58
560
825
522
870
609
562
58
562
576
1382
46
568
562
58
564
307
522
870
558
561
562
58
566
48
522
1126
614
562
58
567
823
522
916
562
562
58
569
573
615
558
564
562
314
561
48
522
871
862
562
314
562
567
522
1383
302
566
562
314
564
52
522
871
558
569
562
314
566
817
522
1127
871
562
314
567
312
522
1173
569
562
314
569
53
522
611
814
569
818
58
561
827
1123
46
567
818
58
562
833
1379
814
562
818
58
564
817
522
611
302
560
818
58
564
568
522
867
46
561
818
58
566
306
522
1379
46
565
818
58
567
56
522
1169
566
818
58
569
564
522
612
558
562
818
314
561
304
522
868
610
818
314
562
566
522
1380
46
560
818
314
564
571
612
867
818
314
565
311
522
1124
46
569
818
314
567
562
522
658
564
818
314
568
568
522
1426
561
818
570
560
52
522
869
558
561
818
570
562
304
522
1125
608
818
570
563
54
522
613
46
567
818
570
565
307
522
1125
302
560
818
570
566
579
1381
609
818
570
568
576
1171
565
818
826
560
828
870
558
561
818
826
562
816
522
1126
865
818
826
563
55
522
614
302
560
818
826
564
54
522
870
46
566
818
826
566
561
522
1382
302
560
818
826
567
57
522
1428
560
818
826
569
830
615
558
568
818
58
561
816
522
871
814
567
818
58
561
568
522
1127
558
566
818
58
563
564
522
615
558
565
818
58
565
48
522
871
302
568
818
58
565
568
522
1127
302
569
818
58
567
306
522
661
569
818
58
568
56
522
1173
564
818
58
569
566
522
616
46
563
818
314
561
827
872
868
818
314
562
311
522
1384
302
564
818
314
564
563
522
872
302
564
818
314
565
825
522
1128
606
818
314
567
566
522
662
565
818
314
569
51
522
612
302
560
50
58
560
569
522
868
606
50
58
562
822
522
1380
46
568
50
58
564
51
522
868
302
566
50
58
565
57
522
1124
607
50
58
567
566
522
914
560
50
58
569
563
522
613
302
564
50
314
561
48
522
869
612
50
314
562
311
522
1381
302
566
50
314
564
829
869
558
564
50
314
566
826
1125
866
50
314
567
823
522
915
569
50
314
569
308
522
614
558
563
50
570
561
560
522
870
862
50
570
562
567
522
1382
302
565
50
570
564
573
870
558
564
50
570
566
570
1126
865
50
570
567
567
522
1172
562
50
570
569
820
522
615
558
568
50
826
561
49
522
871
870
50
826
562
577
1383
558
566
50
826
564
309
522
871
814
562
50
826
566
50
522
1383
46
566
50
826
567
578
1429
565
50
826
569
310
522
616
46
564
50
58
561
819
522
1128
302
568
50
58
563
304
522
1384
865
50
58
564
833
872
558
566
50
58
566
574
1384
814
568
50
58
568
562
522
1174
565
50
314
560
48
522
617
862
50
314
561
56
522
1129
814
560
50
314
563
831
617
46
566
50
314
565
563
522
1129
558
567
50
314
567
561
522
663
564
50
314
568
57
522
1484
306
58
560
311
522
869
558
565
306
58
562
309
522
1381
46
567
306
58
564
307
522
869
558
565
306
58
566
817
522
1381
46
564
306
58
567
57
522
1221
306
58
569
55
522
614
558
565
306
314
561
565
522
1126
46
565
306
314
563
819
522
614
558
568
306
314
565
827
1126
302
561
306
314
567
48
522
1382
864
306
314
568
312
522
1428
566
306
570
560
566
522
871
302
564
306
570
562
308
522
1383
814
567
306
570
564
828
871
558
560
306
570
566
561
522
1383
46
562
306
570
567
313
522
1227
306
570
569
823
522
616
558
563
306
826
561
565
522
1128
46
564
306
826
563
51
522
616
558
564
306
826
565
560
522
872
870
306
826
566
578
1384
814
567
306
826
568
566
522
1174
563
306
58
560
564
522
873
814
560
306
58
562
571
1385
46
566
306
58
563
57
522
617
814
565
306
58
565
566
522
1129
302
564
306
58
567
308
522
1175
569
306
58
569
571
618
46
564
306
314
560
57
522
874
608
306
314
562
310
522
1386
302
566
306
314
564
308
522
874
558
567
306
314
566
571
1130
814
564
306
314
567
569
522
1432
568
306
314
569
567
522
614
558
567
562
58
561
54
522
1126
302
563
562
58
563
52
522
614
814
568
562
58
565
307
522
1126
558
563
562
58
567
49
522
660
564
562
58
568
579
1732
562
314
560
312
522
871
814
565
562
314
562
576
1383
302
568
562
314
564
53
522
871
46
561
562
314
566
51
522
1383
558
566
562
314
568
816
522
917
562
562
314
569
57
522
616
610
562
570
561
567
522
1128
558
566
562
570
563
565
522
616
46
567
562
570
565
573
1128
558
565
562
570
567
49
522
662
566
562
570
568
824
522
1480
562
826
560
567
522
873
558
564
562
826
562
565
522
1385
46
567
562
826
564
307
522
873
558
564
562
826
566
305
522
1385
46
560
562
826
567
578
1431
568
562
826
569
560
522
618
46
569
562
58
561
829
1130
558
560
562
58
562
53
522
1386
302
561
562
58
564
48
522
618
608
562
58
565
823
522
1130
46
566
562
58
566
310
522
1386
46
566
562
58
568
307
522
1432
564
562
314
560
49
522
875
46
564
562
314
561
825
522
1131
606
562
314
563
567
522
619
558
563
562
314
565
565
522
1131
46
565
562
314
567
563
522
1177
564
562
314
569
571
615
302
561
818
58
560
835
871
867
818
58
562
57
522
1383
814
566
818
58
564
823
522
871
558
568
818
58
566
821
522
1383
302
560
818
58
568
52
522
1429
568
818
314
560
562
522
872
558
560
818
314
562
826
1384
46
568
818
314
564
304
522
872
46
562
818
314
565
579
1128
615
818
314
567
56
522
1430
569
818
314
569
822
522
617
558
562
818
570
561
309
522
1129
46
567
818
570
563
829
617
814
561
818
570
565
571
1129
302
563
818
570
567
304
522
1385
864
818
570
568
578
1480
818
826
560
576
874
558
565
818
826
562
831
1386
46
566
818
826
564
564
522
874
814
567
818
826
566
562
522
1386
302
569
818
826
568
817
522
920
560
818
826
569
313
522
619
613
818
58
561
55
522
1131
558
566
818
58
563
565
522
619
46
564
818
58
565
819
522
1131
302
564
818
58
567
560
522
1387
866
818
58
568
824
522
1689
563
818
314
560
310
522
876
46
568
818
314
562
573
1388
814
561
818
314
564
817
522
876
302
561
818
314
566
48
522
1132
866
818
314
567
578
1230
818
314
569
577
616
558
569
108
561
54
522
1128
302
565
108
563
53
522
616
46
564
108
565
828
1128
558
566
108
567
50
522
918
560
108
569
49
522
617
46
569
364
561
816
522
1129
46
565
364
562
824
522
1385
614
364
564
568
522
873
607
364
566
823
522
1385
558
566
364
568
822
522
1175
568
620
560
563
522
874
814
562
620
562
306
522
1386
46
568
620
564
816
522
618
870
620
565
568
522
1130
610
620
567
56
522
1432
561
620
569
55
522
619
558
565
876
561
309
522
1131
46
567
876
563
308
522
619
558
564
876
565
827
1131
302
562
876
566
313
522
1387
614
876
568
577
1490
876
569
818
522
1433
562
108
560
309
522
876
46
564
108
562
572
1388
558
560
108
564
305
522
620
869
108
565
57
522
1132
608
108
567
566
522
1178
560
108
569
565
522
621
814
567
364
561
307
522
1133
558
564
364
563
49
522
621
46
563
364
564
313
522
877
612
364
566
833
1389
814
560
364
568
566
522
1179
564
364
560
51
522
873
558
566
364
562
305
522
1385
46
564
364
563
569
522
617
606
364
565
822
522
1129
46
568
364
567
573
1385
558
563
364
568
50
522
919
565
364
569
825
522
618
814
568
620
561
831
1130
46
567
620
563
563
522
618
558
561
620
565
570
874
867
620
566
55
522
1386
558
563
620
568
53
522
1688
561
876
560
827
875
46
566
876
561
578
1131
814
566
876
563
566
522
619
46
568
876
565
563
522
1131
558
562
876
567
49
522
1387
869
876
568
312
522
1689
562
1132
560
831
876
46
566
1132
562
563
522
1388
558
560
1132
564
561
522
876
46
563
1132
565
312
522
1132
814
568
1132
567
832
922
563
1132
569
564
522
621
814
568
364
561
50
522
1133
302
563
364
563
48
522
1389
612
364
564
833
877
814
560
364
566
53
522
1389
46
566
364
568
563
522
1435
560
620
560
305
522
878
46
560
620
561
834
1134
814
568
620
563
566
522
622
302
565
620
565
308
522
1134
558
566
620
567
827
668
566
620
568
825
522
1490
51
58
560
55
778
864
558
564
51
58
562
53
778
1376
814
568
51
58
564
307
778
864
558
563
51
58
566
305
778
1376
46
564
51
58
567
569
778
1222
51
58
569
568
778
609
814
564
51
314
561
1088
1121
558
563
51
314
563
565
778
609
302
562
51
314
565
308
778
1121
814
564
51
314
567
828
1167
560
51
314
569
304
778
1734
51
570
560
312
778
866
814
568
51
570
562
822
778
1378
302
561
51
570
564
564
778
866
814
560
51
570
566
827
1378
46
568
51
570
567
825
778
1218
51
570
569
311
778
611
302
566
51
826
561
52
778
1123
814
562
51
826
562
57
778
1379
302
563
51
826
564
560
778
611
863
51
826
565
1089
1123
558
562
51
826
567
52
778
1169
567
51
826
569
49
778
1732
51
58
560
567
778
868
558
561
51
58
562
564
778
1380
814
560
51
58
564
305
778
612
866
51
58
565
568
778
1124
558
567
51
58
567
1086
1426
566
51
58
569
306
778
613
46
562
51
314
560
313
778
869
814
568
51
314
562
562
778
1125
302
568
51
314
563
820
778
613
814
564
51
314
565
561
778
1125
46
565
51
314
566
569
778
1381
814
564
51
314
568
822
778
1171
560
307
58
560
563
778
865
558
560
307
58
562
816
778
1121
868
307
58
563
567
778
609
558
567
307
58
565
565
778
1121
46
563
307
58
567
819
778
1167
562
307
58
569
561
778
610
46
563
307
314
560
825
778
866
608
307
314
562
