48
58
560
817
10
608
870
48
58
561
823
10
1120
46
568
48
58
563
818
10
1376
871
48
58
564
567
10
864
46
567
48
58
566
50
10
1120
868
48
58
567
567
10
654
568
48
58
569
306
10
609
46
560
48
314
560
823
10
865
302
563
48
314
562
60
1377
46
564
48
314
563
65
609
302
564
48
314
565
818
10
1121
46
562
48
314
566
567
10
1377
302
561
48
314
568
306
10
911
563
48
314
569
567
10
610
46
565
48
570
561
306
10
866
868
48
570
562
55
10
1378
46
566
48
570
564
306
10
610
610
48
570
565
55
10
1122
814
568
48
570
567
562
10
656
560
48
570
568
55
10
912
568
48
826
560
50
10
867
46
560
48
826
561
55
10
1123
46
569
48
826
563
562
10
1379
868
48
826
564
55
10
867
558
567
48
826
566
818
10
1123
866
48
826
567
567
10
913
564
48
826
569
306
10
612
46
565
48
58
560
567
10
868
814
569
48
58
562
60
1380
46
566
48
58
563
56
10
612
302
563
48
58
565
60
1124
46
562
48
58
566
321
1380
46
560
48
58
568
562
10
914
562
48
58
569
63
613
46
568
48
314
561
307
10
869
866
48
314
562
821
10
1381
46
560
48
314
564
561
10
613
302
564
48
314
564
312
10
869
302
562
48
314
565
569
10
1125
558
560
48
314
566
57
10
1381
302
569
48
314
567
569
10
1171
566
48
314
568
824
10
915
565
304
58
560
307
10
609
870
304
58
561
54
10
1121
814
563
304
58
562
56
10
1377
558
565
304
58
564
307
10
609
302
561
304
58
564
57
10
865
46
569
304
58
566
60
1121
864
304
58
567
63
911
561
304
58
568
56
10
911
565
304
314
560
560
10
610
608
304
314
561
820
10
1122
302
562
304
314
562
567
10
1378
46
560
304
314
564
560
10
610
814
563
304
314
565
563
10
1122
46
564
304
314
566
567
10
1378
46
561
304
314
568
314
1216
304
314
569
53
10
611
558
560
304
570
560
57
10
867
558
561
304
570
562
563
10
1379
46
562
304
570
563
320
611
46
561
304
570
564
310
10
867
302
561
304
570
565
568
10
1123
46
563
304
570
567
306
10
1379
863
304
570
568
818
10
1169
561
304
570
569
563
10
1734
304
826
560
567
10
868
814
564
304
826
562
561
10
1124
615
304
826
563
565
10
612
814
566
304
826
565
49
10
868
608
304
826
566
63
1380
814
562
304
826
568
48
10
1426
568
304
826
569
62
613
558
562
304
58
560
565
10
613
867
304
58
561
64
1125
814
565
304
58
563
817
10
1381
612
304
58
564
54
10
869
814
563
304
58
565
568
10
1125
46
566
304
58
566
320
1381
302
560
304
58
568
50
10
1479
304
58
569
566
10
614
814
567
304
314
561
816
10
870
814
568
304
314
562
62
1382
302
567
304
314
563
312
10
614
302
569
304
314
565
316
870
870
304
314
566
53
10
1382
558
565
304
314
568
816
10
1172
565
304
314
569
307
10
610
46
568
560
58
560
55
10
866
46
567
560
58
561
564
10
866
868
560
58
562
55
10
1378
46
561
560
58
564
304
10
610
814
563
560
58
565
52
10
1122
46
565
560
58
566
51
10
1122
814
560
560
58
567
563
10
656
562
560
58
568
64
1680
564
560
314
560
560
10
611
558
566
560
314
561
51
10
1123
46
560
560
314
562
64
1379
814
566
560
314
564
304
10
611
558
563
560
314
565
308
10
1123
302
564
560
314
566
56
10
1379
302
560
560
314
568
306
10
1473
560
314
569
309
10
612
558
569
560
570
560
67
868
558
569
560
570
562
52
10
1380
46
568
560
570
563
311
10
612
46
563
560
570
564
53
10
868
302
563
560
570
565
568
10
1124
558
568
560
570
567
61
658
568
560
570
568
61
1426
568
560
570
569
318
613
558
560
560
826
560
568
10
869
46
569
560
826
562
51
10
1381
46
561
560
826
563
311
10
613
46
561
560
826
565
305
10
869
814
563
560
826
565
67
1125
46
569
560
826
567
59
1381
558
562
560
826
567
824
10
915
560
560
826
569
50
10
1734
560
58
560
59
614
558
561
560
58
561
60
870
302
569
560
58
562
53
10
1382
814
560
560
58
563
67
614
558
566
560
58
565
563
10
870
871
560
58
566
822
10
1382
814
566
560
58
568
816
10
660
562
560
58
568
55
10
1428
566
560
58
569
313
10
615
46
568
560
314
561
307
10
1127
46
569
560
314
562
566
10
1383
46
564
560
314
564
561
10
615
814
560
560
314
565
820
10
871
558
567
560
314
566
305
10
1127
610
560
314
567
821
10
1173
563
560
314
568
57
10
1429
564
816
58
560
562
10
867
46
565
816
58
561
823
10
1123
46
569
816
58
563
562
10
1379
866
816
58
564
566
10
867
814
568
816
58
566
305
10
1123
606
816
58
567
53
10
1169
566
816
58
568
825
10
913
567
816
58
569
568
10
612
302
569
816
314
560
54
10
868
46
561
816
314
561
60
868
558
567
816
314
562
304
10
1124
814
561
816
314
563
560
10
1380
606
816
314
564
816
10
612
558
563
816
314
565
560
10
868
814
564
816
314
566
563
10
1380
302
563
816
314
567
566
10
914
566
816
314
569
562
10
914
565
816
314
569
56
10
613
302
564
816
570
560
309
10
869
302
568
816
570
561
569
10
1125
558
563
816
570
563
561
10
1381
614
816
570
564
562
10
613
558
562
816
570
564
825
10
869
610
816
570
566
64
1125
864
816
570
567
562
10
659
564
816
570
568
567
10
915
568
816
826
560
314
614
814
568
816
826
561
52
10
1126
46
564
816
826
562
567
10
1382
814
569
816
826
564
560
10
614
558
565
816
826
565
59
870
864
816
826
566
53
10
1382
302
562
816
826
567
320
1428
566
816
826
568
567
10
1428
560
816
58
560
305
10
615
558
563
816
58
561
62
1127
302
560
816
58
562
54
10
1383
558
569
816
58
564
560
10
615
558
565
816
58
565
316
871
866
816
58
566
821
10
1127
615
816
58
567
817
10
1383
558
569
816
58
568
61
1478
816
58
569
49
10
1685
567
816
314
560
820
10
616
614
816
314
561
309
10
1128
814
563
816
314
562
568
10
1384
46
568
816
314
564
306
10
616
814
569
816
314
565
308
10
1128
46
566
816
314
566
822
10
1384
302
566
816
314
567
57
10
662
568
816
314
569
561
10
1686
563
48
58
560
51
10
612
302
567
48
58
560
569
10
868
302
568
48
58
562
50
10
1124
608
48
58
563
308
10
612
46
566
48
58
564
63
868
558
562
48
58
565
57
10
1124
302
569
48
58
567
562
10
1380
612
48
58
568
821
10
1170
569
48
58
569
568
10
613
558
560
48
314
561
307
10
869
864
48
314
562
567
10
1381
46
568
48
314
564
818
10
613
869
48
314
565
565
10
1125
46
562
48
314
567
49
10
1381
613
48
314
568
63
1427
569
48
570
560
304
10
614
814
562
48
570
561
564
10
1126
46
567
48
570
562
53
10
1126
614
48
570
563
54
10
614
46
566
48
570
564
307
10
614
814
567
48
570
565
55
10
870
866
48
570
567
305
10
1382
614
48
570
568
565
10
1428
566
48
570
569
569
10
615
558
569
48
826
561
61
1127
302
560
48
826
562
568
10
1383
302
562
48
826
564
59
615
866
48
826
565
566
10
1127
46
560
48
826
567
305
10
1383
558
566
48
826
568
821
10
1685
560
48
58
560
304
10
616
814
567
48
58
561
820
10
1128
558
560
48
58
562
57
10
1384
558
566
48
58
564
317
872
302
561
48
58
565
824
10
1128
302
566
48
58
567
562
10
1384
870
48
58
568
822
10
918
561
48
58
569
311
10
617
46
564
48
314
560
66
873
302
568
48
314
562
305
10
1129
609
48
314
563
54
10
617
814
566
48
314
564
67
873
558
569
48
314
566
819
10
1385
46
562
48
314
567
309
10
919
566
48
314
568
55
10
1687
564
304
58
560
816
10
613
607
304
58
561
307
10
869
862
304
58
562
566
10
1381
302
562
304
58
563
568
10
613
46
564
304
58
565
561
10
869
814
565
304
58
566
52
10
1381
46
562
304
58
567
566
10
659
568
304
58
568
57
10
1171
568
304
314
560
562
10
614
614
304
314
561
53
10
1126
558
560
304
314
562
66
1382
302
564
304
314
564
50
10
614
609
304
314
565
817
10
870
558
564
304
314
566
562
10
1382
46
562
304
314
567
308
10
1382
814
565
304
314
568
564
10
1172
565
304
314
569
567
10
615
302
568
304
570
561
51
10
1127
46
563
304
570
562
55
10
1383
814
563
304
570
564
49
10
615
814
562
304
570
565
52
10
1127
302
564
304
570
566
313
10
1383
558
565
304
570
568
819
10
917
563
304
570
569
567
10
616
46
562
304
826
561
49
10
872
558
569
304
826
562
53
10
1384
302
569
304
826
563
66
616
302
567
304
826
565
562
10
872
867
304
826
566
54
10
1384
814
564
304
826
568
560
10
918
567
304
826
569
52
10
617
46
569
304
58
560
321
873
814
566
304
58
562
49
10
1129
613
304
58
563
821
10
617
558
568
304
58
564
825
10
873
558
568
304
58
566
60
1385
302
561
304
58
567
54
10
1385
610
304
58
568
52
10
1687
560
304
314
560
48
10
618
814
567
304
314
561
62
1130
558
563
304
314
562
569
10
1386
558
568
304
314
564
317
874
46
560
304
314
565
312
10
1130
46
567
304
314
567
307
10
1386
814
568
304
314
568
560
10
1432
566
304
314
569
564
10
614
302
562
560
58
560
568
10
870
558
562
560
58
562
314
1126
814
568
560
58
562
568
10
1382
814
561
560
58
564
563
10
614
814
560
560
58
565
49
10
870
302
566
560
58
566
50
10
1382
302
565
560
58
567
823
10
1172
565
560
58
569
314
1684
566
560
314
560
564
10
615
866
560
314
561
315
871
814
568
560
314
562
53
10
1383
46
560
560
314
563
818
10
1383
814
565
560
314
564
561
10
615
302
568
560
314
564
313
10
871
558
564
560
314
566
565
10
1383
46
564
560
314
567
566
10
1173
562
560
314
568
57
10
1484
560
570
560
54
10
616
869
560
570
561
307
10
872
608
560
570
562
564
10
1128
814
563
560
570
563
61
1384
862
560
570
564
818
10
616
814
560
560
570
565
50
10
872
814
564
560
570
566
63
1384
558
562
560
570
568
58
1430
560
560
570
568
57
10
1174
568
560
826
560
58
617
46
564
560
826
560
320
873
814
560
560
826
561
323
1129
302
560
560
826
563
48
10
1385
46
560
560
826
563
312
10
617
46
562
560
826
565
816
10
873
814
560
560
826
566
306
10
1129
869
560
826
567
53
10
1175
568
560
826
568
565
10
1483
560
826
569
564
10
618
558
567
560
58
560
57
10
874
558
562
560
58
562
818
10
1130
869
560
58
563
310
10
618
558
566
560
58
565
48
10
874
814
563
560
58
566
820
10
1386
46
563
560
58
567
824
10
920
563
560
58
569
562
10
1737
560
314
560
62
875
558
568
560
314
561
569
10
1131
558
564
560
314
563
307
10
619
46
564
560
314
564
823
10
875
46
563
560
314
566
58
1131
613
560
314
567
63
1433
560
560
314
569
560
10
921
568
816
58
560
52
10
871
302
565
816
58
561
57
10
1127
814
562
816
58
562
566
10
1383
814
564
816
58
564
560
10
615
814
566
816
58
565
317
1127
302
561
816
58
566
319
1127
864
816
58
567
309
10
1429
564
816
58
568
825
10
1429
566
816
314
560
53
10
616
814
560
816
314
561
59
872
302
566
816
314
561
569
10
1128
46
564
816
314
563
51
10
1384
862
816
314
564
63
872
814
560
816
314
565
56
10
1128
46
568
816
314
566
66
1384
302
561
816
314
568
560
10
918
565
816
314
569
65
617
302
560
816
570
561
48
10
873
864
816
570
562
822
10
1385
814
562
816
570
564
304
10
617
46
562
816
570
564
310
10
873
46
566
816
570
566
561
10
1129
46
564
816
570
566
568
10
1385
558
560
816
570
567
309
10
1175
561
816
570
568
54
10
1485
816
570
569
819
10
1431
568
816
826
560
317
874
46
562
816
826
561
54
10
1130
46
568
816
826
563
561
10
1386
558
569
816
826
563
569
10
618
302
565
816
826
565
562
10
1130
46
565
816
826
566
567
10
1386
46
564
816
826
567
312
10
1176
561
816
826
568
57
10
1432
566
816
58
560
307
10
619
558
565
816
58
561
565
10
1131
302
562
816
58
563
305
10
1387
865
816
58
564
51
10
875
814
563
816
58
566
48
10
1131
814
562
816
58
567
304
10
1387
814
561
816
58
568
314
1433
569
816
58
569
318
620
46
562
816
314
560
311
10
876
302
569
816
314
562
562
10
1132
868
816
314
563
821
10
1388
871
816
314
565
560
10
876
558
565
816
314
566
52
10
1388
46
565
816
314
567
566
10
922
560
816
314
569
50
10
1490
106
560
565
10
872
558
568
106
561
67
1128
558
568
106
563
52
10
616
302
561
106
564
312
10
872
302
568
106
566
563
10
1384
46
564
106
567
65
918
560
106
569
50
10
1740
362
560
820
10
873
558
562
362
562
816
10
1129
558
566
362
562
320
1385
558
562
362
564
305
10
617
607
362
565
53
10
1129
46
566
362
566
322
1385
302
568
362
568
60
1485
362
569
566
10
618
558
565
618
561
560
10
874
814
565
618
562
564
10
1386
302
565
618
563
568
10
618
302
566
618
565
306
10
874
614
618
566
822
10
1386
814
562
618
568
48
10
1176
568
618
569
562
10
619
46
565
874
560
55
10
875
46
563
874
561
65
1131
302
562
874
562
307
10
1131
607
874
563
52
10
1387
814
562
874
563
825
10
619
614
874
565
561
10
875
46
566
874
566
561
10
1131
870
874
567
64
1433
566
874
568
825
10
1689
566
106
560
564
10
620
606
106
561
48
10
876
814
569
106
562
309
10
1388
558
560
106
563
66
620
302
568
106
565
562
10
876
867
106
566
819
10
1132
558
563
106
567
563
10
666
567
106
568
64
1178
561
106
569
61
621
46
564
362
560
824
10
877
302
562
362
561
57
10
1389
46
560
362
563
55
10
621
46
565
362
565
817
10
877
607
362
566
62
1389
558
560
362
567
825
10
1179
563
362
569
307
10
1743
362
560
308
10
617
558
562
362
561
561
10
1129
46
569
362
562
311
10
1385
302
566
362
564
816
10
617
558
560
362
565
817
10
873
870
362
566
309
10
1129
865
362
567
306
10
1385
46
564
362
567
311
10
919
569
362
568
57
10
1431
569
618
560
818
10
618
814
569
618
562
58
1130
558
566
618
562
313
10
1386
614
618
564
820
10
874
302
569
618
566
51
10
1130
606
618
567
307
10
920
565
618
568
51
10
1176
564
618
569
61
619
46
560
874
560
51
10
619
558
563
874
561
562
10
875
614
874
562
565
10
1387
46
565
874
563
56
10
619
46
565
874
565
48
10
875
814
564
874
566
819
10
1387
46
566
874
567
563
10
1387
558
562
874
568
317
921
563
874
569
55
10
620
814
560
1130
561
58
876
814
563
1130
561
55
10
1132
46
564
1130
563
817
10
1388
607
1130
564
318
876
558
560
1130
565
824
10
1132
302
568
1130
567
562
10
1388
869
1130
568
54
10
1690
567
362
560
560
10
621
558
565
362
561
51
10
1133
302
566
362
562
312
10
1389
302
566
362
564
562
10
621
302
567
362
564
67
877
558
569
362
565
67
1133
46
561
362
567
49
10
1389
612
362
568
565
10
1691
561
618
560
816
10
622
814
566
618
561
51
10
1134
558
562
618
562
313
10
1390
558
568
618
564
564
10
622
814
569
618
565
305
10
878
614
618
566
310
10
1390
814
564
618
568
816
10
668
563
618
568
56
10
1180
562
49
58
560
562
266
608
615
49
58
561
567
266
1120
558
565
49
58
563
48
266
1376
863
49
58
564
310
266
864
46
564
49
58
566
48
266
1120
610
49
58
567
318
910
569
49
58
568
56
266
1422
565
49
314
560
308
266
609
558
566
49
314
561
561
266
865
614
49
314
562
53
266
1377
814
564
49
314
564
560
266
609
46
568
49
314
565
309
266
1121
302
563
49
314
566
825
266
1377
814
562
49
314
568
308
266
1423
568
49
314
569
50
266
1729
49
570
560
55
266
866
46
565
49
570
562
571
1122
814
568
49
570
563
310
266
610
814
566
49
570
565
816
266
866
46
564
49
570
565
320
1122
46
565
49
570
566
54
266
1378
814
565
49
570
567
54
266
656
568
49
570
568
55
266
1680
563
49
826
560
571
611
302
566
49
826
560
824
266
867
814
562
49
826
563
570
1379
814
568
49
826
563
321
611
46
564
49
826
565
560
266
867
814
566
49
826
566
562
266
1123
608
49
826
567
57
266
1169
562
49
826
568
322
1681
562
49
826
569
57
266
612
558
569
49
58
561
307
266
868
814
564
49
58
562
54
266
1380
814
564
49
58
564
48
266
612
46
565
49
58
564
321
868
302
562
49
58
566
818
266
1124
302
560
49
58
567
319
914
567
49
58
568
309
266
1480
49
58
569
51
266
613
558
568
49
314
561
48
266
869
302
567
49
314
562
560
266
1381
46
564
49
314
563
575
1381
871
49
314
564
566
266
869
46
566
49
314
565
311
266
1125
46
563
49
314
566
825
266
1381
814
566
49
314
568
318
1171
568
49
314
569
578
609
558
562
305
58
561
51
266
1121
46
565
305
58
562
321
1377
302
560
305
58
564
818
266
609
866
305
58
565
822
266
1121
814
562
305
58
566
323
1377
302
563
305
58
568
819
266
911
563
305
58
569
576
1480
305
314
560
51
266
610
864
305
314
561
54
266
1122
814
566
305
314
563
48
266
1378
558
562
305
314
563
320
610
814
565
305
314
564
313
266
866
558
563
305
314
565
313
266
1122
814
565
305
314
567
48
266
1378
302
568
305
314
568
308
266
1168
560
305
314
569
577
611
558
569
305
570
561
304
266
867
606
305
570
562
565
266
1379
302
569
305
570
563
56
266
611
46
560
305
570
565
315
867
610
305
570
566
305
266
1123
46
568
305
570
567
48
266
1379
606
305
570
568
318
1169
564
305
570
569
321
612
46
564
305
826
560
311
266
868
46
566
305
826
561
318
868
814
561
305
826
562
307
266
1380
46
564
305
826
563
576
612
814
564
305
826
564
569
266
868
558
564
305
826
566
572
1124
867
305
826
567
54
266
1170
562
305
826
568
57
266
1170
566
305
58
560
562
266
613
614
305
58
561
821
266
1125
302
565
305
58
562
824
266
1381
46
568
305
58
564
304
266
613
814
566
305
58
565
52
266
1125
46
562
305
58
566
320
1381
814
561
305
58
567
57
266
915
568
305
58
568
568
266
1427
561
305
58
569
568
266
614
46
568
305
314
561
49
266
870
814
562
305
314
562
307
266
1126
869
305
314
563
821
266
614
558
564
305
314
564
824
266
870
46
569
305
314
566
305
266
1126
814
564
305
314
567
573
660
563
305
314
568
566
266
1428
569
305
314
569
569
266
610
302
564
561
58
561
305
266
866
814
568
561
58
562
563
266
1378
46
562
561
58
563
309
266
610
558
565
561
58
564
824
266
866
558
560
561
58
566
48
266
1122
558
567
561
58
567
572
1378
615
561
58
568
574
912
568
561
58
569
52
266
1680
560
561
314
560
51
266
611
606
561
314
561
565
266
1123
46
560
561
314
562
576
1379
814
566
561
314
563
824
266
611
302
568
561
314
565
571
867
302
560
561
314
565
56
266
1123
46
560
561
314
566
55
266
1379
46
565
561
314
567
566
266
1169
566
561
314
568
568
266
1681
566
561
570
560
816
266
612
558
568
561
570
561
316
868
613
561
570
562
307
266
1124
868
561
570
563
566
266
612
46
568
561
570
564
322
868
46
569
561
570
565
56
266
1124
814
560
561
570
566
313
266
1380
607
561
570
568
52
266
914
561
561
570
569
823
266
613
46
566
561
826
560
55
266
869
302
561
561
826
561
312
266
1125
302
566
561
826
562
54
266
1381
814
566
561
826
563
310
266
613
558
562
561
826
564
565
266
869
558
565
561
826
566
50
266
1125
608
561
826
567
572
1381
870
561
826
568
317
1171
568
561
826
569
312
266
614
46
562
561
58
561
304
266
870
558
568
561
58
562
563
266
1126
869
561
58
563
822
266
614
558
569
561
58
564
569
266
870
302
565
561
58
565
566
266
1126
558
569
561
58
566
313
266
1382
558
560
561
58
568
818
266
1479
561
58
569
309
266
615
558
563
561
314
560
322
871
302
563
561
314
562
304
266
1127
608
561
314
563
317
615
302
563
561
314
564
319
615
814
569
561
314
565
52
266
1127
302
561
561
314
566
566
266
1383
814
562
561
314
567
323
1173
569
561
314
569
562
266
1733
817
58
560
310
266
867
302
569
817
58
561
567
266
1123
302
567
817
58
563
306
266
1379
814
565
817
58
564
561
266
611
302
561
817
58
565
561
266
867
558
563
817
58
566
308
266
1379
46
569
817
58
567
55
266
1425
569
817
58
568
825
266
1425
567
817
314
560
50
266
612
868
817
314
561
310
266
1124
558
566
817
314
562
578
1380
302
567
817
314
564
50
266
612
862
817
314
565
821
266
1124
558
561
817
314
566
824
266
1380
46
565
817
314
568
50
266
1426
565
817
314
569
565
266
613
302
566
817
570
560
56
266
869
46
567
817
570
562
561
266
1125
558
564
817
570
563
564
266
1381
614
817
570
564
566
266
869
302
564
817
570
565
57
266
1125
46
566
817
570
567
50
266
1381
610
817
570
568
563
266
915
569
817
570
569
567
266
614
558
560
817
826
560
825
266
870
558
562
817
826
562
562
266
1126
558
563
817
826
563
53
266
614
46
568
817
826
564
311
266
870
46
568
817
826
566
560
266
1126
46
567
817
826
567
305
266
1382
814
563
817
826
568
317
1172
560
817
826
568
313
266
916
567
817
58
560
49
266
615
558
568
817
58
561
560
266
871
814
564
817
58
562
563
266
1127
864
817
58
563
562
266
1383
46
568
817
58
564
48
266
615
302
567
817
58
565
48
266
871
302
563
817
58
566
50
266
1127
814
566
817
58
566
579
1383
558
569
817
58
567
567
266
1429
568
817
58
568
568
266
917
562
817
58
569
323
616
302
560
817
314
560
57
266
872
46
567
817
314
562
560
266
1128
302
562
817
314
563
561
266
1384
814
562
817
314
564
816
266
616
610
817
314
565
317
872
558
563
817
314
565
312
266
1128
302
562
817
314
566
317
1384
46
562
817
314
567
307
266
662
563
817
314
568
54
266
1430
560
817
314
569
55
266
612
814
560
49
58
560
568
266
868
46
561
49
58
561
825
266
1124
558
560
49
58
563
50
266
1380
558
562
49
58
564
573
612
608
49
58
565
575
1124
46
569
49
58
566
56
266
1380
46
560
49
58
567
569
266
1170
564
49
58
569
571
1682
563
49
314
560
820
266
869
302
565
49
314
561
55
266
1125
46
560
49
314
563
560
266
1381
558
565
49
314
564
54
266
869
302
561
49
314
565
569
266
1125
302
567
49
314
567
563
266
1381
558
562
49
314
568
820
266
1427
560
49
314
569
576
614
814
560
49
570
561
560
266
870
46
568
49
570
562
316
1126
868
49
570
563
564
266
614
611
49
570
565
52
266
870
558
566
49
570
565
57
266
1126
814
561
49
570
567
562
266
1382
865
49
570
568
319
1428
561
49
570
569
308
266
615
46
568
49
826
561
304
266
871
558
560
49
826
562
562
266
1383
558
563
49
826
564
316
615
606
49
826
565
566
266
1127
302
568
49
826
566
57
266
1383
558
560
49
826
568
560
266
1429
563
49
58
560
51
266
616
613
49
58
561
319
1128
558
563
49
58
562
820
266
1128
814
568
49
58
563
565
266
1384
814
562
49
58
564
49
266
616
46
560
49
58
564
823
266
872
814
561
49
58
565
55
266
1128
46
567
49
58
566
819
266
1384
814
560
49
58
567
566
266
918
567
49
58
568
825
266
617
302
560
49
314
561
305
266
873
814
563
49
314
562
52
266
1385
302
560
49
314
563
574
617
814
564
49
314
565
570
873
558
564
49
314
566
564
266
1385
46
566
49
314
567
311
266
663
564
49
314
568
825
266
1687
563
49
314
569
53
266
613
558
569
305
58
560
569
266
869
46
567
305
58
562
50
266
1125
558
568
305
58
563
574
613
302
564
305
58
564
56
266
869
46
569
305
58
566
570
1125
302
560
305
58
567
53
266
659
566
305
58
568
56
266
1171
562
305
314
560
562
266
614
863
305
314
561
54
266
1126
302
561
305
314
563
48
266
1382
814
562
305
314
564
52
266
870
302
566
305
314
565
57
266
1126
558
564
305
314
567
819
266
916
560
305
314
568
309
266
1172
564
305
314
569
825
266
615
558
567
305
570
560
319
871
46
568
305
570
561
823
266
1127
302
561
305
570
563
52
266
1383
865
305
570
564
53
266
871
814
568
305
570
566
817
266
1127
611
305
570
567
574
1429
561
305
570
568
322
1685
565
305
826
560
574
872
558
562
305
826
561
57
266
1128
814
560
305
826
562
576
1384
814
565
305
826
564
571
616
864
305
826
565
822
266
1128
46
561
305
826
567
305
266
1384
614
305
826
568
575
1686
564
305
58
560
560
266
617
814
568
305
58
561
821
266
1129
558
567
305
58
562
824
266
1385
814
563
305
58
564
51
266
873
302
567
305
58
565
578
1129
558
560
305
58
566
310
266
1385
814
562
305
58
567
569
266
1431
564
305
58
569
52
266
618
46
563
305
314
560
56
266
874
302
564
305
314
562
562
266
1130
866
305
314
563
49
266
1386
302
560
305
314
564
819
266
618
866
305
314
565
51
266
874
302
563
305
314
566
564
266
1130
611
305
314
567
561
266
1386
610
305
314
568
821
266
1432
560
305
314
569
578
614
302
568
561
58
561
306
266
870
863
561
58
562
821
266
1382
302
564
561
58
563
578
614
302
565
561
58
564
323
870
611
561
58
566
52
266
1126
865
561
58
567
321
1428
565
561
58
569
561
266
1428
565
561
314
560
573
615
868
561
314
561
55
266
1127
814
564
561
314
562
322
1383
558
563
561
314
563
56
266
615
558
566
561
314
564
569
266
871
46
568
561
314
566
315
1127
612
561
314
567
565
266
1173
560
561
314
568
322
1685
565
561
570
560
315
616
814
566
561
570
561
51
266
872
302
564
561
570
561
321
1128
46
568
561
570
562
568
266
1384
46
568
561
570
563
823
266
616
302
561
561
570
564
823
266
872
814
569
561
570
565
824
266
1128
302
569
561
570
567
305
266
1384
611
561
570
568
318
1482
561
570
569
55
266
617
558
561
561
826
560
568
266
873
46
568
561
826
562
816
266
1129
607
561
826
563
563
266
617
46
564
561
826
564
55
266
873
814
561
561
826
565
310
266
873
615
561
826
566
821
266
1129
862
561
826
567
306
266
1385
46
561
561
826
567
567
266
663
566
561
826
569
817
266
1175
565
561
58
560
571
874
46
562
561
58
561
54
266
1130
814
568
561
58
563
54
266
618
302
567
561
58
564
579
874
606
561
58
566
572
1386
46
566
561
58
569
572
1745
561
314
560
820
266
619
615
561
314
561
55
266
1131
46
564
561
314
562
311
266
1387
46
562
561
314
563
307
266
1387
610
561
314
564
820
266
875
814
565
561
314
566
818
266
1131
558
560
561
314
567
561
266
665
562
561
314
569
562
266
1483
817
58
560
564
266
615
611
817
58
561
562
266
871
814
564
817
58
562
565
266
1383
558
562
817
58
563
568
266
615
302
564
817
58
564
565
266
871
558
562
817
58
565
568
266
1127
46
566
817
58
567
561
266
1383
607
817
58
568
52
266
1429
560
817
58
569
824
266
616
302
564
817
314
560
57
266
872
302
568
817
314
561
56
266
1128
302
567
817
314
562
821
266
1384
302
566
817
314
563
52
266
1384
611
817
314
564
817
266
616
814
568
817
314
565
48
266
872
610
817
314
566
309
266
1384
302
569
817
314
567
568
266
662
562
817
314
569
571
1483
817
570
560
53
266
873
558
562
817
570
561
568
266
1129
302
567
817
570
563
306
266
1385
864
817
570
564
319
873
46
561
817
570
565
565
266
873
868
817
570
566
54
266
1385
814
560
817
570
567
322
919
563
817
570
569
317
618
46
568
817
826
560
822
266
874
862
817
826
562
56
266
1386
46
562
817
826
564
560
266
618
814
564
817
826
565
309
266
1130
558
566
817
826
566
57
266
1386
558
561
817
826
568
306
266
1226
817
826
569
566
266
619
558
569
817
58
560
578
875
46
565
817
58
562
315
1131
866
817
58
563
822
266
1387
614
817
58
564
316
619
814
568
817
58
565
53
266
1131
558
569
817
58
567
51
266
1433
564
817
58
568
569
266
1433
568
817
314
560
573
876
46
567
817
314
561
311
266
1132
46
564
817
314
563
817
266
1388
607
817
314
564
53
266
876
558
560
817
314
565
57
266
1132
558
560
817
314
567
51
266
666
560
817
314
568
53
266
1483
817
314
569
572
616
46
567
107
560
564
266
872
46
566
107
561
573
1128
46
565
107
562
56
266
1384
46
561
107
563
824
266
616
46
565
107
564
567
266
872
302
569
107
566
48
266
1128
610
107
567
318
1174
569
107
568
824
266
1174
566
363
560
317
617
608
363
561
319
1129
46
568
363
562
313
266
1385
302
568
363
563
321
617
302
566
363
564
579
873
814
565
363
566
563
266
1385
558
565
363
567
569
266
919
566
363
568
53
266
1488
363
569
56
266
618
814
564
619
561
306
266
874
867
619
562
309
266
1386
302
562
619
563
56
266
618
302
567
619
565
562
266
874
814
567
619
566
561
266
1130
46
565
619
566
322
1386
302
560
619
567
312
266
664
569
619
568
569
266
1688
566
875
561
304
266
875
558
564
875
562
564
266
1387
46
562
875
563
308
266
619
558
564
875
564
53
266
619
868
875
566
304
266
1131
46
568
875
567
49
266
665
566
875
568
579
1433
567
107
560
52
266
620
558
564
107
561
304
266
876
558
560
107
562
48
266
1132
814
565
107
562
53
266
1132
814
567
107
564
49
266
620
558
567
107
565
318
1132
558
562
107
566
321
1388
302
565
107
568
50
266
666
564
107
568
578
1178
566
363
560
817
266
621
865
363
561
822
266
1133
558
561
363
563
48
266
1389
814
561
363
564
50
266
877
46
569
363
565
567
266
1389
302
566
363
567
55
266
1179
563
363
568
309
266
1179
568
363
569
566
266
617
302
564
363
560
564
266
873
558
562
363
561
567
266
1129
609
363
563
564
266
1385
862
363
564
307
266
873
46
562
363
565
309
266
1129
814
569
363
567
561
266
1385
612
363
568
565
266
1175
560
363
569
52
266
618
302
567
619
560
311
266
874
46
564
619
562
818
266
1130
302
568
619
563
309
266
618
302
560
619
565
320
1130
302
568
619
567
50
266
1386
46
567
619
567
321
664
568
619
569
816
266
1432
564
875
560
822
266
875
869
875
562
818
266
1131
558
563
875
563
55
266
619
558
562
875
565
818
266
875
611
875
566
565
266
1131
611
875
567
50
266
1387
606
875
568
818
266
921
567
875
568
323
1433
567
875
569
56
266
620
814
564
1131
560
55
266
1132
814
562
1131
563
305
266
1388
46
561
1131
564
570
620
558
566
1131
565
562
266
1132
302
562
1131
566
55
266
1388
814
568
1131
568
315
1483
1131
569
309
266
1690
566
363
560
564
266
877
46
568
363
561
320
1133
302
564
363
563
305
266
1389
863
363
564
319
877
558
566
363
565
57
266
1133
302
564
363
567
572
1389
862
363
568
53
266
1691
563
363
569
579
622
558
569
619
561
563
266
1134
46
564
619
562
567
266
1390
46
560
619
564
48
266
622
814
569
619
565
574
878
868
619
566
322
1390
614
619
568
570
1436
560
619
568
323
924
562
50
58
560
49
522
608
814
568
50
58
561
570
1120
46
564
50
58
562
52
522
1120
558
568
50
58
563
560
522
1376
814
565
50
58
563
568
522
864
302
566
50
58
565
564
522
864
612
50
58
566
819
522
1376
558
563
50
58
567
53
522
910
560
50
58
569
572
1678
561
50
314
560
566
522
609
609
50
314
561
816
522
865
814
560
50
314
561
835
1121
302
562
50
314
563
51
522
609
46
564
50
314
564
828
609
558
562
50
314
565
560
522
865
814
569
50
314
565
567
522
1121
814
566
50
314
567
820
522
911
560
50
314
568
310
522
911
567
50
570
560
305
522
610
607
50
570
561
309
522
1122
302
569
50
570
562
824
522
610
558
562
50
570
564
569
522
866
302
565
50
570
566
818
522
1122
814
566
50
570
567
566
522
1378
613
50
570
568
563
522
912
562
50
570
569
563
522
1680
564
50
826
560
563
522
611
870
50
826
561
563
522
867
558
568
50
826
562
561
522
1379
46
565
50
826
564
821
522
867
558
560
50
826
565
568
522
1123
302
565
50
826
567
818
522
1379
814
569
50
826
568
305
522
1425
565
50
826
569
567
522
612
46
564
50
58
561
817
522
868
607
50
58
562
564
522
1124
611
50
58
563
561
522
1380
814
566
50
58
564
50
522
868
558
569
50
58
565
57
522
1124
558
560
50
58
566
56
522
1380
302
562
50
58
567
835
1170
565
50
58
568
57
522
1170
568
50
314
560
50
522
613
862
50
314
561
575
1125
558
565
50
314
562
825
522
1381
558
562
50
314
564
307
522
869
46
560
50
314
565
822
522
1125
814
566
50
314
567
816
522
1381
558
566
50
314
568
50
522
1171
564
50
314
569
312
522
609
302
562
306
58
560
308
522
865
302
560
306
58
561
578
1121
558
565
306
58
563
51
522
1377
869
306
58
564
577
865
46
568
306
58
566
571
1121
863
306
58
567
309
522
1423
560
306
58
568
53
522
911
562
306
314
560
817
522
610
871
306
314
561
56
522
1122
558
560
306
314
562
565
522
1378
302
560
306
314
563
54
522
610
558
569
306
314
564
579
866
302
560
306
314
565
313
522
1122
302
562
306
314
566
832
1378
558
562
306
314
567
825
522
1168
565
306
314
569
577
611
46
564
306
570
561
828
1123
46
561
306
570
562
823
522
1379
814
562
306
570
564
49
522
611
558
563
306
570
565
816
522
1123
558
563
306
570
568
308
522
1425
564
306
826
561
560
522
868
814
561
306
826
562
824
522
612
302
564
306
826
564
829
612
558
566
306
826
565
560
522
868
46
562
306
826
566
563
522
1380
302
562
306
826
567
313
522
1170
568
306
826
568
569
522
1170
569
306
58
560
831
613
814
569
306
58
561
816
522
869
46
560
306
58
562
577
1381
46
562
306
58
564
48
522
613
558
568
306
58
564
834
869
814
562
306
58
565
825
522
1125
558
562
306
58
567
827
1381
862
306
58
568
309
522
1171
567
306
58
569
52
522
1683
568
306
314
561
575
1126
46
569
306
314
562
307
522
1126
558
561
306
314
563
819
522
1382
558
560
306
314
564
304
522
614
558
564
306
314
565
821
522
1126
302
568
306
314
567
311
522
916
566
306
314
569
54
522
610
302
566
562
58
562
824
522
610
558
569
562
58
564
56
522
866
814
560
562
58
565
54
522
1122
558
560
562
58
567
49
522
1378
46
568
562
58
567
823
522
656
567
562
58
568
53
522
1168
568
562
314
560
817
522
867
46
566
562
314
561
565
522
867
814
560
562
314
562
820
522
1123
814
561
562
314
563
574
611
558
569
562
314
564
569
522
867
302
561
562
314
566
561
522
1123
611
562
314
567
573
1425
569
562
314
569
827
1681
560
562
570
560
48
522
612
302
567
562
570
561
49
522
868
814
563
562
570
562
575
1380
46
567
562
570
563
312
522
612
302
560
562
570
564
823
522
868
302
562
562
570
565
52
522
868
814
569
562
570
566
52
522
1380
46
566
562
570
567
573
1380
558
569
562
570
568
829
1475
562
570
569
53
522
613
814
561
562
826
560
57
522
869
558
561
562
826
562
563
522
1381
46
564
562
826
563
822
522
613
814
562
562
826
564
57
522
869
558
567
562
826
566
816
522
1125
558
569
562
826
566
835
1381
558
562
562
826
568
561
522
1171
569
562
826
569
54
522
614
558
565
562
58
560
578
870
302
566
562
58
561
53
522
1126
558
562
562
58
562
53
522
1126
607
562
58
563
820
522
614
302
567
562
58
564
54
522
614
609
562
58
565
816
522
870
814
567
562
58
566
48
522
1126
558
568
562
58
567
52
522
660
565
562
58
568
311
522
1684
560
562
58
569
57
522
615
558
562
562
314
561
832
1127
46
564
562
314
562
52
522
1383
558
569
562
314
564
560
522
871
302
566
562
314
565
56
522
1127
302
568
562
314
567
571
1383
302
566
562
314
567
568
522
1173
569
562
314
568
579
1685
560
818
58
560
818
522
611
558
566
818
58
561
53
522
867
814
562
818
58
562
48
522
1123
46
569
818
58
563
306
522
1379
608
818
58
564
307
522
611
866
818
58
565
572
867
302
565
818
58
567
821
522
1379
611
818
58
568
822
522
1477
818
58
569
575
612
558
568
818
314
561
307
522
868
613
818
314
562
56
522
1380
46
569
818
314
563
566
522
612
609
818
314
565
579
1124
558
569
818
314
567
572
1380
46
569
818
314
567
568
522
1426
563
818
314
568
577
1170
561
818
314
569
51
522
1426
568
818
570
560
829
613
870
818
570
561
566
522
869
612
818
570
562
51
522
1125
869
818
570
563
818
522
1381
46
568
818
570
564
304
522
613
814
567
818
570
565
308
522
1125
46
565
818
570
566
309
522
1381
46
563
818
570
567
563
522
1381
558
564
818
570
568
566
522
1427
561
818
570
569
313
522
614
814
569
818
826
561
563
522
870
869
818
826
562
566
522
1382
558
569
818
826
563
569
522
614
558
562
818
826
565
306
522
870
302
566
818
826
565
834
1126
558
562
818
826
567
51
522
1382
869
818
826
568
562
522
916
563
818
826
569
51
522
1739
818
58
560
54
522
871
814
560
818
58
561
569
522
1127
558
563
818
58
563
51
522
1383
868
818
58
564
566
522
871
558
568
818
58
565
57
522
1127
302
569
818
58
567
306
522
1383
862
818
58
568
53
522
917
560
818
58
569
564
522
1480
818
314
560
564
522
872
302
561
818
314
561
311
522
1128
814
568
818
314
563
560
522
1384
558
565
818
314
564
572
616
864
818
314
565
53
522
1128
302
567
818
314
566
833
1384
814
565
818
314
568
48
522
1174
566
818
314
569
51
522
1737
50
58
560
565
522
868
558
560
50
58
561
824
522
1124
46
568
50
58
563
817
522
1380
814
567
50
58
564
564
522
868
46
568
50
58
565
55
522
1124
46
560
50
58
567
816
522
1380
814
564
50
58
568
564
522
1170
560
50
58
569
567
522
613
46
563
50
314
561
49
522
869
814
566
50
314
562
819
522
1381
302
562
50
314
563
568
522
613
302
562
50
314
565
818
522
869
866
50
314
566
566
522
1381
46
561
50
314
568
49
522
1223
50
314
569
821
522
614
814
562
50
570
560
577
870
608
50
570
562
575
1382
814
562
50
570
564
816
522
614
608
50
570
565
831
1126
814
566
50
570
566
57
522
1382
867
50
570
568
823
522
916
564
50
826
560
561
522
615
814
566
50
826
561
49
522
871
862
50
826
562
310
522
1383
46
560
50
826
564
817
522
615
610
50
826
565
53
522
1127
302
563
50
826
566
56
522
1383
302
568
50
826
567
312
522
1173
565
50
826
568
577
1173
568
50
826
569
568
522
616
302
560
50
58
560
825
522
872
558
560
50
58
561
568
522
1128
814
562
50
58
562
309
522
1384
46
563
50
58
563
567
522
616
814
561
50
58
565
561
522
872
606
50
58
566
307
522
1384
558
565
50
58
567
578
1174
568
50
58
569
52
522
1430
568
50
58
569
825
522
617
46
562
50
314
561
52
522
1129
46
569
50
314
562
575
1129
614
50
314
563
310
522
617
302
565
50
314
564
564
522
873
46
563
50
314
565
312
522
1129
558
560
50
314
567
562
522
663
569
50
314
568
312
522
1175
568
306
58
560
51
522
869
46
560
306
58
561
567
522
1125
46
562
306
58
563
305
522
1381
862
306
58
564
566
522
869
46
562
306
58
566
50
522
1125
868
306
58
567
821
522
659
569
306
58
569
572
614
46
568
306
314
560
824
522
870
558
567
306
314
562
574
1382
814
561
306
314
564
817
522
614
866
306
314
565
567
522
1126
302
568
306
314
567
52
522
660
568
306
314
569
304
522
1477
306
570
560
831
871
814
568
306
570
562
561
522
1127
866
306
570
563
55
522
615
814
564
306
570
565
562
522
871
612
306
570
566
823
522
1383
46
568
306
570
568
826
917
562
306
570
569
824
522
616
558
564
306
826
561
564
522
1128
558
563
306
826
563
570
1384
612
306
826
564
822
522
872
46
568
306
826
566
51
522
1384
302
562
306
826
567
569
522
1430
567
306
826
569
826
617
558
562
306
58
560
825
522
873
814
562
306
58
562
52
522
1385
302
567
306
58
563
567
522
617
302
562
306
58
565
562
522
873
615
306
58
566
307
522
1129
558
562
306
58
567
573
663
567
306
58
568
823
522
1687
565
306
314
560
827
618
613
306
314
561
309
522
1130
558
563
306
314
562
313
522
1386
558
560
306
314
564
572
618
869
306
314
565
566
522
1130
814
562
306
314
567
304
522
1386
558
569
306
314
568
563
522
920
566
306
314
569
55
522
614
46
561
562
58
561
826
870
814
566
562
58
562
52
522
1382
302
561
562
58
563
577
614
46
566
562
58
565
817
522
870
606
562
58
566
574
1382
302
565
562
58
567
824
522
916
560
562
58
569
827
1483
562
314
560
309
522
871
558
563
562
314
561
56
522
1127
302
568
562
314
563
562
522
1383
863
562
314
564
574
871
558
565
562
314
565
57
522
1127
302
565
562
314
567
50
522
1383
302
565
562
314
567
568
522
917
560
562
314
569
816
522
1477
562
570
560
564
522
872
46
569
562
570
561
823
522
1128
46
560
562
570
563
48
522
1384
558
564
562
570
564
819
522
616
607
562
570
565
830
1128
814
566
562
570
567
