48
58
560
312
10
864
558
562
48
58
562
563
10
1376
558
562
48
58
564
48
10
608
814
568
48
58
565
564
10
1120
814
564
48
58
567
817
10
1376
610
48
58
568
567
10
1422
561
48
314
560
306
10
865
814
566
48
314
562
314
1121
814
564
48
314
567
49
10
1377
862
48
314
568
566
10
911
563
48
570
560
50
10
610
870
48
570
561
311
10
1122
302
568
48
570
563
318
610
558
560
48
570
565
306
10
1122
46
567
48
570
566
569
10
1378
814
566
48
570
568
54
10
912
564
48
826
560
60
611
558
569
48
826
561
566
10
1123
302
560
48
826
563
51
10
611
302
562
48
826
564
321
867
814
562
48
826
566
53
10
1379
558
568
48
826
568
816
10
657
564
48
826
569
819
10
612
46
566
48
58
560
568
10
868
302
567
48
58
562
51
10
1380
302
564
48
58
563
57
10
612
814
566
48
58
565
54
10
1124
46
564
48
58
567
50
10
658
566
48
58
568
66
1426
568
48
314
560
564
10
869
558
564
48
314
562
560
10
1125
558
560
48
314
563
565
10
613
814
560
48
314
565
58
869
612
48
314
566
318
1381
814
569
48
314
568
305
10
1477
48
314
569
63
609
46
564
304
58
561
50
10
865
868
304
58
562
61
1377
558
568
304
58
564
304
10
609
814
563
304
58
565
822
10
1121
46
560
304
58
567
817
10
1377
867
304
58
568
567
10
911
568
304
314
560
50
10
866
46
561
304
314
561
567
10
1122
302
560
304
314
563
818
10
1378
614
304
314
564
51
10
866
302
569
304
314
565
569
10
1122
558
563
304
314
567
51
10
656
560
304
314
568
567
10
912
568
304
570
560
49
10
867
558
560
304
570
561
56
10
1123
866
304
570
563
567
10
611
302
567
304
570
565
52
10
1123
558
564
304
570
566
312
10
1379
612
304
570
568
310
10
913
564
304
570
569
66
612
608
304
826
561
54
10
1124
558
565
304
826
562
54
10
1380
302
567
304
826
564
819
10
868
46
565
304
826
565
65
1124
46
569
304
826
567
306
10
1380
863
304
826
568
310
10
1682
561
304
58
560
304
10
613
814
561
304
58
561
820
10
1125
302
567
304
58
562
54
10
1381
302
564
304
58
564
51
10
613
866
304
58
565
66
1125
558
566
304
58
567
52
10
1171
563
304
58
569
48
10
1427
568
304
314
560
821
10
870
558
568
304
314
562
48
10
1126
814
562
304
314
563
564
10
614
302
562
304
314
564
568
10
870
46
562
304
314
566
562
10
1126
864
304
314
567
53
10
1428
562
304
314
569
816
10
1684
563
560
58
560
564
10
866
302
563
560
58
561
56
10
1122
302
565
560
58
563
50
10
1378
608
560
58
564
822
10
866
814
561
560
58
565
313
10
1122
558
566
560
58
567
51
10
1378
867
560
58
568
320
1680
566
560
314
560
48
10
611
814
563
560
314
561
49
10
1123
46
562
560
314
562
311
10
1379
814
568
560
314
564
58
611
814
567
560
314
565
564
10
1123
302
566
560
314
566
824
10
1379
46
567
560
314
568
60
1481
560
314
569
63
612
46
560
560
570
561
305
10
868
814
566
560
570
562
53
10
1380
558
560
560
570
563
66
612
302
566
560
570
565
306
10
868
866
560
570
566
822
10
1380
814
562
560
570
567
825
10
1426
560
560
570
569
61
613
46
566
560
826
560
55
10
869
46
561
560
826
562
816
10
1125
814
564
560
826
563
308
10
613
46
567
560
826
564
567
10
869
814
568
560
826
566
560
10
1125
558
566
560
826
567
51
10
1381
866
560
826
568
63
1427
561
560
826
569
312
10
614
46
568
560
58
561
49
10
870
814
569
560
58
562
564
10
1382
302
563
560
58
563
311
10
614
46
568
560
58
565
817
10
870
612
560
58
566
565
10
1382
558
565
560
58
567
313
10
1172
564
560
58
569
563
10
1741
560
314
560
566
10
871
814
563
560
314
561
825
10
1127
558
566
560
314
563
51
10
615
46
560
560
314
564
822
10
871
814
565
560
314
566
560
10
1127
558
569
560
314
567
563
10
661
562
560
314
568
64
1685
562
560
314
569
67
611
558
564
816
58
561
316
867
867
816
58
562
310
10
1379
558
568
816
58
563
825
10
611
558
560
816
58
565
562
10
867
864
816
58
566
63
1379
558
564
816
58
567
57
10
1425
560
816
58
569
817
10
1473
816
314
560
564
10
868
302
560
816
314
561
567
10
1124
46
561
816
314
563
560
10
1380
814
561
816
314
564
563
10
868
46
562
816
314
565
64
1124
814
563
816
314
566
67
1380
558
562
816
314
568
59
1474
816
314
569
53
10
613
302
568
816
570
560
824
10
869
46
569
816
570
562
49
10
1125
606
816
570
563
820
10
613
302
564
816
570
564
321
869
46
566
816
570
566
816
10
1125
814
569
816
570
567
308
10
659
567
816
570
568
65
915
564
816
826
560
49
10
614
814
567
816
826
561
820
10
1126
46
569
816
826
562
55
10
1382
46
560
816
826
564
48
10
614
814
560
816
826
565
307
10
1126
46
560
816
826
566
566
10
1382
814
562
816
826
567
67
1172
564
816
826
569
51
10
1739
816
58
560
822
10
871
558
569
816
58
561
57
10
1127
302
564
816
58
563
306
10
1383
862
816
58
564
53
10
871
302
569
816
58
565
56
10
1127
46
568
816
58
567
817
10
1383
814
560
816
58
568
820
10
917
568
816
58
569
55
10
616
814
569
816
314
561
48
10
872
558
568
816
314
561
55
10
1128
814
565
816
314
563
48
10
1384
302
561
816
314
564
316
616
864
816
314
565
565
10
1128
46
566
816
314
566
568
10
1384
46
564
816
314
568
816
10
1430
560
816
314
569
819
10
1741
48
58
560
310
10
868
558
564
48
58
561
322
1124
302
564
48
58
563
562
10
1380
614
48
58
564
821
10
868
558
567
48
58
565
67
1124
558
569
48
58
567
52
10
914
560
48
58
568
321
914
568
48
314
560
49
10
613
611
48
314
561
821
10
1125
302
561
48
314
562
824
10
1381
302
562
48
314
564
49
10
613
608
48
314
565
564
10
1125
46
566
48
314
566
55
10
1381
814
569
48
314
567
313
10
1171
569
48
314
569
51
10
614
46
560
48
570
560
566
10
870
814
561
48
570
561
569
10
1126
46
560
48
570
563
562
10
1382
612
48
570
564
53
10
870
302
564
48
570
565
65
1126
814
565
48
570
567
304
10
1382
558
568
48
570
568
563
10
1481
48
570
569
63
615
302
565
48
826
560
57
10
871
302
567
48
826
562
305
10
1127
615
48
826
563
309
10
615
558
560
48
826
564
312
10
871
302
560
48
826
566
561
10
1127
814
567
48
826
567
52
10
661
564
48
826
568
566
10
1429
569
48
826
569
66
616
302
564
48
58
561
817
10
872
814
565
48
58
562
564
10
1384
46
565
48
58
563
64
616
814
561
48
58
564
313
10
872
302
562
48
58
566
50
10
1128
615
48
58
567
821
10
918
568
48
58
568
824
10
918
563
48
314
560
305
10
617
814
566
48
314
561
563
10
1129
46
563
48
314
562
822
10
1385
814
560
48
314
563
57
10
617
302
568
48
314
565
817
10
873
611
48
314
566
318
1385
302
563
48
314
567
567
10
663
560
48
314
569
560
10
1431
567
304
58
560
51
10
613
864
304
58
561
309
10
1125
302
569
304
58
562
311
10
1381
46
567
304
58
564
49
10
613
814
565
304
58
565
52
10
869
610
304
58
566
566
10
1381
814
562
304
58
567
825
10
1171
561
304
58
569
306
10
1484
304
314
560
821
10
870
302
566
304
314
561
321
1126
814
564
304
314
563
48
10
1382
558
566
304
314
564
60
614
862
304
314
565
565
10
1126
302
563
304
314
566
55
10
1382
814
564
304
314
567
825
10
916
565
304
314
569
305
10
1684
565
304
570
560
307
10
615
866
304
570
561
53
10
1127
302
564
304
570
562
55
10
1383
814
564
304
570
563
57
10
615
302
564
304
570
565
49
10
871
814
565
304
570
566
563
10
1127
868
304
570
567
565
10
917
567
304
570
568
823
10
1685
568
304
570
569
67
616
46
564
304
826
561
817
10
872
814
568
304
826
562
560
10
1128
869
304
826
563
821
10
616
46
568
304
826
564
823
10
872
302
566
304
826
565
566
10
1128
302
564
304
826
567
49
10
1384
814
563
304
826
568
563
10
1484
304
826
569
61
617
302
569
304
58
560
56
10
873
558
566
304
58
562
560
10
1129
558
563
304
58
563
562
10
1385
608
304
58
564
564
10
617
867
304
58
565
64
1129
814
560
304
58
566
322
1385
46
567
304
58
568
49
10
919
568
304
58
569
563
10
1744
304
314
560
310
10
874
302
566
304
314
561
56
10
1130
558
566
304
314
563
58
1386
814
560
304
314
564
58
618
862
304
314
565
309
10
1130
302
566
304
314
566
321
1386
46
561
304
314
568
560
10
1176
564
304
314
569
306
10
1176
564
304
314
569
312
10
614
46
566
560
58
561
816
10
870
558
568
560
58
562
60
1126
615
560
58
563
59
614
46
569
560
58
564
320
870
302
560
560
58
565
568
10
1126
46
566
560
58
566
57
10
1382
558
564
560
58
568
562
10
1172
565
560
58
569
564
10
1476
560
314
560
821
10
871
302
567
560
314
561
823
10
1127
814
567
560
314
562
67
1383
302
568
560
314
564
50
10
615
607
560
314
565
564
10
1127
46
564
560
314
566
308
10
1383
558
563
560
314
567
56
10
661
564
560
314
569
304
10
1429
566
560
570
560
306
10
616
611
560
570
561
564
10
1128
46
567
560
570
562
822
10
1384
558
567
560
570
563
66
616
46
568
560
570
565
49
10
872
814
560
560
570
566
307
10
1128
864
560
570
567
565
10
918
562
560
570
568
823
10
1686
563
560
570
569
825
10
617
302
563
560
826
561
561
10
873
814
564
560
826
562
51
10
1129
867
560
826
563
565
10
1385
865
560
826
564
311
10
873
814
561
560
826
565
313
10
1129
302
561
560
826
567
49
10
1385
814
560
560
826
568
51
10
1232
560
826
569
62
618
46
568
560
58
560
822
10
874
558
566
560
58
561
568
10
1130
46
566
560
58
563
560
10
1386
46
563
560
58
564
562
10
618
607
560
58
565
308
10
1130
46
561
560
58
566
310
10
1386
558
561
560
58
567
566
10
1176
566
560
58
569
560
10
1432
563
560
314
560
50
10
619
612
560
314
561
818
10
875
609
560
314
562
566
10
1387
558
562
560
314
563
56
10
619
46
563
560
314
565
560
10
875
302
567
560
314
566
563
10
1131
863
560
314
567
305
10
1387
302
565
560
314
568
59
665
563
560
314
569
818
10
615
46
561
816
58
560
54
10
871
558
563
816
58
561
57
10
1127
302
562
816
58
563
48
10
1383
558
569
816
58
564
564
10
871
46
566
816
58
565
566
10
1127
814
566
816
58
567
48
10
1383
558
564
816
58
568
60
1479
816
58
569
565
10
616
302
567
816
314
560
566
10
872
302
560
816
314
562
49
10
1128
814
569
816
314
563
52
10
616
46
564
816
314
564
55
10
872
814
562
816
314
565
322
1128
302
564
816
314
567
305
10
1384
558
569
816
314
568
51
10
1480
816
314
569
309
10
617
302
560
816
570
560
55
10
873
558
569
816
570
561
54
10
873
615
816
570
562
53
10
1385
302
561
816
570
563
52
10
617
814
566
816
570
565
48
10
873
558
566
816
570
566
304
10
1129
862
816
570
567
53
10
919
568
816
570
568
824
10
919
567
816
826
560
49
10
618
814
564
816
826
561
61
1130
46
562
816
826
562
566
10
1386
46
565
816
826
563
66
618
302
563
816
826
565
817
10
874
606
816
826
566
52
10
1386
46
568
816
826
567
566
10
1432
564
816
826
568
323
1432
563
816
58
560
562
10
619
615
816
58
561
62
1131
302
568
816
58
562
568
10
1387
46
566
816
58
564
314
619
814
564
816
58
565
819
10
875
865
816
58
566
566
10
1387
558
566
816
58
567
66
921
560
816
58
569
561
10
1689
566
816
314
560
561
10
876
46
560
816
314
561
54
10
1132
558
566
816
314
562
57
10
1388
46
564
816
314
564
561
10
620
814
568
816
314
565
308
10
1132
46
563
816
314
566
566
10
1388
558
568
816
314
567
57
10
922
563
816
314
569
561
10
1690
569
106
560
564
10
872
46
564
106
561
822
10
872
615
106
562
61
1128
613
106
563
62
616
302
560
106
564
567
10
872
814
564
106
565
569
10
1128
558
562
106
566
63
1384
558
560
106
567
568
10
662
563
106
568
312
10
1686
560
362
560
49
10
617
814
563
362
561
50
10
873
868
362
562
565
10
1385
302
567
362
563
821
10
617
558
563
362
564
56
10
873
558
560
362
566
50
10
1129
607
362
567
564
10
663
564
362
568
566
10
1431
567
362
569
66
618
302
561
618
561
49
10
874
814
566
618
562
50
10
1130
870
618
563
54
10
618
302
569
618
564
568
10
874
46
563
618
566
48
10
1130
558
565
618
567
562
10
1386
609
618
568
820
10
920
568
618
569
64
619
558
568
874
560
66
875
558
562
874
562
314
1131
814
560
874
563
563
10
1387
609
874
564
309
10
875
302
566
874
565
823
10
1131
814
568
874
566
67
1387
302
560
874
568
59
921
565
874
569
51
10
1737
106
560
62
876
46
566
106
561
54
10
1132
46
568
106
562
56
10
1388
814
567
106
563
313
10
620
302
562
106
565
49
10
876
558
568
106
566
316
1132
558
568
106
567
53
10
922
561
106
568
64
1690
563
106
569
313
10
621
302
562
362
561
817
10
877
814
566
362
562
562
10
1133
869
362
563
53
10
621
302
566
362
564
823
10
877
814
560
362
565
824
10
1133
46
564
362
566
569
10
1389
302
567
362
568
49
10
1179
565
362
569
562
10
1486
362
560
52
10
617
871
362
561
565
10
1129
302
568
362
562
310
10
1385
46
564
362
563
61
1385
870
362
564
821
10
873
302
568
362
565
823
10
1129
814
567
362
566
569
10
1385
302
564
362
568
560
10
1431
560
362
569
60
1431
568
618
560
818
10
874
46
561
618
561
562
10
874
302
568
618
562
49
10
1130
302
569
618
563
816
10
1386
302
569
618
563
824
10
618
46
564
618
564
825
10
874
302
567
618
565
824
10
1130
302
564
618
566
567
10
1386
558
569
618
567
66
664
567
618
569
304
10
1432
562
874
560
59
619
610
874
561
52
10
1131
46
564
874
562
310
10
1387
558
567
874
563
57
10
619
302
562
874
565
305
10
875
814
568
874
566
308
10
1387
46
564
874
567
822
10
1177
569
874
568
57
10
1177
562
1130
560
49
10
620
814
566
1130
561
819
10
876
870
1130
562
319
1388
558
560
1130
563
56
10
620
558
566
1130
564
323
876
558
560
1130
566
315
1132
814
569
1130
567
51
10
666
560
1130
568
310
10
1178
567
1130
569
312
10
621
46
562
362
561
560
10
877
558
562
362
562
818
10
1133
608
362
563
50
10
1389
870
362
564
821
10
877
302
566
362
565
55
10
1133
814
563
362
566
313
10
1389
302
560
362
568
314
1179
568
362
569
51
10
1739
618
560
565
10
878
302
566
618
561
321
1134
46
561
618
563
816
10
1390
558
565
618
564
562
10
622
613
618
565
562
10
1134
46
563
618
566
822
10
1390
558
562
618
567
568
10
668
562
618
569
304
10
1436
560
49
58
560
48
266
608
814
568
49
58
561
819
266
864
868
49
58
562
565
266
1376
302
566
49
58
563
567
266
608
814
565
49
58
564
313
266
864
302
565
49
58
566
561
266
1120
814
562
49
58
567
563
266
1376
869
49
58
568
319
1166
568
49
58
569
321
609
814
569
49
314
560
579
865
302
569
49
314
562
571
1121
814
569
49
314
563
50
266
1377
868
49
314
564
565
266
865
302
561
49
314
565
55
266
1121
814
563
49
314
566
569
266
1377
302
562
49
314
568
561
266
1423
562
49
314
569
563
266
1730
49
570
560
53
266
866
302
564
49
570
561
55
266
1122
814
564
49
570
562
322
1378
302
566
49
570
564
315
610
814
566
49
570
565
573
1122
46
560
49
570
566
54
266
1378
558
560
49
570
567
56
266
656
560
49
570
569
48
266
1424
560
49
826
560
50
266
611
607
49
826
561
564
266
1123
46
562
49
826
562
822
266
1379
558
564
49
826
563
312
266
611
46
565
49
826
565
560
266
867
558
560
49
826
566
572
1123
862
49
826
567
53
266
913
560
49
826
568
311
266
1681
561
49
826
569
569
266
612
302
563
49
58
561
561
266
868
814
566
49
58
562
573
1380
46
561
49
58
563
822
266
612
558
564
49
58
564
312
266
868
46
567
49
58
566
314
1124
558
569
49
58
567
51
266
1380
862
49
58
568
53
266
1170
560
49
58
569
576
613
558
569
49
314
560
578
869
46
569
49
314
562
49
266
1125
558
569
49
314
563
572
1381
615
49
314
564
574
869
46
568
49
314
565
320
1125
558
568
49
314
566
322
1381
46
568
49
314
568
816
266
1171
568
49
314
569
572
1732
305
58
560
565
266
865
302
562
305
58
561
55
266
1121
814
566
305
58
562
569
266
1377
302
567
305
58
563
57
266
609
814
568
305
58
565
561
266
865
608
305
58
566
309
266
1377
302
566
305
58
567
53
266
1423
565
305
58
568
569
266
1679
565
305
314
560
49
266
610
814
564
305
314
561
818
266
866
865
305
314
562
565
266
1378
46
568
305
314
563
51
266
1378
814
562
305
314
564
563
266
610
862
305
314
565
820
266
1122
302
562
305
314
566
565
266
1378
558
566
305
314
567
825
266
1424
569
305
314
569
817
266
1680
563
305
570
560
818
266
611
864
305
570
561
565
266
1123
302
562
305
570
562
576
1379
814
561
305
570
563
569
266
611
302
562
305
570
565
561
266
867
814
564
305
570
566
562
266
1379
46
560
305
570
567
566
266
1169
564
305
570
568
312
266
913
566
305
826
560
48
266
612
558
566
305
826
561
306
266
868
607
305
826
562
564
266
1380
46
560
305
826
563
565
266
612
302
564
305
826
564
567
266
868
814
560
305
826
565
322
1124
46
566
305
826
566
825
266
1380
558
563
305
826
568
562
266
1219
305
826
569
52
266
1739
305
58
560
565
266
613
613
305
58
561
822
266
1125
558
563
305
58
562
568
266
1381
46
567
305
58
563
51
266
1381
869
305
58
564
575
613
865
305
58
565
321
1125
814
568
305
58
566
313
266
1381
302
567
305
58
568
50
266
1219
305
58
569
308
266
614
46
562
305
314
560
309
266
870
558
563
305
314
561
56
266
1126
46
564
305
314
563
560
266
1382
558
567
305
314
564
818
266
614
613
305
314
565
318
1126
46
567
305
314
566
822
266
1382
558
568
305
314
567
312
266
660
568
305
314
569
304
266
1428
567
561
58
560
818
266
610
613
561
58
561
564
266
1122
46
566
561
58
562
566
266
1378
558
566
561
58
563
568
266
610
46
567
561
58
565
816
266
866
558
568
561
58
566
561
266
1122
614
561
58
567
574
656
566
561
58
568
55
266
1680
561
561
58
569
569
266
611
302
562
561
314
561
561
266
867
814
563
561
314
562
51
266
1123
867
561
314
563
565
266
611
302
567
561
314
564
321
867
814
568
561
314
565
323
1123
302
569
561
314
567
571
1379
814
569
561
314
568
573
1425
560
561
314
569
564
266
612
302
568
561
570
560
55
266
868
814
566
561
570
561
323
1124
302
565
561
570
563
561
266
1380
607
561
570
564
563
266
612
867
561
570
565
310
266
868
870
561
570
566
562
266
1124
614
561
570
567
574
914
560
561
570
568
567
266
1170
560
561
570
569
563
266
1730
561
826
560
309
266
869
302
562
561
826
561
823
266
1125
814
564
561
826
562
569
266
1381
302
568
561
826
564
50
266
613
608
561
826
565
52
266
1125
46
566
561
826
566
308
266
1381
558
564
561
826
567
312
266
659
566
561
826
568
578
915
568
561
58
560
306
266
614
611
561
58
561
573
1126
46
565
561
58
562
54
266
1382
558
564
561
58
563
56
266
614
46
564
561
58
565
48
266
870
558
564
561
58
566
50
266
1126
814
567
561
58
567
564
266
660
566
561
58
568
822
266
1428
569
561
58
569
578
615
558
565
561
314
561
816
266
871
558
562
561
314
562
562
266
1127
606
561
314
563
817
266
1383
609
561
314
564
309
266
871
302
560
561
314
565
311
266
1127
558
569
561
314
566
824
266
1383
46
564
561
314
568
48
266
917
568
561
314
569
561
266
1685
564
817
58
560
819
266
611
864
817
58
561
305
266
867
302
561
817
58
562
305
266
1123
814
560
817
58
563
51
266
1379
862
817
58
564
53
266
867
46
569
817
58
565
576
1123
558
569
817
58
566
322
1379
46
568
817
58
568
314
1425
567
817
58
568
822
266
1425
566
817
58
569
568
266
612
558
562
817
314
560
318
868
46
564
817
314
561
822
266
1124
558
562
817
314
562
56
266
1380
814
568
817
314
563
825
266
612
302
566
817
314
565
49
266
868
814
562
817
314
566
307
266
1124
615
817
314
567
52
266
658
565
817
314
568
822
266
1426
562
817
314
569
312
266
613
302
567
817
570
560
825
266
869
302
562
817
570
562
49
266
1125
814
560
817
570
563
316
1381
613
817
570
564
564
266
869
46
565
817
570
565
54
266
1125
558
561
817
570
566
321
1381
814
565
817
570
567
313
266
659
566
817
570
569
304
266
1171
566
817
570
569
57
266
614
558
563
817
826
562
306
266
1126
608
817
826
563
573
1382
869
817
826
564
565
266
870
302
564
817
826
565
311
266
1126
814
566
817
826
566
569
266
1382
302
567
817
826
568
315
1428
569
817
826
569
315
1738
817
58
560
821
266
871
302
567
817
58
561
823
266
1127
814
566
817
58
562
825
266
1383
302
566
817
58
564
561
266
615
814
566
817
58
565
563
266
871
868
817
58
566
565
266
1383
302
566
817
58
567
567
266
1429
565
817
58
568
313
266
1173
564
817
314
560
49
266
616
814
564
817
314
561
819
266
872
864
817
314
562
565
266
1384
302
560
817
314
563
55
266
616
814
560
817
314
564
57
266
872
46
569
817
314
566
314
1128
558
561
817
314
567
818
266
1384
606
817
314
568
561
266
1430
568
817
314
569
318
612
46
564
49
58
560
54
266
612
610
49
58
561
315
868
814
563
49
58
562
317
1124
870
49
58
563
575
612
46
562
49
58
564
311
266
868
46
566
49
58
566
816
266
1124
558
569
49
58
567
570
1380
614
49
58
568
574
1170
560
49
58
569
55
266
613
814
560
49
314
560
568
266
869
302
560
49
314
562
49
266
1125
814
561
49
314
563
307
266
1381
863
49
314
564
318
869
302
563
49
314
565
823
266
1125
814
564
49
314
566
57
266
1381
302
565
49
314
568
561
266
1427
566
49
314
569
563
266
1738
49
570
560
319
870
302
569
49
570
561
577
1126
46
560
49
570
563
48
266
1382
558
560
49
570
564
50
266
614
606
49
570
565
52
266
1126
46
562
49
570
566
822
266
1382
558
565
49
570
567
824
266
660
568
49
570
569
314
1428
569
49
826
560
572
615
614
49
826
561
318
1127
46
568
49
826
562
822
266
1383
558
568
49
826
563
322
615
46
568
49
826
565
570
871
558
568
49
826
566
572
1127
609
49
826
567
574
661
569
49
826
568
54
266
1685
560
49
826
569
578
616
46
569
49
58
561
314
872
558
567
49
58
562
562
266
1128
614
49
58
563
309
266
616
302
563
49
58
564
55
266
872
814
566
49
58
565
569
266
1128
302
566
49
58
567
817
266
1384
814
566
49
58
568
307
266
1483
49
58
569
53
266
617
302
563
49
314
560
567
266
873
558
566
49
314
561
569
266
1129
302
562
49
314
563
304
266
1385
46
560
49
314
564
315
617
814
568
49
314
565
819
266
873
868
49
314
566
53
266
1385
302
564
49
314
567
823
266
1431
560
49
314
568
313
266
1175
560
305
58
560
49
266
613
814
560
305
58
561
560
266
869
610
305
58
562
52
266
1381
46
564
305
58
563
822
266
613
558
562
305
58
564
568
266
869
46
561
305
58
566
48
266
1125
302
565
305
58
567
571
1381
814
569
305
58
568
317
1483
305
58
569
319
614
302
568
305
314
560
823
266
870
814
567
305
314
561
569
266
1126
302
566
305
314
563
561
266
1382
814
565
305
314
564
51
266
614
866
305
314
565
821
266
1126
302
562
305
314
566
567
266
1382
814
561
305
314
567
313
266
916
561
305
314
569
561
266
1684
562
305
570
560
562
266
615
866
305
570
561
309
266
1127
302
566
305
570
562
567
266
1383
814
565
305
570
563
313
266
615
302
564
305
570
565
49
266
871
814
563
305
570
566
563
266
1127
862
305
570
567
53
266
661
568
305
570
568
566
266
1429
560
305
570
569
824
266
616
46
562
305
826
561
48
266
872
302
568
305
826
562
817
266
1128
814
565
305
826
563
51
266
1384
864
305
826
564
309
266
872
46
569
305
826
565
320
1128
558
566
305
826
566
56
266
1384
46
561
305
826
567
569
266
918
567
305
826
569
305
266
1686
563
305
58
560
307
266
617
614
305
58
561
306
266
1129
46
560
305
58
562
319
1385
302
566
305
58
563
823
266
617
814
560
305
58
564
322
873
46
565
305
58
565
56
266
1129
302
567
305
58
567
305
266
1385
814
562
305
58
568
51
266
1230
305
58
569
52
266
618
46
562
305
314
560
575
874
302
567
305
314
561
567
266
1130
814
564
305
314
562
569
266
1386
302
560
305
314
564
570
618
558
560
305
314
565
562
266
874
611
305
314
566
52
266
1386
46
563
305
314
567
310
266
1176
560
305
314
568
577
1688
567
305
314
569
313
266
614
302
561
561
58
561
305
266
870
814
560
561
58
562
50
266
1126
612
561
58
563
564
266
1382
869
561
58
564
822
266
870
558
563
561
58
565
321
1126
814
569
561
58
566
825
266
1382
302
565
561
58
568
817
266
1428
560
561
58
569
316
1481
561
314
560
306
266
615
868
561
314
561
53
266
1127
302
561
561
314
562
576
1383
558
567
561
314
563
56
266
615
46
562
561
314
564
577
871
302
564
561
314
566
817
266
1127
558
567
561
314
567
572
1383
613
561
314
568
308
266
917
563
561
314
569
310
266
616
302
569
561
570
560
823
266
872
302
565
561
570
561
578
1128
46
567
561
570
563
304
266
1384
558
562
561
570
564
50
266
616
302
567
561
570
565
563
266
872
615
561
570
566
564
266
1384
46
564
561
570
567
566
266
918
564
561
570
568
321
1686
567
561
570
569
57
266
617
302
562
561
826
561
49
266
873
558
569
561
826
562
818
266
1129
612
561
826
563
562
266
617
46
560
561
826
564
575
873
302
563
561
826
565
567
266
1129
814
564
561
826
566
825
266
1385
302
562
561
826
568
305
266
1431
560
561
826
569
48
266
1431
568
561
826
569
568
266
618
46
565
561
58
561
816
266
874
558
562
561
58
562
50
266
1130
814
568
561
58
563
563
266
1386
866
561
58
564
565
266
874
302
561
561
58
565
576
1130
558
567
561
58
566
568
266
1386
814
562
561
58
568
560
266
1176
561
561
58
569
571
1688
565
561
314
560
307
266
619
608
561
314
561
817
266
875
814
566
561
314
562
304
266
1131
302
567
561
314
563
570
1387
606
561
314
564
820
266
619
868
561
314
565
52
266
1131
302
567
561
314
566
311
266
1387
46
567
561
314
567
56
266
1433
564
561
314
568
323
921
563
817
58
560
49
266
615
814
562
817
58
561
51
266
871
613
817
58
562
308
266
1127
864
817
58
563
54
266
615
302
568
817
58
564
311
266
871
814
562
817
58
565
57
266
1127
302
561
817
58
566
564
266
1127
558
568
817
58
566
57
266
1383
46
568
817
58
567
569
266
1429
564
817
58
569
307
266
1685
566
817
314
560
52
266
872
46
561
817
314
561
821
266
1128
302
564
817
314
562
55
266
1384
558
568
817
314
563
56
266
616
46
561
817
314
564
825
266
872
302
564
817
314
566
49
266
1128
558
566
817
314
567
562
266
1384
814
568
817
314
568
51
266
1479
817
314
569
562
266
617
46
560
817
570
560
821
266
873
302
564
817
570
561
55
266
1129
558
568
817
570
562
568
266
1385
46
563
817
570
564
48
266
617
302
568
817
570
565
305
266
873
814
563
817
570
566
51
266
1129
613
817
570
567
52
266
663
562
817
570
568
562
266
919
569
817
570
569
561
266
1687
563
817
826
560
307
266
618
862
817
826
561
308
266
1130
46
562
817
826
562
575
1386
46
560
817
826
563
55
266
618
558
567
817
826
564
824
266
874
46
560
817
826
565
569
266
1130
302
561
817
826
567
304
266
1386
558
561
817
826
568
304
266
920
564
817
826
569
306
266
1482
817
58
560
317
619
866
817
58
561
318
1131
46
564
817
58
562
575
1387
302
564
817
58
563
320
619
558
561
817
58
564
565
266
875
558
564
817
58
565
321
1131
814
560
817
58
566
568
266
1387
814
564
817
58
567
568
266
1433
569
817
58
568
578
921
565
817
58
569
323
620
302
562
817
314
561
560
266
876
558
560
817
314
562
305
266
1132
814
560
817
314
563
562
266
1388
608
817
314
564
317
620
866
817
314
565
53
266
876
814
562
817
314
566
560
266
1132
558
563
817
314
567
561
266
1388
814
568
817
314
568
819
266
1488
817
314
569
53
266
616
302
562
107
560
576
872
558
566
107
561
824
266
1128
46
560
107
562
569
266
1384
302
562
107
564
816
266
616
558
564
107
565
50
266
872
814
565
107
566
307
266
1128
613
107
567
317
662
560
107
568
818
266
918
568
107
569
305
266
1686
560
363
560
818
266
617
607
363
561
573
873
611
363
562
309
266
1385
46
568
363
563
822
266
617
558
560
363
564
567
266
873
814
562
363
565
322
1129
46
564
363
567
304
266
1385
46
562
363
568
49
266
1431
561
363
569
306
266
1483
619
560
315
618
863
619
561
307
266
1130
46
560
619
562
565
266
1386
46
561
619
563
822
266
618
558
562
619
564
321
874
814
564
619
565
57
266
1130
46
566
619
567
816
266
1386
558
560
619
568
315
1432
565
619
569
819
266
1736
875
560
562
266
619
871
875
561
565
266
1131
46
569
875
562
576
1387
558
565
875
563
312
266
619
814
566
875
564
57
266
875
302
561
875
566
816
266
1131
558
564
875
567
306
266
1387
814
569
875
568
563
266
1484
875
569
53
266
620
46
567
107
560
54
266
876
558
560
107
561
823
266
1132
814
563
107
562
57
266
1388
46
566
107
564
816
266
620
302
569
107
565
561
266
876
814
563
107
566
572
1132
607
107
567
820
266
1388
871
107
568
309
266
1178
562
107
569
320
621
558
565
363
560
568
266
877
814
568
363
561
313
266
1133
302
562
363
562
567
266
1389
46
569
363
563
566
266
621
558
564
363
564
56
266
877
814
567
363
565
57
266
1133
46
560
363
567
816
266
1389
558
564
363
568
50
266
1435
567
363
569
51
266
1740
363
560
564
266
873
46
564
363
561
310
266
1129
302
568
363
562
565
266
1385
558
566
363
563
55
266
617
46
560
363
564
569
266
873
302
562
363
566
570
1129
558
565
363
567
817
266
1385
814
568
363
568
307
266
1231
363
569
318
618
46
565
619
560
566
266
874
302
569
619
561
567
266
1130
814
562
619
562
319
1130
862
619
563
820
266
618
46
563
619
564
309
266
874
302
568
619
565
311
266
1130
302
568
619
566
322
1386
46
564
619
568
560
266
920
569
619
569
49
266
1688
564
875
560
307
266
619
614
875
561
564
266
1131
46
564
875
562
566
266
1387
558
560
875
563
823
266
619
814
564
875
564
824
266
875
46
568
875
566
48
266
1131
302
568
875
567
817
266
1387
302
563
875
568
562
266
1228
875
569
573
1743
1131
560
53
266
876
302
562
1131
561
55
266
1132
46
569
1131
562
56
266
1388
46
564
1131
564
560
266
620
558
560
1131
565
571
876
814
568
1131
566
563
266
1132
866
1131
567
51
266
666
565
1131
568
54
266
1178
568
1131
569
823
266
621
558
562
363
560
567
266
877
46
564
363
562
48
266
1133
302
566
363
563
561
266
1389
558
566
363
564
50
266
621
814
569
363
565
51
266
877
615
363
566
52
266
1133
870
363
567
309
266
923
560
363
568
822
266
1435
563
363
569
577
622
814
566
619
560
55
266
878
46
567
619
562
48
266
1134
558
560
619
563
817
266
1390
558
562
619
564
51
266
622
614
619
565
308
266
1134
46
562
619
566
54
266
1390
302
568
619
567
565
266
1436
561
619
568
578
924
566
50
58
560
48
522
608
302
566
50
58
561
50
522
864
814
569
50
58
562
819
522
1120
867
50
58
563
53
522
608
46
569
50
58
564
55
522
864
558
568
50
58
565
824
522
1120
46
564
50
58
567
560
522
1376
558
560
50
58
568
817
522
1422
566
50
58
569
307
522
1730
50
314
560
821
522
865
46
567
50
314
561
823
522
1121
814
562
50
314
562
569
522
1377
814
560
50
314
564
816
522
609
302
561
50
314
565
50
522
865
610
50
314
566
573
1121
871
50
314
567
575
1377
865
50
314
568
832
1423
568
50
314
569
824
522
610
46
565
50
570
561
48
522
866
558
563
50
570
562
562
522
1122
608
50
570
563
563
522
610
46
560
50
570
564
54
522
866
302
564
50
570
565
56
522
1122
46
560
50
570
567
48
522
1378
302
569
50
570
568
827
912
565
50
570
569
51
522
1732
50
826
560
821
522
867
302
562
50
826
561
55
522
1123
558
569
50
826
562
578
1379
46
566
50
826
564
560
522
611
814
567
50
826
565
561
522
867
814
566
50
826
566
563
522
1123
868
50
826
567
565
522
913
566
50
826
568
823
522
1681
560
50
826
569
825
522
612
302
566
50
58
561
49
522
868
814
564
50
58
562
563
522
1124
862
50
58
563
830
612
46
566
50
58
564
54
522
868
558
562
50
58
565
56
522
1124
814
568
50
58
566
825
522
1380
302
564
50
58
567
825
522
1170
567
50
58
569
50
522
1475
50
314
560
573
613
867
50
314
561
565
522
1125
46
569
50
314
562
566
522
1381
558
562
50
314
563
56
522
613
814
566
50
314
564
569
522
869
302
561
50
314
566
570
1125
558
564
50
314
567
306
522
1381
814
568
50
314
568
307
522
1477
50
314
569
830
609
46
566
306
58
560
822
522
865
558
560
306
58
561
577
1121
814
566
306
58
562
57
522
1377
302
560
306
58
564
570
609
558
566
306
58
565
818
522
865
606
306
58
566
573
1121
866
306
58
567
821
522
911
562
306
58
568
576
1423
566
306
58
569
56
522
610
302
566
306
314
560
579
866
302
565
306
314
562
561
522
1122
558
568
306
314
563
306
522
1378
608
306
314
564
573
610
867
306
314
565
565
522
1122
302
560
306
314
566
576
1378
558
566
306
314
567
312
522
656
562
306
314
569
304
522
1168
569
306
570
560
571
611
814
566
306
570
561
307
522
867
814
562
306
570
562
574
1379
46
566
306
570
563
54
522
611
558
561
306
570
564
56
522
867
814
569
306
570
565
825
522
1123
302
565
306
570
567
560
522
1379
814
561
306
570
568
818
522
1222
306
570
569
564
522
1738
306
826
560
565
522
868
302
562
306
826
561
55
522
1124
558
568
306
826
562
568
522
1380
46
563
306
826
564
560
522
612
814
569
306
826
565
49
522
868
814
562
306
826
566
51
522
1124
613
306
826
567
52
522
658
562
306
826
568
831
1170
566
306
826
569
55
522
613
814
562
306
58
560
834
869
46
567
306
58
562
304
522
1125
558
562
306
58
563
306
522
1381
814
568
306
58
564
563
522
613
866
306
58
565
565
522
869
613
306
58
566
54
522
1381
302
568
306
58
567
55
522
1427
561
306
58
568
578
915
564
306
314
560
304
522
614
302
568
306
314
561
49
522
870
814
563
306
314
562
51
522
1126
613
306
314
563
52
522
614
46
561
306
314
564
575
870
302
565
306
314
565
567
522
1126
558
569
306
314
566
568
522
1382
46
562
306
314
567
579
916
565
306
314
569
816
522
1428
568
562
58
560
306
522
610
608
562
58
561
829
866
868
562
58
562
53
522
1378
302
562
562
58
563
55
522
610
46
565
562
58
564
833
866
814
567
562
58
565
834
1122
302
561
562
58
567
570
1378
558
563
562
58
568
306
522
1424
568
562
58
569
51
522
1729
562
314
560
574
867
46
566
562
314
561
54
522
1123
558
562
562
314
562
833
1379
814
562
562
314
563
569
522
611
302
564
562
314
565
561
522
867
814
560
562
314
566
572
1123
612
562
314
567
305
522
1379
46
564
562
314
568
560
522
913
569
562
314
569
817
522
1681
565
562
570
560
819
522
612
862
562
570
561
574
1124
46
566
562
570
562
54
522
1380
558
561
562
570
563
567
522
612
814
565
562
570
564
569
522
868
46
569
562
570
566
560
522
1124
558
563
562
570
567
50
522
1380
814
567
562
570
568
51
522
1227
562
570
569
574
613
46
565
562
826
560
310
522
613
868
562
826
561
576
1125
558
565
562
826
562
56
522
1381
814
566
562
826
563
823
522
613
46
564
562
826
565
48
522
869
302
565
562
826
566
49
522
1125
558
566
562
826
567
562
522
1381
814
567
562
826
568
819
522
1228
562
826
569
308
522
614
46
561
562
58
560
575
870
302
564
562
58
561
55
522
1126
558
567
562
58
562
56
522
1382
46
561
562
58
563
825
522
614
814
566
562
58
565
570
870
558
565
562
58
566
562
522
1126
814
568
562
58
567
51
522
1382
863
562
58
568
574
916
564
562
58
569
310
522
615
302
568
562
314
560
55
522
871
814
561
562
314
561
56
522
1127
46
566
562
314
563
560
522
1383
558
565
562
314
564
306
522
615
610
562
314
565
820
522
1127
46
563
562
314
566
566
522
1383
558
560
562
314
567
833
1429
568
562
314
568
57
522
1173
565
818
58
560
49
522
611
814
562
818
58
561
307
522
867
862
818
58
562
574
1379
46
566
818
58
563
54
522
611
558
562
818
58
564
56
522
867
814
568
818
58
565
57
522
1123
302
562
818
58
567
48
522
1379
558
565
818
58
568
562
522
1425
569
818
58
569
563
522
1733
818
314
560
565
522
868
302
561
818
314
561
55
522
1124
302
560
818
314
562
57
522
1380
558
567
818
314
564
570
612
814
562
818
314
565
819
522
868
867
818
314
566
821
522
1380
302
569
818
314
567
56
522
658
562
818
314
568
57
522
1426
565
818
570
560
562
522
613
607
818
570
561
574
1125
46
567
818
570
562
575
1381
558
564
818
570
563
824
522
613
46
561
818
570
565
48
522
869
302
569
818
570
566
571
1125
814
568
818
570
567
829
659
560
818
570
568
566
522
1427
565
818
570
569
578
614
302
560
818
826
561
305
522
870
814
564
818
826
562
819
522
1126
870
818
826
563
54
522
1382
868
818
826
564
565
522
870
814
561
818
826
565
825
522
1126
302
564
818
826
567
817
522
1382
814
564
818
826
568
307
522
1478
818
826
569
821
522
615
302
568
818
58
560
577
871
46
560
818
58
562
304
522
1127
558
562
818
58
563
50
522
1383
611
818
58
564
308
522
871
46
566
818
58
565
576
1127
558
568
818
58
566
834
1383
302
560
818
58
568
49
522
1173
566
818
58
569
51
522
1734
818
314
560
52
522
872
302
560
818
314
561
55
522
1128
558
569
818
314
562
578
1384
46
567
818
314
564
560
522
616
558
564
818
314
565
818
522
872
607
818
314
566
829
1128
870
818
314
567
575
918
566
818
314
568
55
522
1686
562
818
314
569
57
522
612
46
567
50
58
561
304
522
868
558
562
50
58
562
50
522
1124
814
567
50
58
563
307
522
1380
865
50
58
564
309
522
868
46
569
50
58
565
822
522
1124
558
565
50
58
566
56
522
1380
46
562
50
58
567
312
522
914
563
50
58
569
561
522
1682
561
50
314
560
828
613
614
50
314
561
308
522
1125
46
562
50
314
562
54
522
1381
558
560
50
314
563
56
522
613
46
560
50
314
565
48
522
869
558
560
50
314
565
313
522
1125
814
561
50
314
567
307
522
1381
862
50
314
568
565
522
1171
562
50
314
569
823
522
614
814
563
50
570
560
569
522
870
302
561
50
570
562
49
522
1126
558
569
50
570
563
51
522
1382
613
50
570
564
53
522
870
302
560
50
570
565
55
522
1126
814
560
50
570
566
57
522
1382
46
568
50
570
568
48
522
1172
567
50
570
569
562
522
1482
50
826
560
308
522
871
46
563
50
826
561
566
522
1127
558
561
50
826
562
833
1383
814
560
50
826
563
313
522
615
302
560
50
826
565
305
522
871
558
569
50
826
566
562
522
1127
606
50
826
567
308
522
1383
871
50
826
568
565
522
1173
563
50
826
569
55
522
616
558
567
50
58
560
833
872
46
562
50
58
561
835
1128
302
566
50
58
563
49
522
1384
814
561
50
58
564
572
616
611
50
58
565
828
872
871
50
58
566
565
522
1384
302
563
50
58
567
55
522
1174
562
50
58
568
824
522
918
560
50
58
569
579
617
302
564
50
314
561
305
522
873
558
568
50
314
562
50
522
1129
606
50
314
563
563
522
1385
864
50
314
564
574
873
46
564
50
314
565
821
522
873
862
50
314
566
822
522
1385
558
560
50
314
567
55
522
1431
560
50
314
568
312
522
1687
569
50
314
569
313
522
613
46
569
306
58
561
48
522
869
558
560
306
58
562
305
522
1125
814
562
306
58
563
828
1381
558
565
306
58
564
573
613
867
306
58
565
565
522
1125
302
560
306
58
566
576
1381
558
566
306
58
567
56
522
659
563
306
58
569
304
522
1171
569
306
314
560
571
614
814
566
306
314
561
817
522
870
614
306
314
562
820
522
1382
46
566
306
314
563
821
522
614
558
563
306
314
564
568
522
870
46
561
306
314
565
56
522
1126
302
564
306
314
567
561
522
1382
558
569
306
314
568
818
522
1172
562
306
314
569
563
522
1737
306
570
560
821
522
871
302
560
306
570
561
576
1127
558
566
306
570
562
833
1383
46
563
306
570
564
48
522
615
558
565
306
570
565
818
522
871
558
562
306
570
566
52
522
1383
46
567
306
570
567
55
522
1173
562
306
570
569
560
522
1685
562
306
826
560
564
522
872
46
568
306
826
561
567
522
1128
46
562
306
826
563
570
1384
814
564
306
826
564
51
522
872
302
568
306
826
565
57
522
1128
558
560
306
826
567
50
522
1384
868
306
826
568
566
522
1174
568
306
826
569
825
522
617
302
566
306
58
561
50
522
873
611
306
58
562
830
1385
302
562
306
58
563
311
522
617
814
568
306
58
565
304
522
873
558
563
306
58
566
48
522
1129
814
569
306
58
567
52
522
1385
867
306
58
568
310
522
1431
561
306
58
569
567
522
618
46
560
306
314
561
48
522
874
558
560
306
314
562
827
1130
814
568
306
314
563
307
522
1386
870
306
314
564
309
522
874
302
563
306
314
565
311
522
1130
814
560
306
314
566
834
1386
46
568
306
314
568
826
1176
567
306
314
569
819
522
1741
562
58
560
565
522
870
302
568
562
58
561
577
1126
302
568
562
58
562
313
522
1382
302
565
562
58
564
561
522
614
814
568
562
58
565
564
522
870
870
562
58
566
311
522
1382
814
565
562
58
567
569
522
1172
564
562
58
568
313
522
1428
567
562
58
569
578
615
46
569
562
314
561
49
522
871
814
561
562
314
562
563
522
1127
864
562
314
563
309
522
615
302
565
562
314
564
823
522
871
558
568
562
314
565
835
1127
558
560
562
314
567
50
522
1383
814
568
562
314
568
52
522
1486
562
314
569
575
616
302
567
562
570
560
823
522
872
814
566
562
570
561
313
522
1128
302
564
562
570
563
561
522
1384
558
564
562
570
564
572
616
612
562
570
565
52
522
1128
46
561
562
570
566
575
1384
302
560
562
570
567
55
522
1174
568
562
570
568
822
522
1686
565
562
570
569
569
522
617
46
568
562
826
561
48
522
873
302
569
562
826
562
305
522
1129
814
560
562
826
563
562
522
1385
607
562
826
564
819
522
617
866
562
826
565
820
522
1129
302
563
562
826
566
311
522
1385
814
567
562
826
568
48
522
1175
564
562
826
569
818
522
1487
562
58
560
821
522
874
302
564
562
58
561
567
522
1130
302
562
562
58
562
313
522
1386
302
562
562
58
564
561
522
618
558
569
562
58
565
307
522
874
558
568
562
58
566
820
522
1386
46
562
562
58
567
53
522
1386
615
562
58
568
566
522
1432
565
562
58
569
56
522
619
814
567
562
314
561
816
522
875
46
568
562
314
562
50
522
1131
814
569
562
314
563
573
1387
868
562
314
564
53
522
875
302
564
562
314
565
55
522
1131
814
564
562
314
566
569
522
1387
302
568
562
314
568
561
522
1230
562
314
569
574
615
302
561
818
58
560
823
522
871
814
565
818
58
561
824
522
1127
302
569
818
58
563
306
522
1383
607
818
58
564
52
522
615
609
818
58
565
565
522
1127
302
564
818
58
566
567
522
1383
558
569
818
58
567
568
522
917
560
818
58
569
561
522
1429
566
818
314
560
308
522
872
302
562
818
314
561
577
1128
46
563
818
314
563
826
1384
814
564
818
314
564
573
872
46
562
818
314
565
822
522
1128
814
561
818
314
566
313
522
1384
302
569
818
314
568
562
522
1227
818
314
569
564
522
617
46
566
818
570
560
822
522
873
558
567
818
570
561
568
522
1129
46
566
818
570
563
816
522
1385
558
568
818
570
564
51
522
617
864
818
570
565
53
522
1129
302
566
818
570
566
577
1385
814
562
818
570
568
816
522
1175
565
818
570
569
50
522
1485
818
826
560
574
874
46
568
818
826
561
576
1130
558
568
818
826
562
56
522
1386
46
567
818
826
564
816
522
618
558
567
818
826
565
818
522
874
613
818
826
566
308
522
1386
46
565
818
826
567
310
522
1176
563
818
826
568
568
522
1688
569
818
826
569
825
522
619
302
566
818
58
561
305
522
875
814
566
818
58
562
819
522
1131
871
818
58
563
566
522
619
558
567
818
58
564
569
522
875
302
567
818
58
565
825
522
1131
814
566
818
58
567
52
522
665
564
818
58
568
822
522
1689
561
818
58
569
825
522
620
302
566
818
314
561
570
876
46
564
818
314
562
50
522
1132
611
818
314
563
564
522
620
46
566
818
314
564
822
522
876
558
568
818
314
565
824
522
1132
46
567
818
314
567
570
1388
558
566
818
314
568
572
1235
818
314
569
309
522
616
302
563
108
560
567
522
872
46
561
108
562
48
522
1128
814
560
108
563
51
522
1384
870
108
564
566
522
872
558
565
108
565
310
522
1128
46
560
108
567
560
522
1384
558
564
108
568
306
522
1174
563
108
569
564
522
617
302
561
364
560
577
873
46
567
364
562
49
522
1129
814
564
364
563
564
522
617
302
562
364
564
576
873
46
560
364
566
48
522
1129
558
567
364
567
51
522
1385
865
364
568
565
522
1175
569
364
569
568
522
618
46
564
620
561
816
522
874
558
569
620
562
307
522
1130
865
620
563
53
522
618
302
566
620
564
567
522
874
814
566
620
565
313
522
1130
302
567
620
567
817
522
1386
814
567
620
568
563
522
1486
620
569
565
522
619
302
565
876
560
567
522
875
814
566
876
561
57
522
1131
302
564
876
563
561
522
1387
814
562
876
564
51
522
619
609
876
565
564
522
1131
46
566
876
566
822
522
1387
558
561
876
567
577
1433
565
876
568
834
1177
560
108
560
816
522
620
558
563
108
561
50
522
876
814
568
108
562
307
522
1132
864
108
563
53
522
620
46
567
108
564
54
522
876
558
562
108
565
56
522
1132
46
560
108
567
304
522
1388
558
561
108
568
306
522
1434
563
108
569
570
1488
364
560
564
522
877
46
566
364
561
566
522
1133
558
564
364
562
824
522
1389
46
561
364
564
560
522
621
558
561
364
565
827
877
606
364
566
829
1133
864
364
567
563
522
667
568
364
568
576
1435
567
364
569
566
522
617
46
560
364
561
48
522
873
302
564
364
562
571
1129
814
568
364
563
819
522
1385
868
364
564
821
522
873
302
567
364
565
577
1129
814
569
364
566
835
1385
558
560
364
568
50
522
1431
562
364
569
829
1743
620
560
821
522
874
302
566
620
561
311
522
1130
302
566
620
562
54
522
1386
302
560
620
564
49
522
618
558
