48
58
560
816
10
608
814
562
48
58
561
821
10
1120
46
560
48
58
563
823
10
608
46
566
48
58
564
55
10
608
868
48
58
565
313
10
1120
814
561
48
58
567
50
10
1376
558
568
48
58
568
817
10
1470
48
58
569
310
10
609
46
560
48
314
561
305
10
865
46
560
48
314
561
822
10
865
612
48
314
562
562
10
1121
46
568
48
314
563
307
10
609
46
565
48
314
564
568
10
865
302
569
48
314
565
568
10
1377
302
567
48
314
567
312
10
1423
560
48
314
569
62
610
302
562
48
570
560
323
866
814
568
48
570
562
306
10
1122
302
564
48
570
562
567
10
1378
302
565
48
570
564
560
10
610
814
569
48
570
565
305
10
866
46
562
48
570
565
569
10
1122
558
560
48
570
567
565
10
1424
560
48
570
569
816
10
1424
567
48
826
560
52
10
867
814
565
48
826
562
59
1123
558
565
48
826
563
50
10
1379
814
565
48
826
564
305
10
611
615
48
826
565
565
10
1123
814
565
48
826
567
49
10
1379
610
48
826
568
61
1473
48
826
569
563
10
612
46
564
48
58
561
52
10
1124
558
563
48
58
562
825
10
1380
302
565
48
58
563
821
10
1380
871
48
58
564
56
10
1124
46
563
48
58
566
56
10
1380
302
561
48
58
567
568
10
1170
562
48
58
569
560
10
1732
48
314
560
54
10
869
814
568
48
314
561
56
10
1381
46
561
48
314
563
567
10
613
302
560
48
314
565
50
10
869
46
565
48
314
566
818
10
1125
302
566
48
314
567
305
10
1381
614
48
314
568
824
10
1427
561
304
58
560
307
10
865
46
565
304
58
561
563
10
865
814
565
304
58
562
820
10
1377
302
565
304
58
563
311
10
609
302
561
304
58
564
569
10
865
868
304
58
566
566
10
1377
46
560
304
58
568
48
10
1423
562
304
58
569
58
610
46
565
304
314
561
58
866
870
304
314
562
54
10
1122
866
304
314
563
562
10
610
558
568
304
314
565
564
10
1122
558
562
304
314
567
564
10
656
563
304
314
568
822
10
1424
562
304
314
569
568
10
611
46
562
304
570
561
304
10
867
558
561
304
570
562
562
10
1123
608
304
570
563
820
10
611
46
564
304
570
564
310
10
867
558
567
304
570
565
66
1123
302
560
304
570
567
49
10
1379
814
562
304
570
568
307
10
1480
304
570
569
565
10
612
558
561
304
826
560
56
10
868
46
566
304
826
562
314
1124
814
562
304
826
563
51
10
1380
869
304
826
564
54
10
868
558
563
304
826
565
568
10
1124
46
569
304
826
567
817
10
1380
814
567
304
826
568
564
10
914
567
304
826
569
567
10
613
814
567
304
58
561
816
10
869
558
569
304
58
562
563
10
1381
46
564
304
58
563
311
10
613
814
569
304
58
565
560
10
869
814
564
304
58
566
52
10
1381
46
568
304
58
567
55
10
659
560
304
58
569
816
10
1683
562
304
314
560
61
870
46
563
304
314
561
64
1126
814
562
304
314
562
67
1382
558
563
304
314
564
316
614
867
304
314
565
54
10
1126
558
567
304
314
566
825
10
1382
302
562
304
314
568
54
10
1476
304
314
569
52
10
610
46
568
560
58
560
56
10
866
302
560
560
58
561
823
10
1122
558
560
560
58
562
321
1378
814
562
560
58
564
52
10
866
302
560
560
58
565
67
1122
558
566
560
58
566
566
10
1378
46
568
560
58
567
313
10
912
565
560
58
569
48
10
1680
562
560
314
560
564
10
867
302
561
560
314
561
62
867
558
569
560
314
562
48
10
1123
46
563
560
314
563
58
1379
302
568
560
314
564
61
867
46
561
560
314
565
565
10
1123
868
560
314
568
315
1425
561
560
314
569
820
10
612
46
563
560
570
560
566
10
868
558
560
560
570
561
568
10
1124
46
561
560
570
563
304
10
1380
558
565
560
570
563
313
10
612
302
566
560
570
564
565
10
868
558
563
560
570
566
305
10
1124
814
564
560
570
567
314
1380
611
560
570
568
309
10
1480
560
570
569
57
10
613
814
569
560
826
561
59
1381
558
566
560
826
563
569
10
869
814
562
560
826
566
48
10
1125
814
563
560
826
567
52
10
659
566
560
826
568
55
10
1427
561
560
58
560
563
10
614
558
568
560
58
563
304
10
1382
614
560
58
564
820
10
870
558
568
560
58
566
560
10
1126
558
564
560
58
567
48
10
1382
46
562
560
58
567
57
10
1221
560
58
569
816
10
916
569
560
58
569
825
10
871
302
564
560
314
561
567
10
1127
558
562
560
314
562
57
10
1383
302
569
560
314
564
60
615
868
560
314
565
54
10
1127
814
563
560
314
567
816
10
1383
814
563
560
314
568
820
10
1173
563
560
314
569
308
10
1685
562
816
58
560
315
867
558
565
816
58
561
67
1123
558
563
816
58
563
52
10
611
302
568
816
58
564
569
10
867
302
569
816
58
566
52
10
1379
302
564
816
58
567
824
10
1169
560
816
58
568
323
612
46
567
816
314
560
822
10
868
302
563
816
314
562
818
10
1124
871
816
314
563
567
10
612
302
561
816
314
565
560
10
868
558
566
816
314
565
822
10
868
862
816
314
566
562
10
1380
302
560
816
314
568
818
10
914
562
816
314
568
825
10
613
302
560
816
570
561
562
10
869
46
568
816
570
561
312
10
1125
606
816
570
563
304
10
1381
302
569
816
570
564
49
10
613
814
569
816
570
565
52
10
869
862
816
570
566
822
10
1381
46
563
816
570
568
561
10
1475
816
570
569
310
10
614
46
562
816
826
560
61
614
814
561
816
826
561
49
10
870
46
569
816
826
561
312
10
1126
302
566
816
826
562
57
10
1382
814
566
816
826
564
49
10
614
615
816
826
565
51
10
870
558
563
816
826
566
306
10
1382
302
562
816
826
567
568
10
1172
561
816
826
569
563
10
615
302
561
816
58
560
52
10
615
612
816
58
561
562
10
871
862
816
58
562
818
10
1383
46
564
816
58
563
321
615
302
562
816
58
564
57
10
871
558
566
816
58
565
67
1127
814
567
816
58
567
309
10
1429
565
816
58
569
59
616
46
564
816
314
560
568
10
872
558
564
816
314
562
822
10
1384
46
568
816
314
564
819
10
872
302
568
816
314
566
816
10
1128
612
816
314
567
311
10
918
564
816
314
569
307
10
1430
566
816
314
569
825
10
868
46
563
48
58
561
568
10
1124
46
565
48
58
562
52
10
1380
814
564
48
58
564
561
10
612
862
48
58
565
64
1124
46
566
48
58
567
314
658
564
48
58
568
56
10
914
567
48
314
560
564
10
869
558
568
48
314
562
561
10
1125
814
562
48
314
563
819
10
1381
814
565
48
314
564
309
10
869
814
566
48
314
566
305
10
1125
867
48
314
567
55
10
1427
562
48
314
569
563
10
1683
560
48
570
560
305
10
614
814
567
48
570
561
320
1126
46
566
48
570
563
50
10
614
46
561
48
570
564
321
870
302
569
48
570
566
61
1382
46
568
48
570
567
569
10
1428
564
48
570
569
562
10
1172
563
48
570
569
569
10
615
814
562
48
826
561
314
871
613
48
826
562
822
10
1383
46
561
48
826
564
50
10
871
46
560
48
826
565
56
10
1127
558
560
48
826
567
52
10
1173
562
48
826
569
560
10
1480
48
58
560
54
10
872
814
568
48
58
562
50
10
1128
863
48
58
563
56
10
616
302
568
48
58
564
566
10
872
558
560
48
58
565
312
10
1128
302
562
48
58
566
312
10
1384
558
569
48
58
568
309
10
1686
561
48
314
560
816
10
617
615
48
314
561
55
10
1129
302
562
48
314
563
51
10
617
302
564
48
314
564
569
10
873
814
568
48
314
566
54
10
1385
46
560
48
314
568
306
10
919
561
48
314
569
568
10
613
558
563
304
58
561
820
10
1125
558
564
304
58
563
560
10
1381
613
304
58
564
320
869
302
560
304
58
566
563
10
1381
302
563
304
58
567
569
10
1427
569
304
58
569
562
10
1171
566
304
58
569
66
614
302
569
304
314
560
564
10
870
814
560
304
314
562
49
10
1126
864
304
314
563
56
10
614
558
564
304
314
565
820
10
870
865
304
314
566
316
1382
302
562
304
314
567
569
10
1428
568
304
314
569
54
10
615
46
560
304
570
561
562
10
1127
46
563
304
570
562
824
10
1383
558
564
304
570
564
52
10
871
558
566
304
570
566
816
10
1127
614
304
570
567
55
10
917
561
304
570
569
563
10
616
302
563
304
826
560
57
10
872
814
563
304
826
562
565
10
1384
814
562
304
826
564
314
616
613
304
826
565
822
10
1128
46
564
304
826
567
48
10
662
561
304
826
568
56
10
1430
560
304
58
560
317
873
558
560
304
58
562
48
10
1129
608
304
58
563
822
10
617
46
565
304
58
565
316
1129
302
563
304
58
566
569
10
1385
606
304
58
568
566
10
919
564
304
314
560
60
874
302
560
304
314
561
825
10
1130
814
566
304
314
563
63
618
46
560
304
314
565
306
10
1130
46
562
304
314
566
824
10
1386
558
564
304
314
568
820
10
1688
560
560
58
560
561
10
614
814
562
560
58
560
57
10
870
558
568
560
58
562
62
1126
871
560
58
563
51
10
614
46
567
560
58
564
824
10
870
558
568
560
58
566
62
1382
558
569
560
58
568
49
10
1476
560
58
569
55
10
615
558
566
560
314
560
565
10
871
814
568
560
314
562
817
10
1383
46
567
560
314
563
57
10
615
814
566
560
314
565
54
10
1127
302
564
560
314
567
52
10
1383
864
560
314
568
819
10
1429
562
560
570
560
49
10
616
870
560
570
561
824
10
1128
558
568
560
570
563
53
10
616
302
562
560
570
564
822
10
872
558
561
560
570
566
304
10
1128
614
560
570
567
311
10
918
565
560
570
569
61
617
558
561
560
826
561
560
10
873
862
560
826
562
55
10
1385
558
560
560
826
564
564
10
873
814
561
560
826
566
817
10
1385
46
562
560
826
567
824
10
1431
561
560
826
569
819
10
618
302
561
560
58
560
563
10
618
558
569
560
58
561
315
1130
46
562
560
58
562
823
10
1386
558
566
560
58
564
820
10
618
866
560
58
565
316
1130
302
560
560
58
566
313
10
1386
558
564
560
58
567
822
10
920
562
560
58
569
304
10
1432
568
560
314
560
49
10
619
866
560
314
561
567
10
1131
302
561
560
314
562
62
1387
302
568
560
314
564
561
10
619
870
560
314
565
823
10
1131
302
567
560
314
567
563
10
921
564
560
314
569
561
10
921
560
816
58
560
49
10
615
46
566
816
58
561
49
10
1127
46
560
816
58
562
65
1383
302
565
816
58
564
818
10
871
302
564
816
58
565
565
10
871
864
816
58
566
311
10
1383
302
560
816
58
567
568
10
1173
569
816
58
569
561
10
1737
816
314
560
55
10
872
302
562
816
314
562
561
10
1384
46
565
816
314
563
312
10
616
302
567
816
314
565
563
10
1128
46
566
816
314
566
321
1384
302
562
816
314
568
562
10
918
561
816
314
569
311
10
617
46
565
816
570
561
316
873
615
816
570
567
820
10
874
613
816
826
566
307
10
1386
302
564
816
826
568
58
1228
816
826
569
54
10
619
814
567
816
58
561
561
10
875
866
816
58
562
54
10
1387
814
568
816
58
564
316
875
46
567
816
58
565
568
10
1131
46
566
816
58
567
317
665
569
816
58
568
56
10
921
568
816
314
560
563
10
620
558
564
816
314
561
312
10
1132
302
566
816
314
563
819
10
620
302
562
816
314
564
569
10
876
814
562
816
314
566
565
10
1388
814
564
816
314
567
53
10
922
566
816
314
568
67
1482
106
560
310
10
872
46
563
106
562
306
10
1384
46
566
106
563
568
10
616
558
565
106
564
821
10
872
613
106
566
59
1128
863
106
567
311
10
918
564
106
569
56
10
617
46
568
362
560
563
10
617
302
568
362
560
66
873
302
561
362
561
819
10
873
863
362
562
818
10
1129
46
569
362
562
567
10
1385
302
566
362
564
52
10
873
558
560
362
566
48
10
1129
606
362
567
54
10
1431
568
362
569
817
10
1739
618
560
55
10
874
302
560
618
561
66
1130
558
568
618
563
58
1386
558
567
618
563
66
618
814
560
618
565
569
10
1130
302
560
618
566
825
10
1386
302
564
618
568
565
10
1688
560
874
560
314
619
814
566
874
561
64
1131
46
568
874
562
311
10
1387
558
567
874
564
58
619
614
874
565
55
10
1131
302
562
874
567
51
10
921
565
874
568
825
10
1689
569
106
560
310
10
876
46
562
106
562
306
10
1388
46
567
106
563
57
10
620
814
563
106
565
565
10
1132
46
560
106
567
50
10
666
569
106
568
568
10
1482
362
560
310
10
877
814
567
362
562
818
10
1389
46
564
362
564
816
10
621
612
362
565
52
10
877
558
567
362
565
569
10
1133
302
568
362
566
53
10
1133
814
566
362
567
819
10
923
565
362
568
569
10
1435
567
362
560
818
10
617
558
561
362
561
564
10
1129
558
563
362
563
48
10
1385
612
362
564
320
873
302
562
362
566
819
10
1385
558
562
362
568
560
10
1481
362
569
567
10
618
302
569
618
561
820
10
874
814
567
618
562
56
10
1386
862
618
564
55
10
874
46
569
618
565
67
1130
558
568
618
567
561
10
1386
46
569
618
568
309
10
1688
564
618
569
57
10
619
302
568
874
560
566
10
875
46
565
874
561
308
10
875
558
562
874
561
312
10
1131
558
562
874
563
564
10
619
558
561
874
565
48
10
875
814
568
874
566
821
10
1387
814
566
874
568
49
10
1483
874
569
55
10
620
46
566
1130
561
818
10
876
871
1130
562
823
10
1388
46
568
1130
564
306
10
620
865
1130
565
310
10
1132
814
566
1130
567
560
10
1388
814
566
1130
568
820
10
1178
567
1130
569
568
10
621
302
567
362
561
60
877
871
362
562
311
10
1389
46
564
362
563
568
10
877
558
560
362
565
57
10
1133
302
568
362
567
304
10
1389
558
567
362
569
58
1483
618
560
53
10
878
302
567
618
561
568
10
1134
302
562
618
563
315
1390
612
618
564
561
10
878
302
569
618
566
53
10
1134
612
618
567
65
924
560
618
568
321
1180
564
618
569
312
266
608
46
567
49
58
561
49
266
864
606
49
58
562
51
266
1376
302
562
49
58
563
321
608
46
564
49
58
565
49
266
864
558
562
49
58
566
564
266
1120
558
567
49
58
567
570
1376
814
566
49
58
567
313
266
1121
814
569
49
314
562
578
1377
302
564
49
314
563
577
609
46
564
49
314
565
305
266
865
814
564
49
314
566
317
1377
46
562
49
314
567
566
266
1167
569
49
314
568
313
266
1167
563
49
570
560
561
266
610
814
568
49
570
561
562
266
1122
46
564
49
570
562
566
266
1378
814
560
49
570
563
568
266
610
302
566
49
570
565
306
266
866
609
49
570
566
308
266
1378
302
560
49
570
567
55
266
1424
566
49
570
568
323
1424
560
49
826
560
562
266
611
611
49
826
561
564
266
1123
46
568
49
826
562
53
266
1379
814
560
49
826
563
313
266
611
302
568
49
826
565
306
266
1379
302
560
49
826
568
579
1425
561
49
58
560
818
266
612
610
49
58
561
308
266
1124
46
565
49
58
562
819
266
1380
558
567
49
58
563
824
266
612
558
569
49
58
565
314
868
558
569
49
58
566
49
266
1124
865
49
58
567
307
266
613
46
569
49
314
561
319
1125
302
567
49
314
562
309
266
1381
46
560
49
314
563
822
266
613
46
562
49
314
565
55
266
1125
46
568
49
314
566
567
266
1381
46
567
49
314
568
560
266
1479
49
314
569
54
266
609
814
563
305
58
560
309
266
609
869
305
58
561
54
266
1121
814
567
305
58
563
48
266
1377
814
564
305
58
564
52
266
865
46
567
305
58
565
823
266
1121
558
566
305
58
566
56
266
1377
46
564
305
58
567
55
266
1423
567
305
58
568
320
610
814
562
305
314
560
323
866
558
565
305
314
562
307
266
1122
870
305
314
563
310
266
610
814
564
305
314
565
560
266
866
814
561
305
314
566
50
266
1378
302
561
305
314
567
568
266
912
562
305
314
569
562
266
1730
305
570
560
566
266
867
814
561
305
570
562
48
266
1123
558
569
305
570
563
317
611
46
566
305
570
564
311
266
867
46
563
305
570
566
49
266
1123
814
568
305
570
567
564
266
913
563
305
570
568
312
266
913
568
305
826
560
305
266
612
608
305
826
561
820
266
1124
302
563
305
826
562
577
1380
814
563
305
826
564
305
266
612
814
567
305
826
565
52
266
868
871
305
826
566
567
266
1380
46
565
305
826
568
821
266
613
302
568
305
58
565
563
266
869
614
305
58
567
578
1171
561
305
58
569
820
266
614
302
560
305
314
567
573
1382
870
305
314
568
568
266
916
569
561
58
560
817
266
610
814
567
561
58
561
308
266
866
867
561
58
564
565
266
1378
558
568
561
58
567
323
1168
569
561
58
569
52
266
1736
561
314
560
309
266
1123
558
560
561
314
562
313
266
1379
558
562
561
314
564
561
266
611
558
560
561
314
564
579
867
814
564
561
314
566
561
266
1123
46
569
561
314
567
306
266
1379
866
561
314
568
822
266
913
560
561
570
560
49
266
612
614
561
570
561
54
266
1124
558
566
561
570
563
561
266
1380
613
561
570
564
566
266
868
814
567
561
570
566
305
266
1124
612
561
570
567
566
266
1426
566
561
570
569
49
266
1478
561
826
560
821
266
869
558
569
561
826
562
560
266
1125
302
569
561
826
563
820
266
613
302
563
561
826
564
312
266
869
558
569
561
826
565
53
266
1125
558
562
561
826
566
313
266
1381
558
561
561
826
568
307
266
915
562
561
826
569
566
266
614
46
564
561
58
561
561
266
870
613
561
58
562
319
1382
814
560
561
58
564
48
266
614
46
561
561
58
564
576
870
814
568
561
58
566
816
266
1126
814
567
561
58
567
820
266
916
566
561
58
568
824
266
1172
567
561
314
560
562
266
615
867
561
314
561
316
1127
814
562
561
314
563
304
266
1383
558
568
561
314
564
307
266
871
46
563
561
314
565
311
266
1127
814
567
561
314
567
304
266
1383
814
562
561
314
568
573
917
566
561
314
569
311
266
611
814
566
817
58
561
304
266
867
558
565
817
58
562
51
266
1123
866
817
58
563
565
266
611
302
569
817
58
564
568
266
867
814
563
817
58
566
304
266
1123
558
567
817
58
567
316
1379
862
817
58
568
309
266
1169
562
817
58
569
55
266
612
814
565
817
314
560
313
266
868
302
568
817
314
562
50
266
1124
608
817
314
563
820
266
612
46
564
817
314
564
310
266
612
614
817
314
565
562
266
868
611
817
314
566
561
266
1380
46
567
817
314
567
576
1426
562
817
314
568
313
266
1170
569
817
570
560
306
266
613
863
817
570
561
54
266
1125
558
569
817
570
563
48
266
1381
814
562
817
570
564
564
266
869
302
564
817
570
565
312
266
1125
302
566
817
570
567
562
266
1381
867
817
570
568
54
266
1683
562
817
570
569
323
614
558
567
817
826
561
562
266
870
614
817
826
562
562
266
1126
558
560
817
826
563
562
266
1382
558
566
817
826
563
825
266
614
558
563
817
826
565
316
870
558
566
817
826
566
575
1382
558
563
817
826
567
322
916
566
817
826
569
562
266
1482
817
58
560
53
266
871
302
563
817
58
561
567
266
1127
814
569
817
58
562
579
1383
558
566
817
58
564
572
615
814
568
817
58
565
319
1127
558
563
817
58
566
568
266
1383
302
562
817
58
568
305
266
1429
569
817
58
569
564
266
616
46
564
817
314
560
566
266
872
558
567
817
314
561
322
1128
46
569
817
314
563
570
1384
814
560
817
314
564
51
266
616
862
817
314
565
53
266
1128
46
569
817
314
566
320
1384
558
568
817
314
567
824
266
662
565
817
314
569
48
266
1430
562
49
58
560
50
266
612
814
568
49
58
561
819
266
868
868
49
58
562
52
266
1124
814
569
49
58
563
816
266
612
814
566
49
58
564
825
266
868
302
568
49
58
566
561
266
1124
608
49
58
567
819
266
1380
814
562
49
58
567
313
266
1170
566
49
58
569
48
266
1732
49
314
560
565
266
869
558
560
49
314
561
312
266
1125
302
560
49
314
563
817
266
1381
610
49
314
564
53
266
869
302
568
49
314
565
56
266
1125
302
563
49
314
567
562
266
1381
615
49
314
568
821
266
1427
562
49
314
569
825
266
614
46
562
49
570
561
572
870
868
49
570
562
566
266
1382
814
560
49
570
563
569
266
614
558
564
49
570
565
572
1126
46
560
49
570
566
822
266
1382
814
565
49
570
568
48
266
1428
563
49
570
569
308
266
615
302
568
49
826
560
57
266
871
558
562
49
826
562
307
266
1383
46
568
49
826
563
568
266
615
302
564
49
826
565
562
266
871
870
49
826
566
55
266
1383
46
562
49
826
568
817
266
1225
49
826
569
53
266
616
558
564
49
58
560
313
266
872
558
565
49
58
562
819
266
1384
46
569
49
58
563
56
266
616
302
562
49
58
565
818
266
872
865
49
58
566
822
266
1384
814
562
49
58
568
560
266
1430
560
49
58
569
573
617
46
568
49
314
560
823
266
873
46
565
49
314
562
49
266
1129
608
49
314
563
53
266
617
302
568
49
314
564
56
266
873
302
560
49
314
566
561
266
1129
608
49
314
567
820
266
919
562
49
314
568
567
266
919
560
305
58
560
816
266
613
558
567
305
58
561
51
266
869
864
305
58
562
821
266
1381
302
562
305
58
563
568
266
613
46
564
305
58
565
816
266
869
558
569
305
58
566
563
266
1125
866
305
58
567
565
266
915
568
305
58
568
56
266
915
561
305
314
560
816
266
614
558
564
305
314
561
562
266
870
613
305
314
562
318
1382
46
569
305
314
563
567
266
614
814
566
305
314
565
48
266
870
558
563
305
314
566
562
266
1126
615
305
314
567
565
266
916
564
305
314
568
310
266
1684
568
305
570
560
48
266
615
558
561
305
570
561
562
266
871
608
305
570
562
564
266
1383
46
561
305
570
563
54
266
615
46
568
305
570
564
321
871
814
568
305
570
565
323
1127
302
569
305
570
567
306
266
1383
610
305
570
568
318
1173
564
305
570
569
312
266
616
46
568
305
826
561
817
266
872
614
305
826
562
575
1384
814
560
305
826
564
560
266
616
814
564
305
826
565
820
266
1128
558
560
305
826
566
313
266
1384
558
567
305
826
568
564
266
1174
567
305
826
569
569
266
617
558
567
305
58
561
820
266
1129
46
567
305
58
562
313
266
1385
814
560
305
58
564
308
266
873
558
561
305
58
565
825
266
1129
814
562
305
58
567
318
1175
564
305
58
569
304
266
1687
567
305
314
560
821
266
874
558
568
305
314
562
816
266
1130
814
567
305
314
563
53
266
618
558
564
305
314
564
825
266
874
814
560
305
314
566
564
266
1386
302
564
305
314
567
568
266
920
568
305
314
569
307
266
614
46
563
561
58
560
311
266
870
46
566
561
58
562
561
266
1126
611
561
58
563
53
266
614
558
563
561
58
564
313
266
870
558
560
561
58
566
818
266
1126
866
561
58
567
310
266
1172
568
561
58
568
825
266
1172
568
561
314
560
50
266
615
614
561
314
561
53
266
1127
302
564
561
314
562
566
266
1383
46
561
561
314
564
816
266
615
558
566
561
314
565
316
871
862
561
314
566
309
266
1383
302
563
561
314
567
55
266
1429
564
561
314
568
57
266
1173
564
561
570
560
817
266
616
814
563
561
570
561
563
266
872
862
561
570
562
574
1384
46
567
561
570
563
54
266
616
558
561
561
570
564
823
266
872
814
564
561
570
565
312
266
1128
870
561
570
567
319
1174
560
561
826
560
317
617
868
561
826
561
565
266
1129
302
562
561
826
562
311
266
1385
814
561
561
826
563
313
266
617
302
563
561
826
564
825
266
873
302
567
561
826
565
55
266
1129
46
563
561
826
567
560
266
1385
814
560
561
826
568
572
1175
568
561
826
569
48
266
1431
565
561
58
560
307
266
618
870
561
58
561
54
266
1130
814
560
561
58
562
313
266
1386
558
560
561
58
564
562
266
618
862
561
58
565
565
266
1130
302
564
561
58
566
576
1386
46
563
561
58
568
560
266
920
569
561
58
569
306
266
1740
561
314
560
319
875
558
562
561
314
561
56
266
1131
46
568
561
314
563
305
266
1387
558
564
561
314
564
308
266
875
46
565
561
314
565
567
266
1131
814
566
561
314
567
48
266
1387
558
567
561
314
568
50
266
1487
561
314
569
822
266
615
558
569
817
58
560
57
266
871
558
561
817
58
562
316
1127
868
817
58
563
310
266
615
814
562
817
58
564
57
266
871
558
562
817
58
566
562
266
1127
871
817
58
567
54
266
1429
560
817
58
568
57
266
1173
569
817
314
560
562
266
616
612
817
314
561
53
266
1128
302
562
817
314
562
311
266
1384
814
568
817
314
564
560
266
616
558
566
817
314
565
563
266
872
869
817
314
566
566
266
1384
302
568
817
314
567
313
266
1174
560
817
314
569
49
266
1487
817
570
560
565
266
873
302
566
817
570
561
321
1129
46
560
817
570
563
560
266
1385
558
563
817
570
564
306
266
617
612
817
570
565
820
266
1129
46
568
817
570
566
320
1385
558
569
817
570
567
57
266
919
561
817
570
569
817
266
1687
565
817
826
560
563
266
874
46
560
817
826
561
822
266
1130
302
566
817
826
562
313
266
1386
302
564
817
826
564
817
266
618
814
569
817
826
565
308
266
1130
46
562
817
826
566
54
266
1386
558
564
817
826
567
568
266
664
567
817
826
569
314
1432
569
817
58
560
51
266
619
865
817
58
561
53
266
1131
302
566
817
58
562
567
266
1387
814
567
817
58
563
323
619
302
568
817
58
565
315
875
606
817
58
566
308
266
1387
46
562
817
58
567
822
266
1177
564
817
58
568
56
266
921
565
817
314
560
304
266
620
558
560
817
314
561
562
266
876
608
817
314
562
564
266
1388
46
560
817
314
563
575
1388
870
817
314
564
55
266
876
814
562
817
314
565
322
1132
46
566
817
314
567
816
266
1388
558
561
817
314
568
50
266
1228
817
314
569
52
266
616
46
568
107
560
55
266
872
814
568
107
562
560
266
1128
814
566
107
563
318
616
558
560
107
564
824
266
872
302
569
107
566
306
266
1384
46
568
107
567
56
266
918
564
107
569
818
266
1743
363
560
55
266
873
814
567
363
562
304
266
1129
814
562
363
563
573
617
46
568
363
564
823
266
873
46
565
363
566
817
266
1129
814
569
363
567
308
266
919
560
363
568
55
266
1431
566
363
569
56
266
618
302
563
619
561
818
266
874
863
619
562
53
266
1386
46
569
619
563
56
266
618
46
569
619
565
49
266
874
814
569
619
566
51
266
1386
302
560
619
567
566
266
664
560
619
569
560
266
1688
562
875
560
52
266
875
46
568
875
561
311
266
1131
46
563
875
563
305
266
1387
814
564
875
564
820
266
875
46
569
875
565
311
266
1131
46
560
875
567
560
266
1387
46
565
875
567
567
266
1177
568
875
569
560
266
1433
568
107
560
564
266
876
46
569
107
561
55
266
1132
46
563
107
563
49
266
1388
814
567
107
564
52
266
876
302
560
107
565
567
266
1132
46
562
107
567
314
1388
558
562
107
568
52
266
922
566
107
569
310
266
621
814
568
363
561
560
266
877
558
568
363
562
51
266
1133
869
363
563
566
266
621
558
568
363
564
825
266
877
302
569
363
566
50
266
1133
614
363
567
821
266
923
568
363
568
568
266
923
566
363
560
49
266
617
814
564
363
561
818
266
1129
46
564
363
562
320
1385
814
564
363
563
579
617
558
564
363
565
572
873
866
363
566
575
1385
558
564
363
567
322
919
562
363
569
561
266
1687
569
619
560
564
266
874
46
564
619
561
566
266
1130
558
568
619
562
57
266
1386
302
560
619
564
49
266
618
814
561
619
565
51
266
874
615
619
566
318
1386
46
567
619
567
566
266
1176
566
619
568
56
266
920
564
875
560
48
266
619
558
564
875
561
50
266
875
610
875
562
52
266
1387
46
563
875
563
822
266
619
558
563
875
564
568
266
875
46
561
875
566
48
266
1131
302
569
875
567
315
1387
814
566
875
568
51
266
1483
875
569
53
266
620
46
566
1131
560
54
266
876
558
560
1131
561
567
266
1132
814
562
1131
562
322
1388
46
563
1131
563
323
620
302
564
1131
565
314
876
558
563
1131
566
817
266
1132
814
562
1131
567
562
266
1388
558
569
1131
568
572
1434
568
1131
569
820
266
621
46
560
363
560
319
877
302
567
363
561
577
1133
46
562
363
563
560
266
1389
814
562
363
564
306
266
621
865
363
565
823
266
1133
814
560
363
567
816
266
1389
814
566
363
568
52
266
1179
562
363
569
577
622
46
566
619
561
49
266
878
607
619
562
574
1390
302
567
619
563
312
266
622
302
563
619
565
50
266
878
612
619
566
317
1390
302
566
619
567
56
266
924
562
619
569
315
1489
50
58
560
821
522
864
302
567
50
58
561
568
522
1120
46
566
50
58
563
49
522
1376
814
564
50
58
564
819
522
864
46
560
50
58
565
822
522
1120
558
567
50
58
566
834
1376
302
562
50
58
568
305
522
1166
569
50
58
569
308
522
609
302
560
50
314
560
823
522
865
814
566
50
314
562
48
522
1121
302
562
50
314
563
306
522
1377
864
50
314
564
562
522
609
302
568
50
314
565
560
522
865
863
50
314
566
53
522
1377
558
560
50
314
567
568
522
911
564
50
314
569
562
522
1730
50
570
560
566
522
866
814
562
50
570
562
816
522
1122
814
563
50
570
563
564
522
610
302
560
50
570
564
577
866
46
567
50
570
566
305
522
1122
609
50
570
567
309
522
912
569
50
570
568
568
522
1168
563
50
826
560
50
522
611
612
50
826
561
565
522
1123
302
566
50
826
562
833
1379
46
562
50
826
563
822
522
611
558
568
50
826
565
819
522
867
869
50
826
566
566
522
1379
814
565
50
826
568
48
522
1425
564
50
826
569
564
522
612
302
568
50
58
560
825
522
868
558
567
50
58
562
52
522
1380
558
560
50
58
563
569
522
612
814
563
50
58
565
574
1124
558
564
50
58
566
835
1380
814
566
50
58
568
309
522
1426
564
50
58
569
825
522
613
558
569
50
314
561
829
869
870
50
314
562
576
1381
46
569
50
314
564
571
613
612
50
314
565
309
522
1125
558
565
50
314
566
57
522
1381
558
562
50
314
568
307
522
1481
50
314
569
54
522
609
814
562
306
58
560
313
522
865
558
563
306
58
562
572
1121
864
306
58
563
575
609
558
563
306
58
564
834
865
302
566
306
58
566
562
522
1121
614
306
58
567
309
522
1167
562
306
58
568
834
1167
565
306
314
560
562
522
610
614
306
314
561
309
522
1122
558
562
306
314
562
57
522
1378
302
566
306
314
564
818
522
610
863
306
314
565
831
1122
302
566
306
314
566
57
522
1378
558
560
306
314
568
818
522
1477
306
314
569
566
522
611
558
569
306
570
560
313
522
867
558
561
306
570
562
572
1123
865
306
570
563
831
611
558
564
306
570
564
834
867
302
564
306
570
566
571
1123
609
306
570
567
820
522
913
561
306
570
568
567
522
1681
569
306
826
560
816
522
612
558
566
306
826
561
572
868
863
306
826
562
821
522
1380
302
566
306
826
563
577
612
46
560
306
826
564
57
522
868
558
562
306
826
566
818
522
1124
610
306
826
567
308
522
658
566
306
826
568
566
522
1426
567
306
826
569
568
522
613
46
566
306
58
561
304
522
869
558
564
306
58
562
818
522
1125
608
306
58
563
52
522
1381
871
306
58
564
821
522
869
46
564
306
58
565
567
522
1125
558
569
306
58
566
568
522
1381
46
564
306
58
568
560
522
1171
560
306
58
569
48
522
1683
566
306
314
560
51
522
614
864
306
314
561
562
522
1126
558
569
306
314
563
572
1382
614
306
314
564
574
870
302
562
306
314
565
567
522
1126
46
561
306
314
567
570
1382
814
565
306
314
568
564
522
916
568
306
314
569
311
522
610
46
561
562
58
561
560
522
866
814
561
562
58
562
307
522
1122
868
562
58
563
54
522
610
558
562
562
58
564
568
522
866
46
562
562
58
566
560
522
1122
558
561
562
58
567
50
522
1378
814
568
562
58
568
563
522
1475
562
58
569
53
522
611
46
567
562
314
560
54
522
867
558
562
562
314
561
577
1123
814
566
562
314
562
57
522
1379
302
562
562
314
564
305
522
611
814
560
562
314
565
51
522
867
862
562
314
566
829
1379
302
560
562
314
567
832
1169
568
562
314
568
824
522
913
564
562
570
560
816
522
612
558
560
562
570
561
817
522
868
814
564
562
570
562
563
522
1124
614
562
570
563
308
522
612
46
562
562
570
564
575
868
302
563
562
570
565
822
522
1124
558
564
562
570
566
56
522
1380
814
565
562
570
567
313
522
658
566
562
570
569
560
522
1426
560
562
826
560
817
522
613
814
566
562
826
561
307
522
869
865
562
826
562
821
522
1381
302
562
562
826
563
567
522
613
814
560
562
826
564
313
522
869
302
561
562
826
566
305
522
1125
302
569
562
826
567
828
1381
614
562
826
568
574
915
566
562
826
569
310
522
614
558
563
562
58
560
56
522
870
814
568
562
58
561
579
1126
302
566
562
58
563
561
522
1382
558
566
562
58
564
50
522
614
814
569
562
58
565
307
522
870
863
562
58
566
820
522
1382
46
567
562
58
567
565
522
1172
566
562
58
568
568
522
916
568
562
314
560
305
522
615
814
565
562
314
561
52
522
1127
46
566
562
314
562
567
522
1383
46
560
562
314
564
560
522
615
814
562
562
314
565
563
522
1127
46
562
562
314
566
576
1383
814
563
562
314
567
579
1173
564
562
314
569
572
1736
818
58
560
831
867
558
564
818
58
561
578
1123
302
563
818
58
563
817
522
1379
607
818
58
564
308
522
867
46
568
818
58
565
311
522
1123
814
565
818
58
566
579
1379
558
560
818
58
568
50
522
1225
818
58
569
565
522
612
302
566
818
314
560
568
522
868
46
567
818
314
562
561
522
1124
814
566
818
314
563
564
522
612
46
567
818
314
564
567
522
868
814
566
818
314
566
304
522
1124
558
566
818
314
567
307
522
1380
868
818
314
568
310
522
1426
566
818
314
569
569
522
613
302
566
818
570
561
562
522
869
613
818
570
562
821
522
1381
302
568
818
570
563
824
522
613
46
568
818
570
565
49
522
869
814
568
818
570
566
52
522
1381
46
569
818
570
567
311
522
659
560
818
570
569
560
522
1683
560
818
826
560
50
522
614
870
818
826
561
54
522
1126
558
563
818
826
562
56
522
1382
46
565
818
826
563
313
522
614
558
565
818
826
565
306
522
870
610
818
826
566
820
522
1382
46
561
818
826
567
831
916
567
818
826
568
55
522
1684
560
818
826
569
578
615
46
564
818
58
561
304
522
871
302
568
818
58
562
305
522
1127
814
562
818
58
563
51
522
1383
614
818
58
564
564
522
871
46
564
818
58
565
566
522
1127
558
561
818
58
566
312
522
1383
46
562
818
58
567
569
522
1173
566
818
58
569
828
1486
818
314
560
53
522
872
558
560
818
314
561
312
522
1128
302
560
818
314
563
49
522
1384
607
818
314
564
820
522
872
302
563
818
314
565
833
1128
46
564
818
314
567
49
522
1384
814
565
818
314
568
52
522
918
563
818
314
569
576
612
814
561
50
58
560
57
522
868
302
566
50
58
562
561
522
1124
814
568
50
58
563
819
522
1380
868
50
58
564
309
522
868
302
564
50
58
565
311
522
1124
558
568
50
58
566
568
522
1380
46
563
50
58
567
835
914
566
50
58
569
817
522
1682
560
50
314
560
818
522
613
610
50
314
561
307
522
869
870
50
314
562
565
522
1381
302
564
50
314
563
310
522
613
558
569
50
314
564
567
522
869
46
560
50
314
565
569
522
1125
302
564
50
314
567
570
1381
558
564
50
314
568
571
1171
567
50
314
569
817
522
1476
50
570
560
51
522
614
614
50
570
561
308
522
870
868
50
570
562
53
522
1382
46
563
50
570
563
575
614
302
562
50
570
564
54
522
870
558
560
50
570
565
55
522
1126
558
569
50
570
566
56
522
1382
814
568
50
570
567
825
522
916
560
50
570
569
48
522
1172
560
50
826
560
305
522
615
814
562
50
826
561
562
522
871
608
50
826
562
573
1127
865
50
826
563
564
522
1383
864
50
826
564
575
871
302
561
50
826
565
566
522
1127
558
562
50
826
566
823
522
1383
814
560
50
826
567
823
522
661
560
50
826
568
57
522
917
568
50
58
560
560
522
616
302
566
50
58
561
49
522
872
558
565
50
58
562
306
522
1128
814
568
50
58
563
819
522
1384
868
50
58
564
821
522
872
302
569
50
58
565
568
522
1128
46
566
50
58
567
570
1384
814
565
50
58
568
563
522
1484
50
58
569
822
522
617
814
560
50
314
561
48
522
873
814
562
50
314
562
52
522
1385
302
569
50
314
563
57
522
617
558
566
50
314
565
563
522
1129
46
562
50
314
566
55
522
1385
814
568
50
314
568
816
522
1431
566
50
314
569
564
522
613
302
566
306
58
560
312
522
869
302
565
306
58
562
306
522
1125
868
306
58
563
566
522
613
814
566
306
58
565
48
522
869
814
564
306
58
566
579
1381
302
569
306
58
568
830
1171
568
306
58
569
578
614
46
567
306
314
561
50
522
870
863
306
314
562
54
522
1382
814
560
306
314
564
304
522
614
814
562
306
314
565
820
522
1126
302
561
306
314
566
824
522
1382
302
564
306
314
568
562
522
1484
306
314
569
55
522
615
46
562
306
570
561
49
522
871
611
306
570
562
565
522
1383
558
566
306
570
563
569
522
615
558
566
306
570
565
819
522
1127
46
561
306
570
566
832
1383
814
562
306
570
568
560
522
1429
561
306
570
569
573
1741
306
826
560
55
522
872
814
560
306
826
562
49
522
1128
606
306
826
563
53
522
616
558
564
306
826
564
825
522
872
814
560
306
826
566
308
522
1384
302
568
306
826
567
569
522
1174
566
306
826
569
829
617
302
561
306
58
560
824
522
873
302
566
306
58
562
828
1385
46
562
306
58
563
55
522
617
46
566
306
58
565
561
522
873
613
306
58
566
821
522
1385
558
566
306
58
567
57
522
1175
562
306
58
569
571
1741
306
314
560
822
522
874
814
560
306
314
561
569
522
1130
558
562
306
314
563
561
522
1386
865
306
314
564
54
522
874
558
566
306
314
565
313
522
1130
302
567
306
314
567
306
522
1386
612
306
314
568
830
1176
563
306
314
569
567
522
614
46
560
562
58
561
48
522
870
558
568
562
58
562
563
522
1126
611
562
58
563
831
614
558
563
562
58
564
568
522
870
302
560
562
58
566
817
522
1126
814
565
562
58
567
819
522
1382
870
562
58
568
831
1172
560
562
58
569
568
522
615
46
563
562
314
561
48
522
871
558
564
562
314
562
306
522
1127
814
565
562
314
563
564
522
615
46
566
562
314
564
566
522
871
558
566
562
314
565
568
522
1127
46
566
562
314
567
48
522
1383
558
564
562
314
568
50
522
1226
562
314
569
561
522
616
46
568
562
570
562
57
522
616
814
568
562
570
564
577
1128
46
561
562
570
566
819
522
1384
46
567
562
570
567
311
522
1384
867
818
570
566
826
1129
814
566
818
570
567
564
522
663
569
818
570
568
823
522
919
564
818
826
560
560
522
618
609
818
826
561
52
522
1130
558
563
818
826
562
313
522
1386
558
567
818
826
564
52
522
1130
46
562
818
58
560
579
875
814
564
818
58
564
564
522
1131
558
564
108
565
575
1384
558
562
620
560
574
874
46
567
620
561
562
522
618
558
562
620
565
304
522
874
302
566
620
569
822
522
619
46
562
876
560
573
619
610
876
563
53
522
1387
814
562
876
564
49
522
619
558
562
876
565
560
522
875
46
565
876
569
562
522
1433
562
108
560
48
522
620
302
564
108
561
562
522
876
862
108
562
822
522
1388
558
562
108
563
834
1491
364
560
573
873
46
564
364
561
566
522
1129
612
364
564
560
522
873
46
568
364
565
52
522
873
558
564
364
565
569
522
1385
302
562
364
567
567
522
1229
364
569
565
522
618
558
568
620
561
572
874
814
564
620
562
561
522
1130
46
561
620
562
568
522
1386
302
563
620
563
579
618
302
564
620
565
49
522
874
814
566
620
566
306
522
1130
814
564
620
567
564
522
1386
558
566
620
568
51
522
920
567
620
569
561
522
1688
567
876
560
562
522
619
871
876
561
831
1131
558
562
876
562
55
522
1387
46
568
876
564
561
522
619
814
565
876
565
573
875
615
876
566
821
522
1387
558
567
876
567
56
522
921
564
876
569
570
1481
1132
560
820
522
876
46
565
1132
561
822
522
1132
558
569
1132
562
57
522
1388
558
562
1132
564
819
522
876
46
565
1132
565
833
1132
558
565
1132
567
577
621
814
564
364
564
824
522
1389
46
567
364
567
819
522
1389
814
561
364
568
561
522
667
560
364
569
560
522
923
567
364
569
579
878
814
566
620
563
568
522
622
302
562
620
565
57
522
1134
558
567
620
567
52
522
924
563
620
568
824
522
1692
560
51
58
560
818
778
864
558
566
51
58
563
304
778
608
302
562
51
58
566
50
778
1120
607
51
58
567
1089
1727
51
314
561
50
778
865
862
51
314
562
1087
1377
558
568
51
314
563
1090
609
302
560
51
314
565
52
778
865
814
567
51
314
566
817
778
1121
614
51
314
567
566
778
1423
566
51
314
569
1082
1679
564
51
570
560
821
778
866
558
569
51
570
561
835
1122
558
569
51
570
563
52
778
610
302
562
51
570
564
312
778
866
302
566
51
570
566
818
778
1122
868
51
570
567
566
778
1168
562
51
570
569
304
778
1680
564
51
826
560
308
778
867
302
564
51
826
561
56
778
1123
302
563
51
826
563
562
778
1379
862
51
826
564
831
867
558
564
51
826
565
313
778
1123
302
568
51
826
567
306
778
1379
863
51
826
568
564
778
1425
564
51
826
569
313
778
612
302
567
51
58
561
562
778
868
613
51
58
562
308
778
1380
302
566
51
58
563
568
778
612
46
568
51
58
565
561
778
868
814
567
51
58
566
308
778
1380
46
566
51
58
567
567
778
1426
567
51
58
569
816
778
1426
567
51
314
560
563
778
613
613
51
314
561
822
778
1125
558
566
51
314
562
55
778
1381
302
568
51
314
564
306
778
613
611
51
314
565
819
778
1125
302
562
51
314
566
823
778
1381
46
562
51
314
568
304
778
1171
569
51
314
569
819
778
1739
307
58
560
566
778
865
558
565
307
58
561
1090
1121
302
562
307
58
563
49
778
1377
814
567
307
58
564
1085
865
46
560
307
58
565
566
778
1121
558
563
307
58
566
56
778
1377
46
563
307
58
568
816
778
1167
562
307
58
569
50
778
1679
568
307
314
560
563
778
610
864
307
314
561
830
1122
46
563
307
314
562
831
1378
302
561
307
314
563
309
778
1378
615
307
314
564
818
778
610
814
568
307
314
565
51
778
866
863
307
314
566
1086
1122
863
307
314
567
822
778
1168
567
307
314
568
568
778
912
568
307
314
569
307
778
611
46
569
307
570
560
311
778
867
558
564
307
570
561
53
778
867
612
307
570
562
822
778
1379
814
563
307
570
563
569
778
611
558
566
307
570
564
54
778
868
867
307
826
566
306
778
1124
863
307
826
568
51
778
914
560
307
826
569
566
778
613
558
561
307
58
560
313
778
869
558
566
307
58
562
307
778
1125
608
307
58
563
822
778
613
558
565
307
58
564
1090
869
302
564
307
58
566
827
1125
607
307
58
567
52
778
659
566
307
58
568
1088
1683
560
307
58
569
569
778
614
46
561
307
314
561
827
870
607
307
314
562
820
778
1382
46
566
307
314
563
310
778
614
814
561
307
314
564
57
778
870
302
567
307
314
566
50
778
1126
607
307
314
567
564
778
916
561
307
314
568
311
778
1684
568
563
58
560
832
866
814
562
563
58
561
313
778
1122
302
569
563
58
563
50
778
1378
613
563
58
564
53
778
610
613
563
58
565
817
778
866
814
562
563
58
566
829
1378
46
562
563
58
567
54
778
1168
567
563
58
568
57
778
1168
563
563
314
560
49
778
611
606
563
314
561
52
778
1123
46
566
563
314
562
55
778
1379
814
565
563
314
563
835
611
558
562
563
314
565
562
778
867
814
568
563
314
566
565
778
1379
302
563
563
314
567
567
778
1169
568
563
314
568
313
778
1169
563
563
570
560
307
778
612
558
566
563
570
560
57
778
868
302
565
563
570
562
561
778
1124
814
567
563
570
563
829
1380
869
563
570
564
309
778
868
302
565
563
570
565
823
778
1124
814
564
563
570
566
833
1380
46
567
563
570
568
560
778
914
562
563
570
569
49
778
1426
569
563
826
560
50
778
613
814
568
563
826
561
819
778
869
613
563
826
562
564
778
1125
867
563
826
563
819
778
613
46
563
563
826
564
565
778
869
46
560
563
826
565
822
778
1125
302
567
563
826
566
567
778
1381
558
567
563
826
567
568
778
1427
568
563
826
568
313
778
1171
562
563
58
560
1082
614
558
568
563
58
561
562
778
870
608
563
58
562
563
778
1382
46
562
563
58
563
54
778
614
558
560
563
58
564
56
778
870
814
569
563
58
566
48
778
1126
558
560
563
58
566
56
778
1382
609
563
58
568
564
778
916
569
563
58
569
567
778
615
814
565
563
314
560
825
778
871
558
562
563
314
562
562
778
1127
612
563
314
563
1086
615
302
561
563
314
564
311
778
871
814
565
563
314
565
313
778
1127
302
562
563
314
567
561
778
1383
814
564
563
314
568
563
778
1486
563
314
569
310
778
611
558
562
819
58
560
313
778
867
302
560
819
58
562
304
778
1123
558
566
819
58
563
826
1379
46
564
819
58
563
54
778
611
814
564
819
58
565
564
778
1123
46
569
819
58
566
311
778
1379
814
566
819
58
568
560
778
657
564
819
58
568
825
778
1425
568
819
58
569
57
778
612
558
562
819
314
561
307
778
1124
46
566
819
314
562
832
1380
814
565
819
314
564
560
778
612
558
566
819
314
565
563
778
868
869
819
314
566
1086
1380
558
569
819
314
567
313
778
1426
562
819
314
568
566
778
1426
565
819
314
569
568
778
613
302
566
819
570
561
50
778
869
814
566
819
570
562
829
1125
864
819
570
563
568
778
613
46
569
819
570
564
1090
869
302
567
819
570
565
312
778
1125
302
564
819
570
567
562
778
1381
611
819
570
568
309
778
1171
566
819
570
569
312
778
614
46
566
819
826
561
561
778
870
558
566
819
826
562
830
1382
302
569
819
826
563
313
778
614
302
563
819
826
565
563
778
1126
46
565
819
826
566
312
778
1382
302
561
819
826
568
827
1225
819
826
569
1086
615
302
562
819
58
560
567
778
871
814
562
819
58
561
1089
1127
814
568
819
58
563
560
778
1383
302
569
819
58
564
49
778
615
558
569
819
58
565
818
778
871
814
567
819
58
566
307
778
1127
610
819
58
567
829
1383
863
819
58
568
52
778
1485
819
58
569
306
778
616
46
566
819
314
560
563
778
872
302
566
819
314
561
54
778
872
870
819
314
562
50
778
616
302
563
819
314
565
560
778
872
814
562
819
314
566
1083
1128
558
568
819
314
567
1083
1384
302
568
819
314
568
563
778
1430
566
51
58
560
560
778
612
814
566
51
58
561
49
778
868
814
565
51
58
562
308
778
1380
46
564
51
58
563
822
778
1380
613
51
58
564
562
778
612
865
51
58
565
564
778
1124
558
561
51
58
566
568
778
1380
302
560
51
58
568
561
778
1426
566
51
58
569
829
613
46
561
51
314
560
306
778
613
862
51
314
561
50
778
869
814
564
51
314
562
53
778
1125
871
51
314
563
55
778
613
814
568
51
314
565
304
778
869
558
566
51
314
566
51
778
1125
558
563
51
314
567
822
778
1427
560
51
314
568
825
778
1427
564
51
314
569
835
1126
814
567
51
570
563
819
778
614
814
568
51
570
564
569
778
870
302
567
51
570
566
309
778
1382
46
568
51
570
568
50
778
916
568
51
570
568
57
778
1172
566
51
826
560
562
778
615
862
51
826
561
1087
1127
558
569
51
826
563
48
778
1383
814
560
51
826
564
304
778
615
814
568
51
826
567
818
778
1383
866
51
826
568
822
778
1685
560
51
826
569
1091
616
558
566
51
58
561
563
778
872
868
51
58
562
1087
1384
558
562
51
58
564
52
778
616
814
564
51
58
565
822
778
1128
558
568
51
58
566
834
1384
46
568
51
58
568
826
1174
568
51
58
569
828
1430
560
51
314
560
53
778
873
302
562
51
314
561
55
778
1129
814
564
51
314
562
56
778
1385
302
565
51
314
564
49
778
617
814
562
51
314
565
51
778
873
613
51
314
566
52
778
1129
867
51
314
567
50
778
919
564
51
314
568
55
778
1431
568
51
314
569
56
778
613
46
565
307
58
561
304
778
869
558
564
307
58
562
306
778
1125
611
307
58
563
564
778
613
46
566
307
58
564
566
778
869
558
567
307
58
565
834
1125
46
568
307
58
567
1082
1381
814
561
307
58
568
307
778
1477
307
58
569
53
778
614
302
566
307
314
560
1089
870
46
564
307
314
562
49
778
1126
814
567
307
314
563
308
778
614
302
561
307
314
564
823
778
870
46
563
307
314
566
49
778
1126
814
566
307
314
567
564
778
1382
869
307
314
568
823
778
1684
565
307
314
569
835
615
558
562
307
570
561
562
778
871
862
307
570
562
309
778
1383
558
563
307
570
563
313
778
615
814
560
307
570
565
820
778
1127
814
561
307
570
567
305
778
661
560
307
570
568
824
778
1685
563
307
826
560
831
872
46
564
307
826
562
828
1384
302
561
307
826
563
569
778
616
814
563
307
826
565
53
778
1128
558
566
307
826
566
835
1384
558
568
307
826
568
1085
918
569
307
826
569
56
778
617
814
563
307
58
561
562
778
873
864
307
58
562
310
778
1385
814
560
307
58
563
1091
617
814
560
307
58
565
829
1129
46
568
307
58
566
833
1385
46
568
307
58
568
827
1231
307
58
569
830
618
302
564
307
314
560
1091
874
814
560
307
314
562
52
778
1386
46
560
307
314
563
56
778
618
814
564
307
314
565
560
778
874
611
307
314
566
565
778
1386
302
569
307
314
567
824
778
920
564
307
314
569
562
778
1488
563
58
560
821
778
870
558
566
563
58
562
48
778
1126
814
565
563
58
563
53
778
614
302
566
563
58
565
560
778
870
606
563
58
566
831
1382
814
568
563
58
568
827
1484
563
58
569
567
778
615
302
567
563
314
561
819
778
1127
302
565
563
314
562
569
778
1383
558
569
563
314
564
52
778
871
302
564
563
314
565
57
778
1127
558
561
563
314
567
819
778
661
564
563
314
568
566
778
1173
561
563
570
560
562
778
872
46
560
563
570
561
567
778
1128
302
562
563
570
563
48
778
1384
814
562
563
570
564
567
778
1128
46
565
563
570
568
49
778
1736
563
826
560
1084
617
609
563
826
565
825
778
1129
558
567
563
826
566
54
778
919
566
563
826
568
566
778
618
814
566
563
58
560
822
778
1130
814
560
563
58
565
824
778
1130
814
567
563
314
560
