48
58
560
54
10
864
302
561
48
58
561
825
10
1120
302
561
48
58
562
569
10
1376
558
565
48
58
564
563
10
608
558
562
48
58
564
56
10
864
302
564
48
58
566
48
10
1120
302
560
48
58
566
823
10
1376
46
567
48
58
567
567
10
654
568
48
58
569
49
10
1678
566
48
314
561
314
865
302
560
48
314
563
52
10
609
46
569
48
314
564
63
609
612
48
314
567
562
10
1377
615
48
314
568
564
10
1423
562
48
570
560
561
10
610
558
561
48
570
561
51
10
866
814
567
48
570
562
63
1378
46
566
48
570
563
51
10
610
814
562
48
570
564
65
866
302
560
48
570
565
567
10
1122
558
560
48
570
566
312
10
1378
46
569
48
570
568
816
10
1168
564
48
570
569
306
10
1680
568
48
826
560
307
10
867
46
568
48
826
561
53
10
1123
302
560
48
826
562
566
10
1379
558
563
48
826
563
312
10
611
302
562
48
826
564
565
10
867
558
565
48
826
565
825
10
1123
558
560
48
826
567
562
10
1379
607
48
826
568
52
10
1481
48
826
569
567
10
612
302
568
48
58
560
825
10
868
558
564
48
58
562
563
10
1380
46
560
48
58
563
821
10
612
302
565
48
58
564
567
10
868
46
568
48
58
566
59
1124
612
48
58
567
565
10
914
568
48
58
568
567
10
1682
564
48
314
560
58
613
814
567
48
314
561
52
10
1125
46
569
48
314
562
823
10
1381
814
562
48
314
564
48
10
613
302
564
48
314
565
60
869
868
48
314
566
566
10
1381
558
568
48
314
567
313
10
915
560
48
314
569
818
10
1683
560
304
58
560
52
10
865
302
565
304
58
561
568
10
1121
46
568
304
58
563
58
1377
558
566
304
58
564
52
10
609
613
304
58
565
54
10
1121
814
561
304
58
567
48
10
1377
558
567
304
58
568
818
10
1221
304
58
569
319
610
46
567
304
314
560
56
10
866
302
562
304
314
562
306
10
1122
862
304
314
563
62
610
46
566
304
314
564
54
10
866
814
568
304
314
565
312
10
1122
302
568
304
314
567
60
1378
870
304
314
568
822
10
1424
563
304
314
569
56
10
611
302
564
304
570
561
304
10
867
302
566
304
570
562
561
10
1123
558
569
304
570
563
52
10
611
302
565
304
570
564
56
10
867
46
564
304
570
566
59
1123
558
567
304
570
567
308
10
913
562
304
570
568
568
10
1169
562
304
826
560
49
10
612
612
304
826
561
51
10
1124
302
561
304
826
562
56
10
1380
302
565
304
826
564
50
10
612
609
304
826
565
820
10
1124
46
562
304
826
566
56
10
1380
558
567
304
826
568
816
10
914
566
304
826
569
50
10
869
558
566
304
58
566
307
10
1125
613
304
58
567
305
10
1381
46
563
304
58
567
568
10
1427
569
304
314
562
564
10
1382
814
561
304
314
566
52
10
1378
814
560
560
58
568
54
10
1476
560
314
560
49
10
867
302
564
560
314
562
305
10
1123
558
568
560
314
563
306
10
1379
608
560
314
564
317
611
868
560
314
565
821
10
1123
302
560
560
314
566
64
1379
558
565
560
314
567
825
10
657
566
560
314
569
817
10
1480
560
570
560
53
10
868
558
561
560
570
561
321
1124
814
566
560
570
562
569
10
1380
46
568
560
570
564
48
10
612
814
565
560
570
565
818
10
868
867
560
570
566
52
10
1380
302
566
560
570
567
310
10
1426
564
560
570
569
48
10
1682
563
560
826
560
308
10
613
871
560
826
561
567
10
1125
558
562
560
826
562
57
10
1381
302
569
560
826
564
306
10
613
613
560
826
565
54
10
1125
302
563
560
826
566
568
10
1381
814
566
560
826
568
49
10
1221
560
826
569
565
10
614
558
561
560
58
560
823
10
870
302
561
560
58
561
569
10
1126
558
569
560
58
563
52
10
614
302
561
560
58
564
312
10
870
814
569
560
58
566
561
10
1126
558
564
560
58
567
317
916
562
560
58
568
312
10
916
564
560
314
560
48
10
615
814
569
560
314
561
60
1127
46
563
560
314
562
567
10
1383
46
567
560
314
564
305
10
615
609
560
314
565
307
10
1127
302
560
560
314
566
568
10
1383
302
563
560
314
568
50
10
1477
560
314
569
52
10
611
558
560
816
58
560
57
10
867
558
564
816
58
562
563
10
1379
46
561
816
58
563
821
10
611
814
564
816
58
565
816
10
867
814
567
816
58
566
564
10
1379
46
568
816
58
567
64
1169
568
816
58
568
66
1425
566
816
314
560
819
10
868
46
566
816
314
561
823
10
1124
814
563
816
314
562
569
10
1380
302
560
816
314
564
58
612
558
567
816
314
565
305
10
868
610
816
314
566
820
10
1124
611
816
314
567
319
914
568
816
314
568
567
10
1682
563
816
570
560
58
613
814
568
816
570
561
61
1125
302
564
816
570
562
311
10
1381
46
564
816
570
563
313
10
613
558
564
816
570
565
307
10
1125
46
562
816
570
566
822
10
1381
558
564
816
570
567
312
10
915
564
816
570
568
323
1683
560
816
826
560
52
10
870
46
564
816
826
561
821
10
1126
814
562
816
826
562
312
10
1382
302
566
816
826
564
562
10
614
611
816
826
565
307
10
1126
302
561
816
826
566
567
10
1382
558
567
816
826
567
568
10
916
562
816
826
569
817
10
1684
568
816
58
560
819
10
615
867
816
58
561
53
10
1127
46
567
816
58
562
64
1383
558
569
816
58
563
65
615
814
561
816
58
564
56
10
871
302
561
816
58
566
49
10
1127
814
562
816
58
567
316
1383
613
816
58
568
52
10
917
561
816
58
569
63
616
302
565
816
314
560
55
10
872
558
563
816
314
561
823
10
1128
814
561
816
314
562
56
10
1384
814
568
816
314
563
569
10
616
46
566
816
314
564
323
872
302
562
816
314
566
560
10
1128
558
560
816
314
567
817
10
1384
814
566
816
314
568
818
10
1430
565
816
314
569
60
1479
48
58
560
51
10
612
613
48
58
561
52
10
868
866
48
58
562
820
10
1380
46
560
48
58
563
821
10
612
46
566
48
58
564
319
868
46
563
48
58
565
566
10
1124
558
560
48
58
566
54
10
1380
814
560
48
58
567
568
10
658
563
48
58
568
57
10
914
560
48
58
569
65
613
46
566
48
314
561
58
869
558
565
48
314
562
562
10
1125
46
569
48
314
562
65
1381
558
566
48
314
563
322
613
46
565
48
314
565
48
10
869
302
566
48
314
566
561
10
1125
558
569
48
314
566
57
10
1381
558
564
48
314
567
321
1427
564
48
314
568
57
10
915
561
48
314
569
825
10
614
46
566
48
570
560
323
870
302
563
48
570
562
560
10
1126
558
560
48
570
563
305
10
1382
558
569
48
570
564
818
10
614
814
567
48
570
565
307
10
870
611
48
570
566
317
1126
865
48
570
567
820
10
660
561
48
570
568
309
10
1172
560
48
570
569
54
10
615
302
568
48
826
560
567
10
871
558
566
48
826
561
56
10
1127
814
564
48
826
562
66
1383
46
562
48
826
563
569
10
615
814
569
48
826
565
48
10
871
302
568
48
826
566
817
10
1127
302
568
48
826
567
562
10
1383
814
566
48
826
568
307
10
1227
48
826
569
308
10
1738
48
58
560
53
10
872
46
566
48
58
561
54
10
1128
302
565
48
58
562
55
10
1384
558
565
48
58
563
56
10
616
814
565
48
58
564
57
10
872
46
566
48
58
566
304
10
1128
302
566
48
58
567
305
10
1384
558
567
48
58
568
562
10
1430
568
48
58
569
563
10
1485
48
314
560
564
10
617
869
48
314
561
565
10
1129
46
566
48
314
562
310
10
1385
302
566
48
314
563
54
10
617
558
564
48
314
564
312
10
873
814
565
48
314
565
66
1129
46
561
48
314
566
313
10
1385
46
569
48
314
568
816
10
919
567
48
314
569
305
10
1431
565
304
58
560
315
613
814
563
304
58
561
818
10
869
814
566
304
58
562
563
10
1125
615
304
58
563
820
10
1381
869
304
58
564
309
10
869
46
564
304
58
565
63
1125
302
561
304
58
566
54
10
1381
302
567
304
58
567
55
10
1171
563
304
58
568
567
10
1683
560
304
58
569
824
10
614
814
565
304
314
560
311
10
870
46
561
304
314
561
57
10
1126
46
567
304
314
563
48
10
1382
302
562
304
314
564
304
10
614
302
568
304
314
565
305
10
870
558
563
304
314
566
561
10
1126
558
568
304
314
567
561
10
1382
814
563
304
314
568
306
10
1428
567
304
314
569
316
1478
304
570
560
51
10
615
613
304
570
561
317
871
862
304
570
562
564
10
1127
866
304
570
563
61
1383
870
304
570
564
318
871
46
561
304
570
565
563
10
1127
46
564
304
570
566
53
10
1383
46
564
304
570
567
63
661
565
304
570
568
319
1482
304
570
569
566
10
616
302
562
304
826
560
822
10
872
302
564
304
826
561
54
10
1128
302
565
304
826
562
310
10
1384
302
566
304
826
563
566
10
616
302
566
304
826
564
566
10
872
302
567
304
826
565
822
10
1128
302
567
304
826
566
822
10
1384
302
567
304
826
567
62
1384
866
304
826
568
822
10
1230
304
826
569
561
10
1430
567
304
58
560
817
10
617
558
566
304
58
561
561
10
873
558
566
304
58
562
561
10
1129
558
566
304
58
563
305
10
1385
558
564
304
58
564
49
10
617
558
564
304
58
565
817
10
873
558
562
304
58
566
561
10
1129
558
561
304
58
567
305
10
1385
558
560
304
58
568
49
10
919
569
304
58
569
314
1175
568
304
314
560
58
618
302
568
304
314
560
313
10
874
302
566
304
314
562
560
10
1130
302
565
304
314
563
48
10
1386
46
568
304
314
565
53
10
874
610
304
314
566
67
1386
46
560
304
314
567
568
10
920
564
304
314
569
569
10
614
46
562
560
58
560
56
10
870
46
561
560
58
561
66
1126
814
569
560
58
562
568
10
1382
814
567
560
58
563
320
614
814
566
560
58
564
312
10
870
814
564
560
58
565
53
10
870
610
560
58
566
817
10
1126
607
560
58
567
563
10
1382
814
569
560
58
568
60
916
560
560
58
569
304
10
615
302
564
560
314
561
63
871
871
560
314
562
63
1383
46
566
560
314
563
309
10
615
46
562
560
314
564
53
10
615
870
560
314
565
564
10
871
866
560
314
566
308
10
1127
614
560
314
567
563
10
1383
608
560
314
568
49
10
917
566
560
570
560
566
10
616
863
560
570
561
820
10
1128
46
564
560
570
563
322
616
615
560
570
565
307
10
872
608
560
570
566
316
1128
814
566
560
570
567
305
10
1384
558
564
560
570
568
59
1174
564
560
570
569
49
10
1174
568
560
570
569
824
10
873
46
561
560
826
561
62
873
867
560
826
562
564
10
1129
862
560
826
563
819
10
873
558
564
560
826
566
315
1129
558
566
560
826
567
817
10
1385
558
560
560
826
568
560
10
663
569
560
826
569
304
10
919
568
560
826
569
57
10
618
46
561
560
58
560
824
10
874
814
564
560
58
561
312
10
1130
558
568
560
58
562
55
10
1386
558
561
560
58
563
564
10
874
46
566
560
58
567
822
10
1226
560
58
569
59
619
814
561
560
314
565
818
10
1131
46
562
560
314
566
51
10
921
563
560
314
568
319
615
611
816
58
562
60
1127
558
568
816
58
563
50
10
1383
302
560
816
58
567
56
10
1128
614
816
314
563
51
10
872
558
564
816
314
566
52
10
1385
814
561
816
570
569
57
10
618
610
816
826
561
563
10
874
814
566
816
826
562
50
10
1130
302
569
816
826
563
49
10
1386
558
561
816
826
563
323
618
302
563
816
826
564
67
874
46
566
816
826
565
56
10
1130
814
568
816
826
566
824
10
1386
558
568
816
826
567
54
10
1176
561
816
826
568
566
10
1176
564
816
826
569
54
10
619
46
567
816
58
560
53
10
619
870
816
58
561
52
10
875
613
816
58
563
49
10
1387
46
567
816
58
565
52
10
1131
46
568
816
58
566
569
10
1387
558
568
816
58
568
59
620
302
563
816
314
560
820
10
620
612
816
314
561
560
10
876
558
564
816
314
561
56
10
1132
814
568
816
314
562
566
10
1132
612
816
314
563
567
10
620
302
561
816
314
565
307
10
876
302
567
816
314
566
816
10
1132
46
568
816
314
566
55
10
1388
302
565
816
314
567
567
10
616
814
562
106
560
313
10
872
46
560
106
561
56
10
1128
302
561
106
562
566
10
1128
868
106
564
61
616
868
106
565
564
10
872
611
106
566
51
10
1128
814
565
106
567
315
1384
558
562
106
568
314
918
564
106
568
67
918
563
106
569
66
617
814
563
362
560
65
873
558
563
362
561
64
1129
302
563
362
562
63
1385
46
564
362
563
318
1385
866
362
564
317
617
610
362
565
51
10
873
814
564
362
566
50
10
1129
558
565
362
567
560
10
1385
302
565
362
568
304
10
663
567
362
568
313
10
1687
566
362
569
312
10
618
558
567
618
560
567
10
874
302
567
618
561
566
10
1130
46
567
618
562
565
10
1130
869
618
563
564
10
1386
613
618
564
563
10
618
814
568
618
565
562
10
874
558
568
618
566
817
10
1130
302
569
618
567
48
10
1386
46
569
618
567
57
10
1432
566
618
568
312
10
1688
560
618
569
311
10
619
558
560
874
560
310
10
875
302
561
874
561
565
10
1131
46
561
874
562
564
10
1131
863
874
563
563
10
1387
607
874
564
49
10
619
814
561
874
565
560
10
875
558
561
874
566
309
10
1131
864
874
567
564
10
1433
562
874
569
562
10
1433
566
106
560
817
10
620
46
566
106
561
560
10
876
814
563
106
561
311
10
1132
814
567
106
562
824
10
1388
814
564
106
564
54
10
876
46
568
106
565
53
10
876
610
106
566
52
10
1132
814
562
106
567
315
1388
814
568
106
568
306
10
1178
565
106
569
564
10
621
46
564
362
560
57
10
877
814
562
362
561
824
10
1133
814
562
362
563
48
10
1389
302
560
362
563
312
10
621
46
561
362
564
568
10
877
814
568
362
565
567
10
1133
558
565
362
566
64
1389
302
564
362
567
52
10
1389
814
568
362
568
304
10
667
564
362
568
322
1435
560
362
569
319
617
558
560
362
560
822
10
617
869
362
561
307
10
873
866
362
562
51
10
1129
814
565
362
563
49
10
1385
558
566
362
564
314
617
814
565
362
564
57
10
873
302
569
362
565
310
10
1129
558
562
362
566
62
1385
46
560
362
567
52
10
1385
863
362
568
50
10
1175
568
362
569
54
10
618
46
562
618
560
52
10
618
612
618
561
561
10
874
814
560
618
561
67
1130
302
562
618
562
313
10
1386
814
568
618
563
321
618
558
560
618
564
309
10
874
46
564
618
565
308
10
874
613
618
566
316
1130
46
569
618
567
561
10
1386
867
618
568
563
10
1432
568
618
569
58
1432
560
618
569
825
10
619
814
564
874
560
56
10
875
558
565
874
561
822
10
1131
302
560
874
562
318
1131
862
874
563
563
10
1387
558
566
874
564
49
10
619
868
874
565
819
10
875
814
567
874
566
315
1131
302
569
874
567
304
10
1387
46
561
874
567
312
10
1177
564
874
568
310
10
921
566
874
569
820
10
1490
1130
560
51
10
620
814
562
1130
561
817
10
876
302
565
1130
561
569
10
1132
814
569
1130
562
56
10
1388
558
562
1130
563
54
10
620
46
566
1130
564
62
620
615
1130
565
51
10
876
814
563
1130
566
49
10
1132
302
566
1130
566
67
1388
814
566
1130
568
561
10
922
568
1130
568
569
10
1690
568
1130
569
66
621
814
565
362
560
65
877
558
560
362
561
565
10
1133
46
567
362
562
322
1389
558
562
362
563
821
10
621
302
566
362
564
564
10
877
46
561
362
565
819
10
1133
558
568
362
566
55
10
1389
302
562
362
567
825
10
1435
569
362
568
566
10
1229
362
569
816
10
1435
565
362
569
313
10
622
302
561
618
560
568
10
878
814
565
618
561
55
10
1390
46
564
618
563
316
1390
615
618
564
49
10
622
869
618
566
312
10
1390
558
568
618
567
320
924
563
618
568
569
10
1436
563
49
58
560
306
266
864
614
49
58
562
307
266
1120
814
562
49
58
563
323
608
814
564
49
58
564
56
266
864
558
562
49
58
566
48
266
1120
46
563
49
58
566
55
266
1120
862
49
58
567
49
266
1376
814
561
49
58
568
561
266
1422
568
49
58
568
56
266
1678
568
49
314
560
48
266
609
558
562
49
314
561
816
266
865
610
49
314
562
316
1121
558
562
49
314
562
57
266
1377
302
563
49
314
563
313
266
609
558
564
49
314
564
321
865
558
560
49
314
565
310
266
1121
46
562
49
314
567
562
266
1377
302
565
49
314
568
318
1473
49
314
569
819
266
1423
560
49
570
560
561
266
610
302
567
49
570
560
313
266
866
814
567
49
570
561
55
266
1122
558
562
49
570
562
54
266
1378
46
565
49
570
563
307
266
1378
614
49
570
564
572
610
814
561
49
570
565
561
266
866
46
566
49
570
565
322
1122
814
566
49
570
566
321
1378
302
569
49
570
567
310
266
656
562
49
570
568
52
266
1222
49
570
569
316
1424
569
49
826
560
305
266
611
302
562
49
826
560
57
266
867
814
566
49
826
561
321
1123
558
561
49
826
562
566
266
1379
46
564
49
826
563
564
266
1379
615
49
826
564
54
266
611
871
49
826
565
573
867
302
568
49
826
565
579
1123
46
562
49
826
566
56
266
1379
302
562
49
826
567
576
913
562
49
826
568
53
266
1218
49
826
569
573
1474
49
58
560
50
266
612
302
562
49
58
561
314
868
814
563
49
58
561
57
266
1380
302
561
49
58
563
825
266
612
864
49
58
565
573
868
814
564
49
58
566
306
266
1380
302
561
49
58
567
819
266
1170
562
49
58
569
561
266
1738
49
314
560
563
266
613
606
49
314
561
306
266
1125
46
569
49
314
562
54
266
1125
870
49
314
563
565
266
613
46
560
49
314
564
820
266
613
606
49
314
565
314
869
814
561
49
314
565
54
266
1171
561
49
314
568
323
1484
305
58
560
50
266
865
558
568
305
58
561
823
266
1121
302
562
305
58
562
820
266
1377
46
565
305
58
563
568
266
609
814
565
305
58
564
577
865
558
566
305
58
569
563
266
1122
46
563
305
314
562
53
266
1122
868
305
314
563
568
266
610
558
566
305
314
565
309
266
1122
46
561
305
314
567
309
266
867
864
305
570
563
566
266
867
814
569
305
570
566
315
1379
302
564
305
570
568
568
266
1425
568
305
826
560
305
266
612
302
564
305
826
560
569
266
868
814
568
305
826
561
822
266
1124
558
563
305
826
562
566
266
1124
869
305
826
563
564
266
1380
814
563
305
826
564
818
266
1124
46
569
305
826
566
309
266
1380
558
563
305
826
567
56
266
1170
564
305
826
568
320
914
560
305
826
569
309
266
1738
305
58
560
819
266
613
610
305
58
561
822
266
869
864
305
58
562
305
266
1125
302
568
305
58
563
560
266
1381
46
565
305
58
563
322
613
814
562
305
58
564
566
266
869
558
563
305
58
565
57
266
1125
814
560
305
58
566
313
266
1381
46
560
305
58
568
817
266
1427
564
305
58
569
315
1171
564
305
314
560
816
266
614
302
562
305
314
560
824
266
870
558
562
305
314
561
822
266
1126
814
560
305
314
563
315
1382
46
564
305
314
564
314
614
302
561
305
314
564
568
266
870
558
569
305
314
565
310
266
1126
46
566
305
314
566
55
266
1382
46
567
305
314
567
54
266
1382
864
305
314
568
306
266
660
562
305
314
568
825
266
1684
569
305
314
569
55
266
610
558
560
561
58
561
305
266
1122
46
568
561
58
562
53
266
1122
870
561
58
563
563
266
1378
611
561
58
564
51
266
610
814
569
561
58
565
306
266
866
558
567
561
58
566
561
266
1122
558
562
561
58
567
574
1378
869
561
58
568
572
1224
561
58
569
577
611
558
563
561
314
560
55
266
867
302
565
561
314
561
310
266
1123
46
567
561
314
562
565
266
1379
46
563
561
314
563
57
266
611
814
565
561
314
564
312
266
867
558
567
561
314
565
311
266
1123
302
563
561
314
566
54
266
1379
46
560
561
314
567
565
266
1379
608
561
314
568
572
1425
560
561
314
569
312
266
868
558
561
561
570
561
820
266
1124
302
562
561
570
563
57
266
612
558
562
561
570
565
305
266
868
558
563
561
570
566
53
266
658
566
561
570
568
320
613
302
562
561
826
561
53
266
869
614
561
826
562
313
266
1381
46
560
561
826
563
568
266
613
814
560
561
826
564
311
266
869
558
560
561
826
565
564
266
869
558
566
561
826
566
49
266
1125
302
566
561
826
567
48
266
1381
814
563
561
826
567
322
1427
566
561
826
568
320
1427
567
561
826
569
567
266
614
302
568
561
58
560
822
266
870
46
569
561
58
561
53
266
1126
46
560
561
58
562
818
266
1126
862
561
58
563
819
266
1382
609
561
58
564
572
614
814
564
561
58
565
50
266
870
558
566
561
58
566
816
266
1126
302
566
561
58
567
48
266
1382
46
569
561
58
567
313
266
1172
567
561
58
568
568
266
1428
568
561
314
560
818
266
615
868
561
314
561
50
266
871
558
560
561
314
561
568
266
1127
46
566
561
314
562
309
266
1127
863
561
314
563
315
1383
614
561
314
564
819
266
615
814
569
561
314
565
306
266
871
814
560
561
314
566
816
266
1127
302
560
561
314
567
52
266
1383
862
561
314
568
561
266
1173
568
561
314
569
822
266
867
46
562
817
58
562
309
266
1379
302
567
817
58
563
52
266
1379
613
817
58
564
565
266
867
558
560
817
58
565
52
266
1123
46
565
817
58
568
306
266
1425
569
817
58
569
314
612
302
569
817
314
563
562
266
1380
558
566
817
314
564
318
612
615
817
314
565
308
266
868
863
817
314
566
563
266
914
561
817
570
561
54
266
869
46
562
817
570
565
565
266
869
814
568
817
570
566
48
266
1125
46
562
817
570
567
566
266
1427
569
817
826
563
51
266
614
302
565
817
826
566
316
1126
302
564
817
826
567
48
266
1382
46
561
817
826
567
322
1172
565
817
58
560
318
615
864
817
58
562
314
1127
613
817
58
566
319
1383
558
561
817
314
561
562
266
872
558
569
817
314
563
55
266
1174
568
49
58
560
566
266
868
46
560
49
58
563
313
266
612
46
560
49
58
564
56
266
868
558
561
49
58
565
310
266
868
864
49
58
566
819
266
1124
558
561
49
58
567
305
266
1380
302
564
49
58
568
48
266
1170
568
49
58
568
56
266
1170
566
49
58
569
54
266
613
46
565
49
314
560
564
266
613
612
49
314
561
824
266
1125
814
568
49
314
563
572
1381
302
563
49
314
564
49
266
613
814
566
49
314
566
49
266
1125
46
567
49
314
566
569
266
1381
558
566
49
314
567
55
266
915
561
49
314
569
568
266
614
46
561
49
570
560
54
266
870
46
567
49
570
561
577
1382
302
562
49
570
563
318
1382
814
567
49
570
565
817
266
870
46
563
49
570
565
568
266
1126
46
562
49
570
566
824
266
1382
558
562
49
570
568
304
266
660
568
49
570
568
312
266
1172
567
49
570
569
53
266
615
46
560
49
826
560
565
266
615
609
49
826
561
562
266
1127
46
566
49
826
562
566
266
1383
46
564
49
826
563
564
266
1383
814
569
49
826
564
316
871
302
561
49
826
565
307
266
1127
46
560
49
826
566
55
266
1383
46
566
49
826
567
57
266
661
564
49
826
568
56
266
1173
563
49
58
561
51
266
872
302
568
49
58
562
578
1384
558
569
49
58
564
562
266
872
46
568
49
58
565
53
266
872
814
562
49
58
566
320
1128
866
49
58
567
319
1384
608
49
58
568
567
266
1430
563
49
58
569
309
266
617
46
563
49
314
560
51
266
617
608
49
314
561
563
266
1129
302
564
49
314
562
322
1385
558
566
49
314
563
321
617
558
561
49
314
564
323
873
614
49
314
567
565
266
1431
560
49
314
569
313
266
613
46
560
305
58
560
568
266
869
302
565
305
58
561
55
266
869
870
305
58
562
57
266
1381
814
566
305
58
563
321
1381
869
305
58
566
562
266
1125
558
566
305
58
567
57
266
1171
565
305
58
569
315
614
46
560
305
314
560
819
266
870
302
561
305
314
562
564
266
1126
614
305
314
563
572
1382
814
560
305
314
564
565
266
614
864
305
314
565
51
266
870
814
565
305
314
566
561
266
1126
302
565
305
314
566
323
1382
814
569
305
314
567
56
266
1172
562
305
314
568
318
916
564
305
314
569
308
266
1482
305
570
560
818
266
615
558
568
305
570
561
49
266
871
302
561
305
570
561
569
266
1127
814
564
305
570
562
311
266
1383
302
566
305
570
563
319
1383
871
305
570
564
52
266
615
608
305
570
565
50
266
871
558
565
305
570
566
816
266
1127
46
568
305
570
566
824
266
1383
814
562
305
570
567
53
266
1383
814
563
305
570
568
305
266
917
567
305
570
568
323
1685
563
305
570
569
568
266
616
558
566
305
826
560
822
266
872
302
560
305
826
561
821
266
872
867
305
826
562
317
1128
814
569
305
826
563
562
266
1384
558
564
305
826
564
560
266
616
46
568
305
826
564
313
266
872
814
563
305
826
565
320
1128
302
568
305
826
566
310
266
1384
46
564
305
826
567
820
266
1384
611
305
826
568
315
1430
565
305
826
569
315
1430
561
305
826
569
569
266
617
46
567
305
58
560
57
266
873
814
563
305
58
561
567
266
1129
302
568
305
58
562
575
1385
46
564
305
58
563
564
266
1385
863
305
58
564
818
266
617
814
566
305
58
565
48
266
873
558
560
305
58
565
566
266
873
868
305
58
566
318
1129
864
305
58
567
51
266
1385
558
563
305
58
568
50
266
1175
563
305
58
569
560
266
919
569
305
58
569
569
266
618
814
564
305
314
561
50
266
1130
46
569
305
314
562
567
266
1130
864
305
314
563
316
1386
558
568
305
314
564
305
266
874
814
560
305
314
565
312
266
1130
814
564
305
314
566
321
664
569
305
314
568
569
266
1688
563
305
314
569
56
266
614
558
560
561
58
561
304
266
870
865
561
58
562
817
266
1126
558
561
561
58
563
817
266
1382
871
561
58
564
51
266
614
606
561
58
565
51
266
870
814
566
561
58
566
308
266
1126
609
561
58
567
48
266
1382
46
566
561
58
567
578
1428
560
561
58
568
55
266
1172
566
561
58
569
565
266
615
46
561
561
314
560
820
266
615
612
561
314
561
314
871
864
561
314
562
53
266
1127
868
561
314
563
317
1383
814
565
561
314
564
562
266
615
558
565
561
314
565
816
266
871
814
566
561
314
566
818
266
1383
302
566
561
314
567
820
266
661
560
561
314
568
50
266
1223
561
314
569
306
266
1429
568
561
570
560
570
616
302
560
561
570
560
825
266
872
814
567
561
570
562
50
266
1128
46
562
561
570
563
48
266
1384
46
566
561
570
563
313
266
616
814
561
561
570
564
310
266
872
613
561
570
566
820
266
1128
612
561
570
567
316
1384
302
561
561
570
568
49
266
1487
561
570
569
564
266
1483
561
826
560
316
617
814
561
561
826
560
569
266
1129
46
562
561
826
562
312
266
1385
46
567
561
826
563
311
266
617
302
564
561
826
564
821
266
873
814
565
561
826
566
54
266
1385
302
564
561
826
567
319
663
560
561
826
568
820
266
1224
561
826
569
51
266
1431
562
561
58
560
561
266
874
46
562
561
58
561
52
266
874
814
561
561
58
562
315
1130
814
564
561
58
563
315
1386
558
561
561
58
564
304
266
618
814
565
561
58
564
57
266
874
814
565
561
58
565
312
266
1130
558
565
561
58
567
314
1386
814
564
561
58
567
313
266
1432
567
561
58
568
312
266
1176
561
561
58
569
320
619
302
561
561
314
560
53
266
619
865
561
314
561
52
266
875
609
561
314
562
562
266
1131
302
562
561
314
563
305
266
1387
302
565
561
314
563
825
266
619
46
560
561
314
564
568
266
875
558
566
561
314
565
320
1131
302
561
561
314
566
53
266
1131
869
561
314
567
573
1387
608
561
314
568
50
266
1177
567
561
314
569
570
1177
562
561
314
569
57
266
615
814
567
817
58
560
577
871
558
561
817
58
561
822
266
1127
46
565
817
58
562
820
266
1127
862
817
58
563
563
266
1383
814
564
817
58
564
561
266
615
302
568
817
58
565
48
266
871
46
562
817
58
565
56
266
1127
558
566
817
58
566
320
1383
302
560
817
58
567
309
266
1383
865
817
58
568
307
266
1429
567
817
58
569
315
1429
560
817
314
560
560
266
616
46
564
817
314
560
312
266
872
558
566
817
314
561
320
1128
302
560
817
314
562
309
266
1128
865
817
314
563
51
266
1384
814
566
817
314
564
817
266
616
302
569
817
314
565
48
266
872
46
562
817
314
565
56
266
1128
558
565
817
314
566
566
266
1384
46
568
817
314
567
574
1384
862
817
314
568
563
266
1430
563
817
314
569
49
266
1174
565
817
314
569
825
266
617
814
568
817
570
560
577
873
558
560
817
570
561
310
266
1129
46
563
817
570
562
52
266
1129
611
817
570
563
562
266
1385
558
568
817
570
564
314
617
46
569
817
570
564
57
266
873
814
562
817
570
565
823
266
1129
302
563
817
570
566
53
266
1129
868
817
570
567
819
266
1385
814
568
817
570
568
571
1175
560
817
570
569
304
266
919
562
817
570
569
824
266
618
558
564
817
826
560
566
266
874
46
567
817
826
561
318
874
615
817
826
562
307
266
1130
814
562
817
826
563
817
266
1386
302
564
817
826
563
569
266
618
814
568
817
826
564
321
874
558
560
817
826
565
310
266
1130
46
563
817
826
566
307
266
1130
611
817
826
567
818
266
1386
558
568
817
826
568
49
266
664
560
817
826
568
57
266
1688
565
817
826
569
567
266
619
302
569
817
58
560
310
266
875
46
562
817
58
561
52
266
1131
558
564
817
58
562
821
266
1387
302
561
817
58
563
821
266
1387
867
817
58
564
50
266
875
302
560
817
58
565
54
266
1131
46
566
817
58
566
820
266
1131
863
817
58
567
51
266
1387
814
566
817
58
568
315
1177
562
817
58
569
48
266
1689
561
817
58
569
57
266
620
814
563
817
314
560
567
266
876
302
569
817
314
561
566
266
1132
46
566
817
314
562
318
1132
864
817
314
563
307
266
1388
814
568
817
314
564
305
266
620
558
565
817
314
565
49
266
876
302
562
817
314
565
313
266
1132
814
569
817
314
566
55
266
1388
558
566
817
314
567
576
1388
871
817
314
568
309
266
922
560
817
314
569
52
266
1489
107
560
307
266
616
814
565
107
561
315
872
558
562
107
562
560
266
1128
46
569
107
562
569
266
1384
814
566
107
563
56
266
616
558
563
107
564
822
266
872
302
560
107
565
53
266
872
814
566
107
565
825
266
1128
46
561
107
566
320
1384
558
569
107
567
576
918
566
107
568
575
918
563
107
569
820
266
1734
363
560
51
266
617
814
567
363
561
314
873
558
565
363
561
313
266
1129
302
562
363
562
569
266
1385
46
560
363
563
56
266
617
558
568
363
564
567
266
873
302
565
363
565
575
1129
46
563
363
566
564
266
1129
862
363
567
562
266
1385
814
568
363
568
562
266
1175
566
363
569
570
1175
563
363
569
825
266
618
46
560
619
560
824
266
874
558
568
619
561
567
266
1130
302
566
619
563
816
266
1386
814
568
619
563
313
266
618
814
565
619
565
50
266
874
558
566
619
566
570
1130
870
619
567
308
266
1386
611
619
568
572
1432
563
619
569
817
266
1432
561
875
560
48
266
619
46
569
875
560
825
266
875
814
567
875
561
312
266
1131
558
565
875
562
576
1387
302
564
875
563
319
1387
607
875
564
308
266
619
558
569
875
564
57
266
875
814
562
875
566
50
266
1131
866
875
567
313
266
665
560
875
568
568
266
1689
560
107
560
565
266
876
46
564
107
561
824
266
1132
814
560
107
562
55
266
1388
302
567
107
563
573
1388
558
561
107
564
48
266
620
46
568
107
564
57
266
876
814
564
107
565
823
266
1132
46
568
107
566
319
1388
46
568
107
567
53
266
1388
866
107
568
51
266
1434
564
107
569
320
621
46
568
363
560
309
266
877
46
560
363
561
564
266
877
611
363
562
572
1133
558
565
363
563
817
266
1389
558
560
363
564
48
266
621
814
560
363
564
569
266
877
814
566
363
565
577
1133
558
564
363
566
320
1389
302
562
363
567
564
266
667
560
363
568
308
266
1236
363
569
321
617
558
562
363
560
822
266
617
870
363
561
565
266
873
614
363
562
52
266
1129
615
363
563
819
266
1385
814
567
363
564
570
617
558
566
363
565
49
266
873
302
564
363
565
579
1129
46
563
363
566
322
1385
814
562
363
567
567
266
663
569
363
568
310
266
1484
363
569
53
266
1743
619
560
820
266
618
614
619
561
819
266
874
814
568
619
562
818
266
1130
558
568
619
563
817
266
1386
302
568
619
564
816
266
618
46
568
619
564
825
266
874
814
568
619
565
312
266
1130
558
568
619
566
55
266
1386
46
563
619
568
49
266
920
566
619
569
304
266
1688
567
619
569
313
266
619
814
567
875
560
568
266
875
302
566
875
561
567
266
1131
302
568
875
562
822
266
1131
864
875
563
821
266
1387
870
875
564
50
266
619
46
564
875
564
568
266
875
814
564
875
565
56
266
1131
814
560
875
567
305
266
1387
302
562
875
567
323
1487
875
569
307
266
1487
1131
560
817
266
620
814
566
1131
561
50
266
876
558
564
1131
562
561
266
1132
302
566
1131
563
304
266
1388
46
568
1131
563
569
266
620
814
567
1131
564
568
266
876
558
568
1131
565
823
266
1132
46
567
1131
567
570
1388
302
563
1131
567
323
666
560
1131
568
578
1178
566
1131
569
321
621
302
560
363
560
54
266
877
302
562
363
561
318
1133
46
568
363
562
825
266
1389
814
568
363
563
824
266
621
558
568
363
564
567
266
877
302
567
363
565
566
266
1133
46
568
363
566
821
266
1133
870
363
567
820
266
1389
614
363
568
819
266
1435
568
363
569
818
266
1435
567
619
560
560
266
622
302
566
619
561
48
266
878
46
565
619
561
54
266
1134
814
564
619
562
321
1390
558
562
619
563
822
266
622
302
561
619
564
565
266
878
46
560
619
565
52
266
878
615
619
566
51
266
1134
814
568
619
567
562
266
1390
558
567
619
567
57
266
924
562
619
569
308
522
608
814
564
50
58
561
818
522
864
46
564
50
58
561
569
522
1120
46
563
50
58
563
48
522
1376
46
564
50
58
563
823
522
608
302
566
50
58
564
577
864
558
562
50
58
565
566
522
864
862
50
58
566
309
522
1120
814
564
50
58
567
818
522
1422
561
50
314
560
570
609
302
562
50
314
560
569
522
865
46
560
50
314
561
824
522
1121
558
567
50
314
562
311
522
1377
302
565
50
314
563
575
609
46
562
50
314
564
564
522
609
862
50
314
565
51
522
865
814
567
50
314
566
306
522
1121
558
564
50
314
567
570
1377
302
561
50
314
567
313
522
1423
568
50
314
568
568
522
1423
565
50
314
569
832
610
302
562
50
570
560
565
522
610
871
50
570
561
52
522
866
613
50
570
562
51
522
1122
814
564
50
570
563
571
1378
558
562
50
570
564
304
522
610
46
568
50
570
564
569
522
866
814
566
50
570
565
833
1122
558
562
50
570
566
566
522
1378
302
560
50
570
567
821
522
1378
867
50
570
568
829
1218
50
570
569
562
522
1424
568
50
826
560
561
522
611
302
565
50
826
560
579
867
46
560
50
826
561
56
522
1123
558
567
50
826
562
55
522
1379
302
562
50
826
563
309
522
1379
870
50
826
564
308
522
611
609
50
826
565
562
522
867
46
566
50
826
566
561
522
1123
46
565
50
826
566
569
522
1379
607
50
826
568
50
522
1169
566
50
826
568
579
1169
560
50
826
569
569
522
612
814
564
50
58
560
823
522
868
302
569
50
58
561
54
522
1124
46
562
50
58
562
308
522
1124
612
50
58
563
572
1380
814
560
50
58
564
561
522
612
302
564
50
58
564
569
522
868
814
567
50
58
565
833
1124
558
561
50
58
566
566
522
1380
46
564
50
58
567
564
522
1380
614
50
58
568
572
1426
560
50
58
569
561
522
1170
563
50
58
569
57
522
613
814
566
50
314
560
823
522
869
302
568
50
314
561
831
1125
46
561
50
314
562
564
522
1125
609
50
314
563
50
522
1381
558
565
50
314
564
560
522
613
46
568
50
314
564
578
869
814
560
50
314
565
311
522
1125
302
562
50
314
566
821
522
1125
866
50
314
567
563
522
1381
814
567
50
314
568
571
1171
560
50
314
569
304
522
915
562
50
314
569
568
522
609
558
564
306
58
560
310
522
865
46
566
306
58
561
574
865
614
306
58
562
51
522
1121
814
561
306
58
563
561
522
1377
302
563
306
58
563
57
522
609
814
566
306
58
564
823
522
865
302
568
306
58
565
831
1121
46
560
306
58
566
308
522
1121
608
306
58
567
818
522
1377
558
564
306
58
568
304
522
655
566
306
58
568
824
522
1423
568
306
58
569
55
522
610
302
560
306
314
560
309
522
610
864
306
314
561
51
522
866
814
565
306
314
562
561
522
1122
302
566
306
314
562
579
1378
814
569
306
314
563
312
522
610
558
562
306
314
564
54
522
866
46
565
306
314
565
820
522
866
614
306
314
566
51
522
1122
814
562
306
314
567
49
522
1378
302
566
306
314
567
825
522
1424
569
306
314
568
312
522
1424
563
306
314
569
310
522
611
46
567
306
570
560
830
611
864
306
570
561
51
522
867
814
566
306
570
562
827
1123
558
561
306
570
563
48
522
1379
46
566
306
570
563
823
522
611
814
561
306
570
564
55
522
867
302
567
306
570
565
54
522
1123
46
562
306
570
566
308
522
1123
613
306
570
567
51
522
1379
814
564
306
570
567
835
913
569
306
570
568
57
522
913
566
306
570
569
578
612
814
561
306
826
560
55
522
868
302
568
306
826
561
310
522
1124
46
564
306
826
562
820
522
1124
863
306
826
563
51
522
1380
814
567
306
826
564
306
522
612
558
564
306
826
565
816
522
868
302
560
306
826
565
311
522
1124
814
567
306
826
566
833
1380
558
562
306
826
567
566
522
914
560
306
826
568
821
522
1426
569
306
826
569
52
522
1426
567
306
58
560
561
522
613
558
562
306
58
561
816
522
869
302
560
306
58
561
57
522
1125
814
567
306
58
562
56
522
1381
558
563
306
58
563
822
522
613
302
560
306
58
564
821
522
613
868
306
58
565
829
869
608
306
58
566
50
522
1125
558
568
306
58
567
305
522
1381
302
565
306
58
567
579
1223
306
58
569
572
1683
561
306
58
569
579
614
302
568
306
314
561
560
522
870
558
563
306
314
561
308
522
870
614
306
314
562
563
522
1126
814
566
306
314
563
827
1382
558
564
306
314
564
816
522
614
302
561
306
314
564
313
522
870
814
569
306
314
565
824
522
1126
558
568
306
314
566
567
522
1382
302
565
306
314
567
54
522
660
564
306
314
568
574
1478
306
314
569
563
522
1477
562
58
560
562
522
610
814
561
562
58
561
561
522
866
558
561
562
58
562
560
522
1122
302
561
562
58
562
569
522
1378
46
561
562
58
563
568
522
610
814
562
562
58
564
567
522
866
558
561
562
58
565
566
522
1122
302
560
562
58
566
53
522
1122
871
562
58
567
52
522
1378
614
562
58
568
819
522
1424
567
562
58
569
562
522
1424
566
562
314
560
305
522
611
302
566
562
314
561
48
522
867
46
565
562
314
561
57
522
1123
814
564
562
314
562
833
1379
558
564
562
314
563
576
611
302
563
562
314
564
821
522
867
46
562
562
314
565
564
522
867
863
562
314
566
307
522
1123
606
562
314
567
50
522
1379
558
569
562
314
568
817
522
913
568
562
314
569
560
522
913
566
562
314
569
313
522
612
814
566
562
570
560
56
522
868
558
565
562
570
561
55
522
1124
302
564
562
570
562
575
1380
46
562
562
570
563
574
1380
865
562
570
564
573
612
608
562
570
565
818
522
868
814
562
562
570
566
817
522
1124
558
561
562
570
567
560
522
1380
302
562
562
570
567
825
522
1170
564
562
570
568
824
522
1682
562
562
570
569
577
613
558
563
562
826
560
832
869
302
565
562
826
561
54
522
1125
46
565
562
826
562
53
522
1125
867
562
826
563
52
522
1381
814
561
562
826
564
307
522
613
814
566
562
826
565
822
522
1125
46
568
562
826
566
821
522
1381
46
562
562
826
567
574
1381
866
562
826
568
308
522
1227
562
826
569
307
522
1477
562
58
560
828
614
814
566
562
58
561
50
522
870
814
561
562
58
562
571
1126
558
566
562
58
563
817
522
1382
558
561
562
58
564
570
614
302
566
562
58
565
48
522
870
302
561
562
58
565
579
1126
46
566
562
58
566
57
522
1382
46
562
562
58
567
57
522
1428
568
562
58
568
824
522
1428
561
562
58
569
56
522
615
814
564
562
314
560
568
522
871
814
561
562
314
561
56
522
1127
814
560
562
314
562
577
1383
558
566
562
314
563
311
522
615
558
563
562
314
564
567
522
871
558
560
562
314
565
576
1127
302
566
562
314
566
54
522
1383
302
562
562
314
567
54
522
661
568
562
314
568
309
522
917
563
562
314
569
309
522
1742
818
58
560
820
522
611
866
818
58
561
564
522
867
862
818
58
562
573
1123
612
818
58
563
819
522
1379
814
563
818
58
564
572
611
814
565
818
58
565
827
867
46
562
818
58
566
817
522
1123
558
563
818
58
567
49
522
1379
302
567
818
58
568
48
522
913
561
818
58
568
579
913
566
818
58
569
825
522
612
46
561
818
314
560
834
868
814
567
818
314
561
312
522
1124
814
564
818
314
562
568
522
1380
814
560
818
314
563
833
612
558
568
818
314
564
567
522
868
558
565
818
314
565
55
522
1124
558
563
818
314
566
567
522
1380
558
561
818
314
567
566
522
1170
560
818
314
568
832
1170
568
818
314
569
576
613
302
568
818
570
560
576
869
302
568
818
570
561
576
1125
302
566
818
570
562
566
522
1381
302
564
818
570
563
54
522
613
302
562
818
570
564
310
522
869
302
560
818
570
565
54
522
1125
46
568
818
570
566
575
1381
46
567
818
570
567
565
522
659
565
818
570
568
53
522
915
563
818
570
569
565
522
614
46
561
818
826
560
53
522
614
870
818
826
561
820
522
870
868
818
826
562
308
522
1126
865
818
826
563
564
522
1382
862
818
826
564
829
614
612
818
826
565
50
522
870
609
818
826
566
307
522
1126
814
569
818
826
567
570
1382
814
565
818
826
568
818
522
1428
560
818
826
569
571
1428
567
818
58
560
49
522
615
558
562
818
58
561
49
522
871
302
568
818
58
562
560
522
1127
302
563
818
58
563
48
522
1383
46
568
818
58
563
313
522
615
46
562
818
58
564
834
871
814
566
818
58
565
824
522
1127
814
560
818
58
566
823
522
1383
558
564
818
58
567
565
522
917
564
818
58
568
54
522
1173
561
818
58
569
575
1737
818
314
560
53
522
616
869
818
314
561
52
522
872
862
818
314
562
563
522
1128
302
567
818
314
563
828
1384
814
565
818
314
564
562
522
616
558
568
818
314
565
561
522
872
558
562
818
314
566
570
1128
302
566
818
314
567
816
522
1384
302
560
818
314
567
569
522
662
564
818
314
568
57
522
1686
567
818
314
569
56
522
612
814
562
50
58
560
833
868
558
566
50
58
561
55
522
1124
558
561
50
58
562
832
1380
302
566
50
58
563
54
522
612
302
561
50
58
564
575
868
46
566
50
58
565
53
522
1124
46
560
50
58
566
574
1124
867
50
58
567
564
522
1380
615
50
58
568
563
522
1682
560
50
58
569
577
613
558
565
50
314
560
55
522
869
46
566
50
314
561
832
1125
302
566
50
314
562
310
522
1381
46
568
50
314
563
310
522
613
46
569
50
314
564
565
522
869
46
564
50
314
565
565
522
869
614
50
314
566
574
1125
868
50
314
567
52
522
1381
863
50
314
568
829
1225
50
314
569
819
522
1476
50
570
560
572
614
814
566
50
570
561
50
522
870
814
563
50
570
562
306
522
1126
558
569
50
570
563
817
522
1382
558
564
50
570
564
817
522
614
558
562
50
570
565
49
522
870
302
569
50
570
566
816
522
1126
302
565
50
570
567
816
522
1382
302
562
50
570
568
48
522
660
569
50
570
568
825
522
916
567
50
570
569
825
522
615
46
566
50
826
560
313
522
871
46
564
50
826
561
57
522
1127
46
562
50
826
562
313
522
1383
814
569
50
826
563
55
522
615
814
565
50
826
564
56
522
871
814
563
50
826
565
568
522
1127
814
561
50
826
566
566
522
1383
814
560
50
826
567
577
1173
568
50
826
568
311
522
1429
566
50
826
569
55
522
616
558
564
50
58
560
567
522
872
558
562
50
58
561
311
522
1128
558
560
50
58
562
832
1384
302
569
50
58
563
576
616
302
568
50
58
564
822
522
872
302
567
50
58
565
822
522
1128
302
568
50
58
566
576
1384
302
567
50
58
567
576
918
567
50
58
568
576
1174
568
50
58
569
576
617
302
568
50
314
560
576
873
302
568
50
314
561
822
522
1129
302
568
50
314
562
576
1385
302
569
50
314
563
832
617
302
569
50
314
565
827
873
814
560
50
314
566
560
522
1129
558
569
50
314
567
827
1385
814
560
50
314
568
827
1431
560
50
314
569
827
1687
560
306
58
560
50
522
613
814
560
306
58
561
50
522
869
814
560
306
58
562
561
522
1125
302
569
306
58
563
49
522
1381
558
568
306
58
564
818
522
1427
560
306
58
568
569
522
1171
569
306
58
569
