48
58
560
561
10
864
46
569
48
58
562
48
10
1120
871
48
58
563
315
1376
302
566
48
58
564
819
10
608
606
48
58
566
321
1376
814
564
48
58
568
320
1422
565
48
314
560
48
10
611
558
568
48
826
564
53
10
867
46
567
48
826
565
55
10
1123
46
561
48
826
566
57
10
1379
814
567
48
826
567
321
1169
560
48
826
569
818
10
612
302
566
48
58
561
305
10
868
46
562
48
58
561
57
10
1380
46
560
48
58
563
311
10
612
814
563
48
58
564
567
10
868
865
48
58
566
319
1124
862
48
58
567
568
10
1221
48
58
569
56
10
613
814
565
48
314
561
309
10
1125
302
564
48
314
562
64
1381
46
568
48
314
564
562
10
613
302
569
48
314
565
58
869
302
563
48
314
566
816
10
1125
302
560
48
314
567
564
10
659
562
48
314
569
61
865
814
561
304
58
562
60
1377
558
566
304
58
564
306
10
865
302
568
304
58
566
305
10
1377
46
569
304
58
568
58
911
567
304
314
560
48
10
866
46
562
304
314
561
825
10
1122
868
304
314
563
825
10
610
863
304
314
565
824
10
1122
609
304
314
567
56
10
1424
568
304
314
569
311
10
611
814
562
304
570
561
64
1123
558
566
304
570
563
54
10
611
558
564
304
570
565
566
10
1123
558
560
304
570
567
54
10
1169
560
304
570
569
63
612
302
568
304
826
561
565
10
1124
302
567
304
826
563
821
10
612
302
568
304
826
565
63
1124
302
568
304
826
567
63
914
568
304
826
569
63
613
558
560
304
58
561
63
1125
302
569
304
58
563
565
10
613
302
568
304
58
565
54
10
1125
558
563
304
58
567
310
10
1171
566
304
58
569
64
614
814
560
304
314
561
311
10
1126
814
564
304
314
563
55
10
614
814
566
304
314
565
65
1126
607
304
314
567
824
10
1225
304
314
569
66
610
862
560
58
561
57
10
1122
868
560
58
563
323
866
46
562
560
58
566
816
10
1378
46
565
560
58
568
58
912
568
560
314
560
305
10
867
302
562
560
314
562
561
10
1379
302
564
560
314
564
561
10
867
558
560
560
314
566
818
10
1379
558
566
560
314
568
307
10
1681
567
560
570
560
564
10
868
46
568
560
570
562
53
10
1380
302
567
560
570
564
54
10
868
558
568
560
570
566
823
10
1380
814
569
560
570
568
312
10
1730
560
826
560
313
10
1125
46
560
560
826
562
569
10
613
46
568
560
826
565
561
10
1125
302
566
560
826
567
562
10
1171
565
560
826
569
818
10
614
558
566
560
58
561
51
10
1126
814
565
560
58
563
563
10
614
46
560
560
58
565
308
10
1126
46
563
560
58
567
52
10
660
567
560
58
569
318
615
46
568
560
314
561
318
1127
46
569
560
314
563
62
615
46
568
560
314
565
820
10
1127
46
565
560
314
567
308
10
661
564
560
314
569
820
10
611
46
562
816
58
561
564
10
1123
46
562
816
58
563
308
10
611
46
560
816
58
565
819
10
1123
814
566
816
58
567
563
10
1425
565
816
58
569
563
10
612
558
566
816
314
560
568
10
868
814
569
816
314
562
310
10
1380
302
562
816
314
563
63
612
46
567
816
314
565
560
10
868
868
816
314
566
310
10
1380
302
568
816
314
568
562
10
1218
816
314
569
317
1682
562
816
570
560
822
10
869
558
561
816
570
562
309
10
1381
46
569
816
570
564
53
10
869
302
564
816
570
566
821
10
1381
302
563
816
570
568
309
10
1483
816
570
569
318
614
302
566
816
826
561
63
1126
302
566
816
826
563
565
10
614
302
566
816
826
565
565
10
1126
302
564
816
826
567
309
10
916
560
816
826
569
62
615
46
566
816
58
561
820
10
1127
814
569
816
58
563
819
10
615
814
563
816
58
565
307
10
1127
558
568
816
58
567
50
10
1173
562
816
58
569
50
10
616
558
560
816
314
561
59
1128
302
566
816
314
563
305
10
616
302
562
816
314
565
49
10
1128
46
568
816
314
567
304
10
662
563
816
314
569
304
10
612
46
560
48
58
560
67
868
558
565
48
58
561
57
10
1124
863
48
58
563
305
10
1380
46
569
48
58
563
824
10
612
814
566
48
58
565
316
868
606
48
58
566
823
10
1380
558
568
48
58
568
562
10
1170
564
48
58
569
63
613
302
563
48
314
561
315
869
46
566
48
314
562
564
10
1125
558
563
48
314
563
819
10
613
558
569
48
314
565
306
10
1125
558
561
48
314
567
59
915
564
48
314
569
58
614
46
565
48
570
561
560
10
870
870
48
570
562
569
10
1382
866
48
570
564
313
10
870
862
48
570
566
568
10
1382
609
48
570
568
568
10
1684
569
48
826
560
65
871
814
563
48
826
562
823
10
1383
814
564
48
826
564
567
10
871
814
564
48
826
566
311
10
1383
814
567
48
826
568
65
1685
568
48
58
560
56
10
872
606
48
58
562
309
10
1384
558
561
48
58
563
321
616
558
569
48
58
565
560
10
1128
814
566
48
58
566
55
10
1384
46
568
48
58
567
563
10
1384
814
565
48
58
568
562
10
1174
561
48
58
569
311
10
617
558
568
48
314
561
308
10
873
558
566
48
314
562
566
10
1385
302
567
48
314
563
63
617
302
562
48
314
565
318
1129
46
564
48
314
567
317
1385
870
48
314
568
51
10
1431
566
304
58
560
50
10
869
302
565
304
58
562
58
1381
46
562
304
58
563
825
10
613
302
569
304
58
564
313
10
869
611
304
58
566
310
10
1381
814
564
304
58
568
320
1427
565
304
314
560
54
10
870
302
566
304
314
562
315
1126
302
562
304
314
563
820
10
614
46
563
304
314
565
564
10
1126
814
566
304
314
567
563
10
1428
560
304
314
569
60
615
558
567
304
570
561
50
10
1127
302
564
304
570
562
52
10
1383
558
560
304
570
564
49
10
871
302
564
304
570
566
817
10
1383
302
563
304
570
568
817
10
1173
560
304
826
560
305
10
872
302
561
304
826
562
49
10
1384
46
569
304
826
564
58
872
46
567
304
826
566
816
10
1384
46
565
304
826
568
48
10
1485
304
58
560
48
10
873
46
564
304
58
562
304
10
1385
46
561
304
58
564
304
10
873
46
560
304
58
566
304
10
1129
862
304
58
568
560
10
919
562
304
314
560
560
10
874
46
562
304
314
561
62
874
871
304
314
562
65
1386
870
304
314
564
569
10
874
867
304
314
566
57
10
1386
615
304
314
568
568
10
1484
560
58
560
312
10
870
814
566
560
58
562
567
10
1382
46
564
560
58
563
320
614
558
564
560
58
565
310
10
1126
302
567
560
58
567
565
10
660
569
560
58
568
568
10
1428
566
560
58
569
564
10
871
814
568
560
314
561
322
1383
608
560
570
560
48
10
872
865
560
570
562
562
10
1128
302
567
560
570
563
65
1128
302
567
560
570
567
310
10
662
566
560
570
569
565
10
617
558
569
560
826
561
62
873
870
560
826
563
307
10
617
814
560
560
826
565
818
10
1129
302
568
560
826
567
817
10
663
560
560
826
569
48
10
1175
562
560
826
569
65
618
610
560
58
561
567
10
1130
558
569
560
58
562
64
1386
302
568
560
58
564
53
10
874
46
560
560
58
566
307
10
1386
302
560
560
58
568
568
10
1738
560
314
560
824
10
875
302
567
560
314
561
821
10
875
814
566
560
314
562
307
10
1131
558
565
560
314
563
565
10
619
814
569
560
314
565
61
875
867
560
314
566
60
1387
558
562
560
314
567
56
10
921
564
560
314
569
563
10
1743
816
58
560
565
10
615
612
816
58
561
567
10
1127
558
566
816
58
563
821
10
615
46
560
816
58
565
61
1127
558
568
816
58
567
561
10
661
566
816
58
568
313
10
1429
564
816
58
569
566
10
616
814
563
816
314
561
54
10
1128
302
564
816
314
563
52
10
616
814
564
816
314
565
562
10
1128
302
567
816
314
567
58
662
560
816
314
568
313
10
1479
816
570
560
823
10
873
558
564
816
570
562
309
10
1385
46
565
816
570
564
819
10
873
558
568
816
570
566
817
10
1385
46
567
816
570
567
825
10
1230
816
570
569
823
10
618
558
567
816
826
561
565
10
1130
46
564
816
826
563
51
10
618
558
563
816
826
564
569
10
874
868
816
826
566
824
10
1386
814
560
816
826
568
63
920
564
816
58
560
563
10
875
302
569
816
58
562
560
10
1131
864
816
58
563
312
10
619
558
569
816
58
565
821
10
1131
46
564
816
58
567
819
10
1177
561
816
58
569
49
10
620
46
560
816
314
560
57
10
876
606
816
314
562
320
1388
302
568
816
314
564
820
10
876
814
566
816
314
566
306
10
1388
302
563
816
314
568
48
10
1234
816
314
569
311
10
616
558
562
106
561
318
1128
814
567
106
563
306
10
616
302
562
106
565
48
10
872
614
106
566
567
10
1384
558
563
106
568
53
10
1686
567
362
560
50
10
873
46
568
362
561
313
10
1129
607
362
563
566
10
617
302
560
362
565
307
10
1129
558
560
362
567
48
10
1385
615
362
568
567
10
1175
564
618
560
563
10
874
302
569
618
562
816
10
1130
864
618
563
567
10
618
302
569
618
565
564
10
1130
558
565
618
567
314
1386
863
618
568
55
10
1176
566
874
560
819
10
875
558
561
874
562
49
10
1131
863
874
563
567
10
619
302
563
874
565
61
1131
558
563
874
567
560
10
1387
614
874
568
311
10
1177
562
106
560
51
10
620
814
560
106
561
305
10
876
814
567
106
561
569
10
1132
302
566
106
563
63
620
814
569
106
565
50
10
1132
46
561
106
566
568
10
1388
558
564
106
568
820
10
1434
564
362
560
560
10
621
614
362
561
320
1133
302
561
362
563
819
10
621
302
565
362
564
323
877
607
362
566
566
10
1389
46
567
362
568
51
10
1179
563
362
569
67
617
607
362
561
566
10
1129
302
560
362
563
51
10
617
558
560
362
565
816
10
873
865
362
566
56
10
1385
558
565
362
568
53
10
1687
565
618
560
50
10
874
46
564
618
561
322
1130
814
563
618
563
821
10
618
814
567
618
565
306
10
1130
46
565
618
566
66
1386
302
565
618
567
567
10
920
566
618
569
61
1739
874
561
560
10
875
614
874
562
565
10
1387
302
564
874
564
52
10
875
558
567
874
566
305
10
1131
868
874
567
54
10
1177
560
874
569
308
10
620
814
560
1130
561
305
10
1132
46
560
1130
562
824
10
1388
814
562
1130
564
63
876
46
560
1130
565
568
10
1132
558
565
1130
567
305
10
1388
867
1130
568
63
1434
564
362
560
820
10
877
558
563
362
562
49
10
1133
871
362
563
568
10
621
558
567
362
565
565
10
1133
814
566
362
567
315
667
562
362
568
824
10
1179
569
362
569
55
10
622
302
564
618
561
563
10
1134
558
562
618
563
560
10
1390
863
618
564
311
10
878
302
568
618
566
308
10
1390
558
565
618
567
312
10
1692
568
49
58
560
308
266
608
46
567
49
58
564
820
266
608
864
49
58
565
564
266
864
814
566
49
58
566
822
266
1376
46
560
49
58
567
318
1422
561
49
58
569
817
266
1166
560
49
314
560
304
266
609
609
49
314
561
310
266
1121
302
566
49
314
563
306
266
865
814
568
49
314
566
54
266
1377
814
568
49
314
569
314
1167
560
49
570
560
318
1122
302
568
49
570
563
562
266
1378
302
566
49
570
564
310
266
866
302
561
49
570
565
310
266
866
868
49
570
566
819
266
1122
870
49
570
567
575
1424
564
49
570
569
564
266
611
302
563
49
826
560
566
266
611
865
49
826
561
321
1123
302
564
49
826
563
51
266
611
46
565
49
826
564
312
266
867
46
566
49
826
565
565
266
1123
814
560
49
826
567
560
266
1379
606
49
826
568
309
266
1681
560
49
58
560
48
266
612
606
49
58
561
565
266
1124
814
563
49
58
563
49
266
1380
614
49
58
564
566
266
868
46
564
49
58
566
818
266
1380
46
563
49
58
567
56
266
1170
565
49
58
569
564
266
613
558
567
49
314
561
314
869
862
49
314
562
567
266
1381
302
563
49
314
564
51
266
869
302
565
49
314
565
569
266
1125
814
568
49
314
567
575
1427
569
49
314
569
571
1739
305
58
560
50
266
609
606
305
58
561
51
266
1121
814
562
305
58
562
569
266
609
606
305
58
565
310
266
865
865
305
58
566
564
266
1377
558
564
305
58
568
304
266
1221
305
58
569
320
610
302
565
305
314
560
318
866
558
566
305
314
561
824
266
1122
302
562
305
314
562
318
1122
814
567
305
314
563
305
266
1378
814
564
305
314
564
565
266
866
814
565
305
314
566
817
266
1122
863
305
314
567
577
1168
560
305
314
569
564
266
611
558
562
305
570
560
569
266
867
867
305
570
562
577
1379
46
561
305
570
564
52
266
867
558
567
305
570
566
49
266
1123
868
305
570
567
312
266
1169
566
305
570
569
309
266
612
814
566
305
826
561
306
266
1124
46
566
305
826
562
57
266
1380
814
565
305
826
564
319
868
46
566
305
826
566
819
266
1380
302
568
305
826
568
48
266
1222
305
826
569
566
266
613
46
568
305
58
561
316
1125
46
568
305
58
562
322
1381
558
567
305
58
564
564
266
869
558
565
305
58
566
816
266
1125
608
305
58
567
310
266
659
560
305
58
569
571
1738
305
314
560
311
266
870
302
564
305
314
562
819
266
1382
302
562
305
314
563
313
266
614
814
561
305
314
565
53
266
1126
558
569
305
314
567
49
266
1382
862
305
314
568
311
266
1172
562
561
58
560
563
266
866
302
563
561
58
561
569
266
1122
814
562
561
58
563
565
266
610
814
561
561
58
565
49
266
866
862
561
58
566
576
1378
46
567
561
58
568
305
266
912
564
561
58
569
56
266
611
558
564
561
314
561
52
266
1123
558
564
561
314
563
48
266
1379
611
561
314
564
310
266
867
46
564
561
314
566
818
266
1379
46
562
561
314
567
312
266
1169
560
561
314
569
573
612
302
568
561
570
560
569
266
868
814
566
561
570
562
565
266
1380
814
565
561
570
564
49
266
612
864
561
570
565
311
266
1124
46
568
561
570
567
562
266
658
563
561
570
568
56
266
1170
566
561
826
560
563
266
869
46
567
561
826
561
568
266
1125
302
568
561
826
563
563
266
613
46
567
561
826
564
312
266
869
302
565
561
826
566
305
266
1125
814
568
561
826
567
319
1427
561
561
826
568
825
266
1683
569
561
58
560
565
266
870
558
567
561
58
562
304
266
1126
814
566
561
58
563
53
266
614
558
565
561
58
564
579
870
814
564
561
58
566
574
1382
558
563
561
58
567
323
1428
562
561
58
569
564
266
615
558
560
561
314
560
57
266
871
558
568
561
314
562
820
266
1383
302
567
561
314
563
57
266
615
558
564
561
314
565
573
1127
302
563
561
314
566
824
266
1383
558
561
561
314
568
307
266
917
568
561
314
569
568
266
611
302
565
817
58
561
316
1123
46
562
817
58
562
567
266
1379
302
560
817
58
564
562
266
867
46
560
817
58
565
567
266
1123
302
561
817
58
567
562
266
657
563
817
58
568
577
1169
564
817
314
560
307
266
868
46
567
817
314
561
824
266
1124
558
560
817
314
563
563
266
612
302
562
817
314
564
322
868
558
562
817
314
566
317
1380
302
564
817
314
567
322
1170
563
817
314
569
317
613
302
563
817
570
560
322
869
558
564
817
570
562
573
1381
302
564
817
570
563
57
266
613
558
565
817
570
565
52
266
1125
302
566
817
570
566
57
266
1381
558
564
817
570
568
573
1171
564
817
570
569
322
614
558
562
817
826
561
563
266
1126
302
560
817
826
562
56
266
1382
302
568
817
826
564
51
266
870
302
560
817
826
565
322
1126
558
567
817
826
567
564
266
1172
565
817
826
569
304
266
1480
817
58
560
566
266
871
46
562
817
58
562
50
266
1127
870
817
58
563
823
266
615
302
566
817
58
565
51
266
1127
302
563
817
58
566
313
266
1383
814
560
817
58
568
574
1429
567
817
314
560
816
266
616
614
817
314
561
320
1128
46
567
817
314
563
562
266
616
46
566
817
314
564
568
266
872
558
564
817
314
566
820
266
1384
558
562
817
314
568
48
266
1430
568
817
314
569
309
266
612
814
561
49
58
561
816
266
868
609
49
58
562
821
266
1380
558
563
49
58
564
49
266
612
611
49
58
565
319
1124
302
565
49
58
567
560
266
1380
608
49
58
568
821
266
1682
562
49
314
560
570
613
611
49
314
561
310
266
1125
814
568
49
314
563
817
266
1381
862
49
314
564
822
266
869
46
564
49
314
566
562
266
1125
871
49
314
567
823
266
915
565
49
314
569
819
266
614
302
561
49
570
560
322
870
558
567
49
570
562
52
266
1382
558
563
49
570
564
560
266
614
607
49
570
565
54
266
1126
46
560
49
570
567
315
1382
870
49
570
568
567
266
1172
566
49
826
560
51
266
871
302
561
49
826
561
578
1127
558
566
49
826
563
820
266
615
558
560
49
826
564
825
266
871
814
564
49
826
566
53
266
1383
558
567
49
826
568
816
266
1221
49
826
569
821
266
616
814
564
49
58
561
817
266
872
862
49
58
562
822
266
1384
46
564
49
58
564
306
266
616
870
49
58
565
311
266
1128
302
561
49
58
567
818
266
662
564
49
58
568
56
266
1174
566
49
314
560
819
266
873
302
560
49
314
561
824
266
1129
558
564
49
314
563
52
266
617
558
562
49
314
565
48
266
873
814
568
49
314
566
565
266
1385
814
566
49
314
568
315
919
560
49
314
569
568
266
613
558
564
305
58
561
308
266
1125
558
566
305
58
563
816
266
1381
614
305
58
564
55
266
869
302
563
305
58
566
307
266
1381
558
560
305
58
568
816
266
1477
305
58
569
567
266
614
558
561
305
314
561
308
266
1126
558
569
305
314
563
561
266
1382
869
305
314
564
312
266
870
558
564
305
314
566
318
1382
814
561
305
314
568
305
266
1484
305
314
569
568
266
615
558
563
305
570
561
52
266
1127
558
565
305
570
563
304
266
1383
611
305
570
564
54
266
871
46
563
305
570
566
306
266
1127
871
305
570
567
321
917
565
305
570
569
51
266
616
302
562
305
826
560
825
266
872
814
565
305
826
562
563
266
1384
814
568
305
826
564
306
266
872
46
565
305
826
565
578
1128
814
562
305
826
567
565
266
662
560
305
826
569
50
266
617
46
568
305
58
560
51
266
617
864
305
58
561
311
266
1129
302
569
305
58
563
820
266
1385
558
564
305
58
564
562
266
873
46
569
305
58
565
825
266
1129
814
566
305
58
567
307
266
1385
558
560
305
58
568
564
266
1431
566
305
314
560
49
266
618
866
305
314
561
567
266
1130
302
568
305
314
563
52
266
1386
814
561
305
314
564
50
266
874
46
568
305
314
565
57
266
1130
814
560
305
314
567
565
266
1432
562
305
314
569
561
266
1738
561
58
560
823
266
870
302
565
561
58
562
819
266
1382
302
569
561
58
564
48
266
614
607
561
58
565
822
266
1126
46
564
561
58
567
562
266
660
566
561
58
568
824
266
1428
568
561
314
560
318
871
558
568
561
314
562
314
1127
613
561
314
563
566
266
615
46
566
561
314
565
306
266
1127
46
564
561
314
566
568
266
1383
558
562
561
314
568
52
266
1173
569
561
314
569
323
616
814
567
561
570
561
565
266
1128
814
566
561
570
563
561
266
1384
870
561
570
564
577
872
558
560
561
570
566
564
266
1384
558
563
561
570
568
304
266
1228
561
570
569
320
617
302
561
561
826
561
563
266
873
863
561
826
562
561
266
1129
864
561
826
563
567
266
617
302
560
561
826
565
572
1129
46
568
561
826
566
568
266
1385
558
566
561
826
568
52
266
1431
563
561
58
560
560
266
618
608
561
58
561
566
266
1130
46
563
561
58
563
306
266
618
46
569
561
58
564
57
266
874
814
567
561
58
566
54
266
1386
46
564
561
58
568
316
1176
562
561
58
569
313
266
619
814
568
561
314
561
54
266
1131
46
564
561
314
563
562
266
619
46
568
561
314
564
322
875
558
568
561
314
566
318
1387
558
567
561
314
568
560
266
1230
561
314
569
566
266
615
46
565
817
58
561
50
266
1127
46
565
817
58
562
56
266
1383
558
563
817
58
564
51
266
871
558
560
817
58
565
323
1127
814
566
817
58
567
52
266
1429
561
817
58
569
570
1482
817
314
560
53
266
872
814
568
817
314
562
305
266
1128
865
817
314
563
576
616
46
566
817
314
565
50
266
1128
46
562
817
314
566
56
266
1384
302
569
817
314
568
563
266
1174
565
817
314
569
825
266
617
814
560
817
570
561
318
1129
558
565
817
570
563
304
266
1385
814
568
817
570
564
309
266
873
814
562
817
570
566
570
1129
612
817
570
567
54
266
663
561
817
570
569
571
1742
817
826
560
55
266
874
302
563
817
826
562
563
266
1386
302
561
817
826
563
57
266
618
558
568
817
826
565
820
266
1130
558
566
817
826
567
304
266
1386
610
817
826
568
54
266
920
564
817
58
560
50
266
875
46
564
817
58
561
56
266
1131
558
563
817
58
562
322
1387
46
562
817
58
564
306
266
875
46
561
817
58
565
56
266
1131
302
568
817
58
567
563
266
921
564
817
58
568
313
266
1433
567
817
314
560
52
266
876
302
569
817
314
561
313
266
1132
814
561
817
314
563
820
266
620
558
562
817
314
564
825
266
876
814
562
817
314
566
820
266
1388
558
562
817
314
567
323
1434
563
817
314
569
318
616
558
564
107
561
48
266
872
814
567
107
562
565
266
1384
558
568
107
564
816
266
616
606
107
565
565
266
1128
814
561
107
567
560
266
1384
608
107
568
319
1686
563
363
560
314
617
609
363
561
319
1129
814
562
363
563
816
266
1385
608
363
564
565
266
873
814
561
363
566
560
266
1129
607
363
567
565
266
1431
561
363
569
560
266
1480
619
560
565
266
874
814
563
619
562
49
266
1130
613
619
563
54
266
618
46
560
619
565
315
874
867
619
566
823
266
1386
302
561
619
568
316
920
565
619
569
568
266
619
302
568
875
561
563
266
1131
302
564
875
562
57
266
1387
558
566
875
564
308
266
875
302
566
875
565
313
266
1131
558
565
875
567
573
921
563
875
568
322
1433
561
107
560
563
266
876
302
560
107
561
312
266
1132
302
569
107
563
51
266
620
302
560
107
564
56
266
876
558
560
107
566
819
266
1388
302
563
107
567
313
266
1178
568
107
569
564
266
621
558
564
363
561
560
266
877
607
363
562
54
266
1389
558
566
363
563
576
621
302
568
363
564
323
877
814
567
363
566
319
1389
814
569
363
568
50
266
923
560
363
569
56
266
617
558
560
363
561
52
266
1129
558
562
363
563
816
266
1385
610
363
564
310
266
873
46
566
363
566
306
266
1385
46
566
363
567
568
266
1175
568
363
569
317
618
558
568
619
561
570
874
862
619
562
311
266
1386
302
562
619
564
51
266
874
46
568
619
565
824
266
1130
558
564
619
567
564
266
1176
560
619
568
825
266
1688
564
875
560
565
266
875
814
560
875
562
314
1131
612
875
563
822
266
619
46
567
875
565
818
266
1131
46
567
875
566
568
266
1387
558
565
875
568
564
266
1433
567
1131
560
49
266
620
866
1131
561
823
266
1132
302
569
1131
563
564
266
620
558
564
1131
565
314
876
862
1131
566
823
266
1388
302
566
1131
568
572
1230
1131
569
52
266
1133
46
562
363
563
57
266
621
558
569
363
566
316
1133
608
363
567
53
266
923
567
363
568
56
266
1691
563
363
569
824
266
622
612
619
561
820
266
878
558
563
619
562
51
266
1390
302
564
619
563
309
266
878
46
563
619
566
561
266
1134
866
619
567
320
668
564
619
569
50
266
1747
50
58
560
311
522
864
302
563
50
58
562
307
522
1376
46
569
50
58
563
834
608
558
568
50
58
565
820
522
1120
558
567
50
58
567
560
522
1376
612
50
58
568
566
522
910
565
50
314
560
562
522
865
46
566
50
314
561
568
522
1121
558
566
50
314
563
564
522
609
558
567
50
314
565
305
522
865
864
50
314
566
55
522
1377
302
564
50
314
568
307
522
1167
567
50
314
569
578
610
46
564
50
570
561
573
1122
558
566
50
570
563
575
610
814
565
50
570
565
561
522
866
615
50
570
566
54
522
1378
46
560
50
570
568
561
522
1473
50
570
569
566
522
611
46
561
50
826
561
561
522
867
862
50
826
562
310
522
1379
814
568
50
826
564
817
522
611
614
50
826
565
566
522
1123
814
566
50
826
567
305
522
1379
612
50
826
568
310
522
1681
567
50
58
560
817
522
612
614
50
58
561
54
522
1124
46
560
50
58
563
561
522
1380
867
50
58
564
311
522
868
46
569
50
58
566
572
1380
46
565
50
58
567
56
522
1170
564
50
58
569
820
522
613
558
564
50
314
561
304
522
869
612
50
314
562
822
522
1381
302
562
50
314
564
563
522
869
558
560
50
314
566
48
522
1125
613
50
314
567
311
522
915
565
50
314
569
819
522
609
558
560
306
58
561
560
522
865
611
306
58
562
576
1377
302
560
306
58
564
51
522
865
302
564
306
58
565
569
522
1121
814
567
306
58
567
821
522
1423
566
306
58
569
561
522
1733
306
314
560
311
522
866
302
566
306
314
562
51
522
1378
302
564
306
314
563
825
522
610
814
561
306
314
565
53
522
1122
558
568
306
314
567
570
1378
613
306
314
568
310
522
912
564
306
570
560
562
522
867
46
560
306
570
561
823
522
1123
302
564
306
570
563
563
522
611
46
568
306
570
564
312
522
867
558
561
306
570
566
573
1379
302
564
306
570
567
834
1169
566
306
570
569
564
522
612
302
569
306
826
560
569
522
868
814
565
306
826
562
821
522
1380
814
562
306
826
564
561
522
612
862
306
826
565
311
522
1124
302
562
306
826
567
51
522
914
566
306
826
569
48
522
1477
306
58
560
310
522
869
302
562
306
58
562
829
1381
558
564
306
58
564
570
613
866
306
58
565
833
1125
558
565
306
58
567
820
522
1427
564
306
58
569
571
614
46
562
306
314
560
56
522
870
558
566
306
314
562
53
522
1382
814
562
306
314
564
49
522
614
865
306
314
565
567
522
1126
302
560
306
314
567
51
522
660
568
306
314
568
824
522
1428
566
562
58
560
52
522
866
558
562
562
58
562
48
522
1122
814
569
562
58
563
575
610
814
565
562
58
565
49
522
866
864
562
58
566
311
522
1378
46
569
562
58
568
818
522
912
566
562
58
569
56
522
611
46
562
562
314
561
563
522
1123
302
565
562
314
562
57
522
1379
814
561
562
314
564
574
867
558
565
562
314
566
560
522
1123
814
568
562
314
567
53
522
1169
569
562
314
569
304
522
1474
562
570
560
821
522
868
814
563
562
570
562
570
1124
814
564
562
570
562
312
522
1380
558
561
562
570
564
819
522
868
302
562
562
570
565
578
1124
558
563
562
570
567
573
914
562
562
570
568
824
522
1426
562
562
826
560
563
522
869
302
561
562
826
561
312
522
1125
558
560
562
826
562
575
1381
46
568
562
826
563
563
522
613
46
566
562
826
564
56
522
869
302
564
562
826
565
834
1125
558
569
562
826
567
48
522
1381
814
569
562
826
568
309
522
1683
560
562
58
560
560
522
614
608
562
58
561
565
522
1126
814
562
562
58
563
570
1382
609
562
58
564
821
522
870
814
562
562
58
565
565
522
1126
46
567
562
58
566
312
522
1382
302
566
562
58
568
307
522
916
565
562
58
569
56
522
615
302
564
562
314
561
572
1127
46
562
562
314
562
823
522
1383
302
561
562
314
564
562
522
871
46
561
562
314
565
311
522
1127
302
561
562
314
567
562
522
661
562
562
314
568
823
522
1173
562
818
58
560
572
867
46
565
818
58
561
312
522
1123
302
567
818
58
563
819
522
611
46
569
818
58
564
568
522
867
558
564
818
58
566
308
522
1379
302
568
818
58
567
57
522
1425
561
818
58
569
574
612
558
565
818
314
561
560
522
868
814
568
818
314
562
565
522
1380
814
563
818
314
564
49
522
612
611
818
314
565
310
522
1124
814
568
818
314
567
49
522
1380
862
818
314
568
566
522
914
563
818
570
560
50
522
613
868
818
570
561
567
522
869
870
818
570
562
830
1381
558
565
818
570
563
57
522
613
814
569
818
570
565
565
522
869
814
566
818
570
566
563
522
1381
46
567
818
570
567
577
1171
560
818
570
569
307
522
1683
565
818
826
560
56
522
870
302
569
818
826
562
819
522
1382
46
568
818
826
563
568
522
614
302
567
818
826
565
307
522
1126
46
565
818
826
566
833
1382
302
562
818
826
568
50
522
1484
818
826
569
311
522
615
46
564
818
58
561
571
871
863
818
58
562
310
522
1383
814
568
818
58
564
561
522
615
612
818
58
565
831
1127
814
562
818
58
567
560
522
1383
558
560
818
314
562
830
1128
868
818
314
563
305
522
616
302
562
818
314
567
828
662
562
818
314
568
55
522
1430
568
50
58
561
565
522
1380
814
560
50
58
564
570
868
302
565
50
58
565
825
522
1124
302
566
50
58
567
574
1380
870
50
58
568
818
522
1482
50
58
569
55
522
613
46
568
50
314
561
818
522
869
302
566
50
314
561
579
1125
814
564
50
314
563
563
522
1381
302
562
50
314
564
50
522
613
558
569
50
314
565
560
522
869
302
565
50
314
565
56
522
1125
302
563
50
314
567
563
522
915
569
50
314
568
567
522
1484
50
314
569
823
522
614
46
569
50
570
561
307
522
1126
302
564
50
570
562
567
522
1382
558
560
50
570
564
304
522
614
302
560
50
570
565
306
522
1126
46
568
50
570
566
824
522
1382
558
566
50
570
568
52
522
1428
563
50
826
560
304
522
1127
814
567
50
826
562
569
522
1383
558
560
50
826
563
835
615
814
566
50
826
565
816
522
871
606
50
826
566
579
1429
564
50
826
568
310
522
917
568
50
58
560
818
522
872
46
566
50
58
561
824
522
1128
558
560
50
58
563
573
616
302
566
50
58
564
57
522
872
814
562
50
58
566
53
522
1384
558
568
50
58
568
304
522
1226
50
58
569
566
522
617
46
561
50
314
561
50
522
1129
46
560
50
314
562
833
1385
302
568
50
314
564
573
873
302
568
50
314
566
48
522
1129
608
50
314
567
566
522
663
562
50
314
569
818
522
613
46
563
306
58
560
824
522
869
46
562
306
58
562
564
522
1381
558
561
306
58
564
48
522
613
814
569
306
58
565
310
522
1125
46
565
306
58
567
306
522
659
566
306
58
568
824
522
1427
568
306
314
560
820
522
870
558
564
306
314
562
560
522
1126
862
306
314
563
576
614
46
566
306
314
565
562
522
1126
46
566
306
314
566
578
1382
558
569
306
314
568
53
522
1684
560
306
570
560
305
522
615
867
306
570
561
55
522
1127
302
566
306
570
563
820
522
615
558
564
306
570
565
48
522
871
612
306
570
566
567
522
1383
302
561
306
570
568
563
522
1173
561
306
570
569
57
522
616
814
560
306
826
561
53
522
1128
558
569
306
826
563
570
1384
612
306
826
564
576
872
46
568
306
826
566
562
522
1384
46
565
306
826
567
824
522
1174
561
306
826
569
308
522
617
558
563
306
58
561
816
522
873
611
306
58
562
576
1385
302
562
306
58
564
819
522
617
558
565
306
58
565
571
873
607
306
58
566
565
522
1385
302
560
306
58
567
55
522
919
562
306
58
569
563
522
618
302
569
306
314
561
304
522
874
609
306
314
562
822
522
1386
302
561
306
314
564
52
522
874
302
568
306
314
566
560
522
1130
868
306
314
567
56
522
1176
562
306
314
569
53
522
614
814
567
562
58
561
50
522
1126
46
568
562
58
562
825
522
1382
814
566
562
58
564
831
870
46
562
562
58
566
306
522
1382
46
568
562
58
567
313
522
1428
563
562
58
569
821
522
615
814
566
562
314
561
50
522
1127
46
562
562
314
562
56
522
1383
558
566
562
314
563
57
522
615
46
568
562
314
565
51
522
1127
302
560
562
314
566
313
522
1383
814
560
562
314
568
53
522
1685
563
562
570
560
561
522
616
870
562
570
561
53
522
872
814
568
562
570
562
831
1384
46
560
562
570
564
306
522
872
46
562
562
570
565
568
522
1128
558
562
562
570
567
564
522
1174
560
562
570
569
48
522
1479
562
826
560
310
522
873
46
565
562
826
561
52
522
1129
302
569
562
826
563
48
522
1385
613
562
826
564
55
522
873
302
560
562
826
566
573
1385
558
562
562
826
567
820
522
1479
562
826
569
311
522
618
558
560
562
58
561
308
522
1130
814
561
562
58
563
571
1386
46
565
562
58
563
824
522
618
558
566
562
58
565
53
522
874
814
565
562
58
566
307
522
1130
558
560
562
58
567
564
522
1432
563
562
58
569
50
522
619
46
567
562
314
560
51
522
875
814
560
562
314
561
833
1131
558
566
562
314
563
821
522
619
46
560
562
314
565
562
522
875
558
561
562
314
566
816
522
1131
871
562
314
567
568
522
1433
562
562
314
569
54
522
615
46
567
818
58
561
48
522
1127
558
561
818
58
563
816
522
1383
865
818
58
564
56
522
871
558
566
818
58
566
821
522
1383
46
560
818
58
568
818
522
1173
562
818
314
560
48
522
616
611
818
314
561
55
522
1128
302
566
818
314
563
308
522
616
302
561
818
314
564
56
522
872
302
563
818
314
565
564
522
872
814
560
818
314
566
56
522
1384
558
561
818
314
568
820
522
1430
562
818
570
560
48
522
617
613
818
570
561
55
522
1129
46
563
818
570
562
835
1385
46
562
818
570
564
313
522
873
558
567
818
570
569
51
522
1482
818
826
560
