48
58
560
819
10
864
302
561
48
58
561
66
1120
558
566
48
58
563
52
10
608
558
563
48
58
565
560
10
864
814
560
48
58
566
54
10
1376
814
567
48
58
568
560
10
1222
48
58
569
54
10
609
814
564
48
314
561
561
10
865
864
48
314
562
320
1377
46
566
48
314
564
306
10
865
46
562
48
314
565
823
10
1121
302
568
48
314
567
307
10
655
569
48
314
568
568
10
1167
566
48
570
560
51
10
610
814
563
48
570
561
310
10
1122
814
568
48
570
563
816
10
1378
612
48
570
564
54
10
866
814
563
48
570
566
560
10
1122
607
48
570
567
53
10
1168
568
48
570
569
816
10
1680
568
48
826
560
821
10
867
302
567
48
826
562
48
10
1123
814
568
48
826
563
50
10
1379
302
565
48
826
564
562
10
867
46
560
48
826
565
566
10
1123
46
567
48
826
567
50
10
1379
866
48
826
568
566
10
1681
569
48
58
560
305
10
612
608
48
58
561
821
10
1124
558
564
48
58
562
825
10
1380
558
563
48
58
564
563
10
868
46
560
48
58
565
822
10
1124
814
566
48
58
567
48
10
1380
814
562
48
58
568
48
10
1218
48
58
569
566
10
613
814
564
48
314
561
816
10
869
814
560
48
314
562
52
10
1381
46
568
48
314
563
311
10
613
46
566
48
314
565
817
10
869
606
48
314
566
318
1381
558
561
48
314
567
825
10
1171
564
48
314
569
307
10
609
46
565
304
58
560
567
10
865
46
567
304
58
562
817
10
1121
614
304
58
563
564
10
609
558
564
304
58
564
564
10
609
871
304
58
565
53
10
1121
46
560
304
58
566
56
10
1377
814
565
304
58
567
320
911
562
304
58
568
307
10
1219
304
58
569
817
10
1480
304
314
560
821
10
866
302
569
304
314
561
824
10
1122
558
564
304
314
563
51
10
610
46
562
304
314
564
822
10
866
46
569
304
314
567
564
10
1378
814
562
304
314
568
567
10
912
567
304
314
569
562
10
867
609
304
570
562
322
1379
558
560
304
570
564
51
10
867
46
560
304
570
565
55
10
1123
46
560
304
570
567
58
1379
814
568
304
570
568
820
10
1169
566
304
570
569
56
10
612
302
562
304
826
561
315
868
613
304
826
562
53
10
1380
558
562
304
826
563
66
612
302
565
304
826
565
818
10
868
863
304
826
566
63
1380
558
565
304
826
567
57
10
1170
564
304
826
569
307
10
1170
567
304
58
560
310
10
869
302
566
304
58
562
818
10
1125
558
565
304
58
563
565
10
613
558
566
304
58
564
569
10
869
558
565
304
58
566
819
10
1381
46
560
304
58
567
64
1427
565
304
58
569
560
10
1427
568
304
314
560
51
10
614
814
566
304
314
561
63
1126
558
564
304
314
562
57
10
1382
302
565
304
314
564
315
614
610
304
314
565
318
1126
302
565
304
314
566
56
10
1382
46
565
304
314
568
49
10
1428
565
304
314
569
563
10
1732
560
58
560
65
866
46
560
560
58
561
56
10
1122
558
560
560
58
562
62
1378
302
569
560
58
563
565
10
610
558
560
560
58
564
821
10
610
612
560
58
565
51
10
1122
302
569
560
58
566
55
10
1378
302
562
560
58
568
50
10
912
562
560
58
568
66
912
569
560
314
560
562
10
611
869
560
314
561
317
1123
814
560
560
314
562
56
10
1379
814
560
560
314
564
560
10
611
46
561
560
314
565
49
10
867
814
569
560
314
566
62
1379
302
566
560
314
567
312
10
913
562
560
314
569
50
10
1479
560
570
560
565
10
868
302
567
560
570
561
824
10
1124
46
569
560
570
563
561
10
1380
608
560
570
564
62
868
302
563
560
570
565
823
10
1124
46
562
560
570
567
560
10
1380
558
569
560
570
568
563
10
1478
560
570
569
63
613
46
562
560
826
560
568
10
1125
606
560
826
563
309
10
613
558
560
560
826
564
568
10
869
558
565
560
826
566
818
10
1381
302
560
560
826
567
55
10
915
561
560
826
569
315
1683
563
560
58
560
562
10
870
46
568
560
58
561
823
10
1126
814
566
560
58
562
67
1382
558
561
560
58
564
562
10
614
610
560
58
565
308
10
1126
46
567
560
58
566
320
1382
46
560
560
58
567
563
10
1382
867
560
58
568
54
10
1428
564
560
58
569
322
615
302
566
560
314
561
306
10
871
558
560
560
314
562
308
10
1383
302
560
560
314
563
308
10
615
302
567
560
314
565
54
10
1127
558
563
560
314
566
53
10
1127
865
560
314
567
566
10
661
568
560
314
569
60
611
46
567
816
58
560
66
867
302
565
816
58
561
825
10
1123
46
564
816
58
563
315
1379
863
816
58
564
307
10
867
558
567
816
58
565
569
10
1123
558
565
816
58
567
563
10
657
560
816
58
568
822
10
1681
564
816
314
560
304
10
612
814
560
816
314
561
563
10
1124
302
560
816
314
562
321
1380
46
568
816
314
564
561
10
612
610
816
314
565
565
10
1124
302
569
816
314
566
312
10
1380
302
560
816
314
568
49
10
1220
816
314
569
58
914
569
816
570
560
561
10
613
610
816
570
561
52
10
1125
558
562
816
570
562
57
10
1381
814
562
816
570
564
52
10
613
870
816
570
565
568
10
1125
302
563
816
570
567
315
1381
864
816
570
568
563
10
1171
562
816
570
569
563
10
614
46
560
816
826
560
64
870
814
567
816
826
561
568
10
1126
814
563
816
826
563
561
10
1382
46
560
816
826
564
48
10
614
814
565
816
826
565
564
10
1126
46
569
816
826
566
311
10
1382
46
561
816
826
568
560
10
1428
562
816
826
569
819
10
615
46
562
816
58
560
566
10
871
302
565
816
58
561
54
10
1127
558
562
816
58
563
316
1383
814
566
816
58
564
564
10
615
814
560
816
58
564
825
10
871
46
560
816
58
566
49
10
1127
608
816
58
567
308
10
1173
566
816
58
569
48
10
1685
565
816
314
560
565
10
872
558
568
816
314
561
566
10
1128
814
564
816
314
563
308
10
616
302
561
816
314
564
824
10
872
302
561
816
314
566
59
1128
610
816
314
567
52
10
918
566
816
314
568
824
10
918
568
48
58
560
49
10
612
814
568
48
58
561
52
10
1124
302
560
48
58
562
55
10
1380
814
568
48
58
564
816
10
612
558
568
48
58
565
307
10
868
862
48
58
566
320
1380
867
48
58
568
312
10
1170
568
48
314
560
563
10
869
46
565
48
314
561
65
1125
302
561
48
314
563
562
10
1381
871
48
314
564
311
10
869
46
563
48
314
566
305
10
1125
614
48
314
567
63
1427
560
48
314
569
816
10
1683
564
48
570
560
564
10
870
302
568
48
570
561
569
10
1126
558
562
48
570
563
563
10
1382
864
48
570
564
823
10
870
46
563
48
570
565
825
10
1382
302
562
48
570
567
568
10
1684
562
48
570
569
566
10
615
862
48
826
561
565
10
1127
868
48
826
563
306
10
615
814
563
48
826
564
313
10
1127
46
562
48
826
567
314
661
564
48
826
568
567
10
1480
48
58
560
309
10
872
558
564
48
58
561
822
10
1128
46
562
48
58
563
48
10
616
46
568
48
58
564
51
10
616
302
566
48
58
566
560
10
1128
814
568
48
58
567
54
10
1430
564
48
58
569
560
10
1686
563
48
58
569
323
873
302
565
48
314
561
66
1129
302
569
48
314
563
307
10
617
814
568
48
314
565
316
873
611
48
314
568
59
1225
48
314
569
305
10
613
558
568
304
58
560
319
613
612
304
58
561
565
10
1125
814
566
304
58
563
561
10
1381
610
304
58
564
564
10
613
866
304
58
565
60
869
871
304
58
567
316
1381
614
304
58
568
64
1683
566
304
58
569
821
10
614
46
562
304
314
561
819
10
1126
612
304
314
563
50
10
614
558
561
304
314
565
560
10
1126
46
566
304
314
567
48
10
916
569
304
314
568
54
10
1428
568
304
570
560
821
10
871
814
562
304
570
562
304
10
1127
814
563
304
570
562
311
10
1383
46
566
304
570
564
561
10
615
868
304
570
565
55
10
1127
46
562
304
570
567
561
10
1383
609
304
570
568
821
10
1429
562
304
826
560
63
872
558
566
304
826
561
313
10
1128
558
564
304
826
563
51
10
616
46
564
304
826
564
311
10
872
46
565
304
826
566
305
10
1128
612
304
826
567
309
10
1174
565
304
826
568
313
10
1430
564
304
58
560
51
10
873
46
564
304
58
561
311
10
1129
46
565
304
58
562
567
10
1385
558
568
304
58
565
316
873
870
304
58
566
53
10
1385
46
568
304
58
568
48
10
1484
304
314
560
321
1130
814
567
304
314
564
49
10
618
814
568
304
314
565
308
10
1130
302
565
304
314
566
56
10
1386
46
565
304
314
568
316
920
560
304
314
569
567
10
614
46
564
560
58
560
322
870
302
564
560
58
561
312
10
1126
302
566
560
58
563
306
10
1382
558
567
560
58
564
565
10
870
558
565
560
58
565
825
10
1126
558
562
560
58
567
51
10
1382
870
560
58
568
822
10
1684
567
560
58
569
313
10
615
814
566
560
314
561
52
10
1127
302
564
560
314
562
567
10
1383
302
562
560
314
564
50
10
615
615
560
314
565
62
1127
558
566
560
314
566
568
10
1383
558
566
560
314
568
316
917
562
560
314
569
55
10
616
814
569
560
570
561
816
10
872
814
564
560
570
562
564
10
1384
302
561
560
570
563
56
10
616
46
568
560
570
565
59
872
612
560
570
566
53
10
1384
558
562
560
570
567
312
10
918
569
560
570
569
60
1736
560
826
560
310
10
873
814
562
560
826
562
304
10
1129
558
568
560
826
563
307
10
617
46
562
560
826
564
311
10
873
814
567
560
826
566
48
10
1129
814
561
560
826
567
317
663
566
560
826
568
567
10
919
560
560
58
560
58
618
814
564
560
58
561
564
10
1130
46
567
560
58
562
321
1386
46
569
560
58
564
50
10
618
862
560
58
565
54
10
1130
558
566
560
58
568
563
10
920
562
560
58
569
54
10
619
869
560
314
561
307
10
1131
870
560
314
563
50
10
619
814
562
560
314
565
48
10
1131
814
564
560
314
566
56
10
1433
566
560
314
568
566
10
1689
562
816
58
560
51
10
871
814
568
816
58
562
51
10
1383
814
561
816
58
564
49
10
615
558
568
816
58
565
310
10
1127
302
568
816
58
566
569
10
1383
46
564
816
58
567
567
10
661
567
816
58
568
56
10
917
564
816
314
560
311
10
872
814
562
816
314
562
816
10
1128
814
560
816
314
563
61
616
46
566
816
314
564
311
10
872
46
569
816
314
565
52
10
1128
302
568
816
314
567
562
10
662
566
816
314
568
311
10
1174
563
816
314
569
56
10
617
814
568
816
570
560
823
10
873
558
568
816
570
561
54
10
1129
302
561
816
570
562
823
10
1385
46
565
816
570
563
824
10
617
302
563
816
570
564
53
10
873
46
565
816
570
566
561
10
1129
814
565
816
570
566
310
10
1385
46
568
816
570
568
305
10
1228
816
570
569
565
10
1486
816
826
560
818
10
618
866
816
826
561
822
10
1130
814
563
816
826
563
304
10
1386
302
566
816
826
564
51
10
874
302
566
816
826
566
53
10
1386
558
561
816
826
567
313
10
1176
561
816
826
569
304
10
1745
816
58
560
822
10
619
865
816
58
561
317
1131
46
568
816
58
562
567
10
1387
46
565
816
58
564
49
10
619
607
816
58
565
562
10
1131
302
560
816
58
566
65
1387
46
564
816
58
568
49
10
1433
568
816
58
569
564
10
620
302
564
816
314
560
568
10
876
302
562
816
314
562
58
1132
868
816
314
563
310
10
620
814
564
816
314
564
825
10
876
814
565
816
314
566
52
10
1388
302
563
816
314
567
568
10
666
564
816
314
569
306
10
1738
106
560
319
872
558
568
106
561
565
10
1384
302
566
106
564
48
10
616
558
566
106
565
819
10
872
302
565
106
566
560
10
1128
814
563
106
566
823
10
1384
46
563
106
568
49
10
1228
106
569
315
617
558
560
362
560
569
10
873
558
561
362
561
56
10
1129
814
560
362
562
311
10
1385
302
568
362
564
562
10
617
814
569
362
565
566
10
1129
814
560
362
566
57
10
1385
558
564
362
568
49
10
1487
362
569
54
10
618
46
564
618
560
307
10
618
615
618
561
54
10
874
614
618
562
60
1130
614
618
563
566
10
618
558
564
618
564
569
10
874
46
567
618
566
562
10
1130
46
564
618
566
66
1386
814
564
618
568
59
1228
618
569
314
1176
560
874
560
49
10
619
607
874
561
564
10
1131
302
561
874
562
567
10
1387
46
563
874
564
48
10
619
814
565
874
565
317
1131
46
564
874
566
54
10
1387
814
563
874
567
67
1177
562
874
569
562
10
1737
106
560
53
10
876
302
568
106
561
568
10
1388
302
562
106
563
823
10
620
46
561
106
565
560
10
876
814
561
106
566
563
10
1388
46
560
106
567
566
10
1178
563
106
569
816
10
1690
561
362
560
317
621
606
362
561
54
10
1133
814
560
362
562
825
10
1389
302
566
362
564
50
10
621
610
362
565
820
10
1133
302
561
362
566
311
10
1389
814
569
362
568
816
10
1179
564
362
569
819
10
1748
362
560
63
873
558
569
362
561
57
10
1129
558
560
362
563
50
10
1385
614
362
564
820
10
873
302
569
362
565
568
10
1129
46
562
362
567
49
10
1385
814
569
362
568
308
10
1175
561
362
569
56
10
618
46
568
618
561
817
10
874
612
618
562
53
10
1386
558
562
618
563
66
618
302
563
618
565
315
874
610
618
566
62
1386
302
565
618
567
312
10
664
563
618
569
50
10
1737
874
560
310
10
875
814
561
874
562
48
10
1131
814
560
874
563
819
10
619
46
567
874
564
567
10
875
46
564
874
566
305
10
1131
814
569
874
567
564
10
921
564
874
568
568
10
921
569
874
569
825
10
620
607
1130
561
318
1132
302
567
1130
562
55
10
1388
302
564
1130
564
817
10
620
615
1130
565
565
10
1132
558
563
1130
566
313
10
1388
302
568
1130
568
562
10
1231
1130
569
822
10
621
814
560
362
560
825
10
877
558
565
362
562
563
10
1133
871
362
563
566
10
621
814
563
362
564
569
10
877
558
568
362
566
51
10
1389
46
560
362
567
822
10
1435
563
362
569
48
10
1435
566
618
560
819
10
878
46
560
618
561
310
10
1134
814
560
618
562
825
10
1390
558
563
618
564
316
622
868
618
565
310
10
1134
558
566
618
566
569
10
1390
302
566
618
568
306
10
1232
618
569
53
266
608
558
562
49
58
560
569
266
864
558
560
49
58
562
51
266
1120
814
560
49
58
563
54
266
608
558
567
49
58
564
313
266
864
558
562
49
58
566
50
266
1120
868
49
58
567
566
266
1422
560
49
58
568
569
266
1422
562
49
314
560
316
609
864
49
314
561
310
266
1121
814
564
49
314
563
560
266
1377
814
560
49
314
564
819
266
609
869
49
314
565
823
266
1121
46
560
49
314
567
560
266
1377
814
563
49
314
568
308
266
911
567
49
314
569
567
266
610
814
568
49
570
561
816
266
866
814
563
49
570
562
307
266
1378
46
568
49
570
563
55
266
610
46
561
49
570
565
560
266
866
558
566
49
570
566
317
1378
46
562
49
570
567
822
266
1424
563
49
570
568
579
1424
565
49
826
560
51
266
611
869
49
826
561
310
266
1123
558
567
49
826
562
323
1379
558
566
49
826
564
51
266
867
46
560
49
826
565
822
266
1123
558
563
49
826
567
48
266
1379
558
566
49
826
568
307
266
1479
49
826
569
54
266
612
302
566
49
58
560
57
266
868
302
564
49
58
562
315
1124
609
49
58
563
820
266
612
302
563
49
58
564
576
868
46
566
49
58
566
305
266
1124
606
49
58
567
318
658
567
49
58
568
824
266
1170
560
49
314
560
561
266
613
609
49
314
561
53
266
1125
302
567
49
314
562
56
266
1381
302
562
49
314
564
571
613
612
49
314
565
821
266
1125
302
569
49
314
566
824
266
1381
302
563
49
314
568
315
1224
49
314
569
53
266
609
302
566
305
58
560
312
266
865
46
564
305
58
562
561
266
1121
814
567
305
58
563
564
266
609
46
567
305
58
564
567
266
865
814
567
305
58
566
560
266
1121
558
566
305
58
567
563
266
1377
868
305
58
568
566
266
1423
568
305
58
569
825
266
610
302
565
305
314
561
50
266
866
615
305
314
562
318
1378
302
568
305
314
563
824
266
610
46
560
305
314
565
305
266
866
814
565
305
314
566
573
1378
46
562
305
314
567
566
266
1168
562
305
314
568
825
266
1424
562
305
570
560
316
611
866
305
570
561
54
266
1123
558
566
305
570
562
312
266
1379
558
560
305
570
564
818
266
611
866
305
570
565
54
266
1123
558
568
305
570
566
57
266
1379
558
560
305
570
568
562
266
1475
305
570
569
319
612
558
565
305
826
560
569
266
868
302
568
305
826
562
50
266
1124
863
305
826
563
319
612
558
564
305
826
564
313
266
868
302
564
305
826
566
316
1124
867
305
826
567
566
266
1426
562
305
826
569
48
266
1426
569
305
58
560
819
266
869
46
564
305
58
561
567
266
1125
46
561
305
58
563
570
1381
814
569
305
58
564
571
869
46
567
305
58
565
567
266
1125
46
561
305
58
566
56
266
1381
558
566
305
58
568
819
266
1484
305
58
569
54
266
614
46
562
305
314
560
313
266
870
558
560
305
314
562
51
266
1126
868
305
314
563
822
266
614
814
560
305
314
564
825
266
870
558
564
305
314
566
563
266
1382
46
560
305
314
567
320
1428
566
305
314
569
304
266
1684
562
561
58
560
573
866
46
566
561
58
561
567
266
1122
814
568
561
58
563
48
266
1378
558
567
561
58
564
570
610
814
565
561
58
564
54
266
866
558
564
561
58
567
566
266
1168
568
561
58
569
51
266
1168
568
561
58
569
569
266
611
558
563
561
314
560
55
266
867
302
564
561
314
561
569
266
1123
607
561
314
563
308
266
611
302
560
561
314
564
311
266
867
46
560
561
314
566
48
266
1123
558
569
561
314
567
51
266
657
560
561
314
568
54
266
1681
560
561
314
569
313
266
612
558
560
561
570
561
306
266
868
862
561
570
562
565
266
1380
558
561
561
570
563
568
266
612
302
561
561
570
565
561
266
868
814
569
561
570
566
820
266
1380
46
564
561
570
567
55
266
1426
563
561
570
568
569
266
1426
560
561
826
560
818
266
613
611
561
826
561
52
266
1125
302
562
561
826
562
567
266
1381
46
560
561
826
563
579
613
814
562
561
826
565
51
266
1125
46
564
561
826
566
54
266
1381
814
566
561
826
567
313
266
1171
569
561
826
569
306
266
614
46
561
561
58
560
310
266
870
814
560
561
58
561
313
266
1126
558
561
561
58
563
562
266
1382
863
561
58
564
821
266
870
558
563
561
58
565
578
1126
302
565
561
58
567
49
266
1382
612
561
58
568
565
266
1172
568
561
58
569
312
266
615
302
560
561
314
561
817
266
871
610
561
314
562
820
266
1383
302
567
561
314
563
56
266
615
302
562
561
314
565
315
871
302
569
561
314
566
308
266
1383
302
561
561
314
567
567
266
661
561
561
314
569
304
266
1429
569
817
58
560
51
266
611
864
817
58
561
822
266
1123
558
568
817
58
562
825
266
1379
302
568
817
58
563
579
611
558
562
817
58
565
52
266
1123
46
568
817
58
566
567
266
1379
814
567
817
58
568
48
266
1169
565
817
58
569
51
266
1681
560
817
314
560
821
266
868
302
569
817
314
561
56
266
1124
46
562
817
314
563
315
1380
611
817
314
564
821
266
868
558
564
817
314
565
569
266
1124
302
564
817
314
567
573
914
561
817
314
568
312
266
1170
560
817
570
560
571
613
614
817
570
561
53
266
1125
558
562
817
570
562
322
1381
302
564
817
570
564
50
266
613
612
817
570
565
821
266
1125
302
569
817
570
566
568
266
1381
302
564
817
570
567
825
266
1427
569
817
570
569
308
266
614
302
561
817
826
560
567
266
870
46
561
817
826
562
816
266
1126
814
564
817
826
563
573
614
46
564
817
826
564
55
266
870
814
565
817
826
566
48
266
1126
814
569
817
826
567
306
266
1382
865
817
826
568
310
266
1428
560
817
826
569
323
615
558
567
817
58
561
51
266
1127
46
561
817
58
562
320
1383
814
566
817
58
564
304
266
615
558
566
817
58
565
52
266
1127
302
563
817
58
566
567
266
1383
302
562
817
58
568
50
266
1225
817
58
569
53
266
616
814
560
817
314
560
322
872
558
566
817
314
562
51
266
1384
46
561
817
314
563
320
616
814
565
817
314
565
560
266
872
814
561
817
314
566
52
266
1384
46
568
817
314
567
567
266
662
566
817
314
569
49
266
1480
49
58
560
53
266
868
302
569
49
58
561
568
266
1124
302
563
49
58
563
306
266
1380
615
49
58
564
821
266
868
558
564
49
58
565
313
266
1124
302
568
49
58
567
306
266
1380
863
49
58
568
575
1426
566
49
58
569
57
266
613
558
562
49
314
561
51
266
869
868
49
314
562
822
266
1381
814
560
49
314
563
825
266
613
558
563
49
314
565
572
869
867
49
314
566
310
266
1381
558
566
49
314
567
825
266
915
569
49
314
569
50
266
1731
49
570
560
565
266
870
558
561
49
570
561
824
266
1126
46
568
49
570
563
315
1382
609
49
570
564
318
870
302
564
49
570
565
56
266
1126
46
565
49
570
566
824
266
1382
814
568
49
570
568
574
1172
568
49
570
569
312
266
615
302
562
49
826
561
314
871
612
49
826
562
820
266
1383
302
567
49
826
563
568
266
615
46
561
49
826
565
49
266
871
814
569
49
826
566
564
266
1127
607
49
826
567
566
266
1429
561
49
826
568
569
266
1429
561
49
58
560
562
266
616
862
49
58
561
309
266
1128
558
561
49
58
562
568
266
1384
302
561
49
58
564
305
266
616
606
49
58
565
52
266
1128
46
569
49
58
566
318
1384
814
560
49
58
567
57
266
918
567
49
58
568
569
266
1686
568
49
314
560
308
266
873
46
565
49
314
561
576
1129
814
562
49
314
562
567
266
1385
302
565
49
314
564
571
617
610
49
314
565
573
1129
302
562
49
314
566
55
266
1385
46
562
49
314
568
560
266
1431
560
49
314
569
563
266
613
46
561
305
58
560
320
869
814
564
305
58
561
579
1125
558
565
305
58
563
51
266
1381
868
305
58
564
310
266
869
558
566
305
58
565
569
266
1125
302
566
305
58
567
306
266
1381
613
305
58
568
821
266
1171
569
305
58
569
312
266
614
302
561
305
314
561
817
266
870
607
305
314
562
564
266
1382
302
562
305
314
563
567
266
614
46
562
305
314
565
314
870
814
562
305
314
566
317
1382
46
562
305
314
567
566
266
1172
566
305
314
568
824
266
1172
569
305
570
560
50
266
615
614
305
570
561
821
266
1127
302
569
305
570
562
56
266
1383
46
569
305
570
564
305
266
615
606
305
570
565
52
266
1127
46
568
305
570
566
309
266
1383
814
562
305
570
567
569
266
917
569
305
570
569
562
266
1481
305
826
560
820
266
872
302
560
305
826
561
55
266
1128
814
568
305
826
562
57
266
1384
814
560
305
826
564
563
266
872
46
562
305
826
566
563
266
1128
814
566
305
826
567
574
1174
567
305
826
568
821
266
918
569
305
58
560
306
266
1129
46
568
305
58
564
314
873
814
566
305
58
565
569
266
1129
558
568
305
58
567
819
266
1431
563
305
58
568
56
266
1431
569
305
58
569
567
266
618
558
562
305
314
561
562
266
874
863
305
314
562
319
1386
558
564
305
314
563
578
618
302
564
305
314
565
561
266
874
558
563
305
314
566
49
266
1130
46
566
305
314
567
570
1386
814
561
305
314
568
570
1233
305
314
569
53
266
614
302
562
561
58
560
576
870
814
564
561
58
561
825
266
1126
302
568
561
58
563
562
266
1382
814
563
561
58
564
575
870
558
562
561
58
566
48
266
1126
558
560
561
58
567
820
266
660
565
561
58
568
566
266
1172
560
561
314
560
818
266
615
869
561
314
561
310
266
1127
814
564
561
314
563
560
266
1383
558
560
561
314
564
307
266
615
558
564
561
314
565
304
266
871
558
566
561
314
566
316
1127
302
568
561
314
567
319
1173
568
561
314
568
309
266
1479
561
314
569
575
616
558
566
561
570
560
569
266
872
302
569
561
570
562
315
1128
608
561
570
563
560
266
1384
558
561
561
570
564
572
616
868
561
570
565
822
266
1128
814
560
561
570
566
323
1384
302
568
561
570
568
563
266
1486
561
570
569
310
266
617
558
569
561
826
560
323
873
302
567
561
826
562
563
266
1385
46
560
561
826
563
822
266
617
814
565
561
826
564
579
873
558
568
561
826
566
307
266
1385
46
560
561
826
567
320
1385
613
561
826
568
307
266
919
564
561
826
569
823
266
618
302
564
561
58
560
308
266
874
46
562
561
58
561
56
266
1130
46
568
561
58
563
817
266
1386
610
561
58
564
565
266
874
302
569
561
58
565
568
266
1130
302
564
561
58
567
306
266
1386
613
561
58
568
820
266
1432
562
561
58
569
57
266
619
302
567
561
314
561
49
266
875
866
561
314
562
54
266
1387
814
564
561
314
563
313
266
619
814
562
561
314
564
567
266
875
46
561
561
314
566
570
1131
558
567
561
314
567
560
266
1387
864
561
314
568
319
1433
564
561
314
569
312
266
615
302
564
817
58
561
315
871
814
567
817
58
562
564
266
1383
302
560
817
58
563
311
266
615
46
569
817
58
564
825
266
871
46
565
817
58
566
306
266
1127
558
563
817
58
567
564
266
661
564
817
58
568
307
266
1173
566
817
58
569
50
266
1735
817
314
560
565
266
872
302
566
817
314
561
322
1128
302
566
817
314
563
562
266
1384
868
817
314
564
576
872
558
565
817
314
566
305
266
1128
606
817
314
567
574
918
569
817
314
568
824
266
1430
567
817
314
569
56
266
617
302
565
817
570
560
312
266
873
46
567
817
570
562
561
266
1129
814
569
817
570
563
52
266
617
302
560
817
570
564
311
266
873
46
561
817
570
566
560
266
1129
814
561
817
570
567
563
266
663
562
817
570
568
54
266
1687
560
817
570
569
576
618
302
562
817
826
561
561
266
874
606
817
826
562
308
266
1386
302
561
817
826
563
823
266
618
46
562
817
826
565
314
874
814
563
817
826
566
52
266
1386
46
566
817
826
567
311
266
1432
567
817
826
569
817
266
1485
817
58
560
821
266
875
558
562
817
58
561
569
266
1131
558
560
817
58
563
571
1387
869
817
58
564
310
266
875
814
561
817
58
565
825
266
1131
558
564
817
58
567
50
266
1387
868
817
58
568
310
266
1433
567
817
58
569
569
266
620
302
568
817
314
561
50
266
876
607
817
314
562
565
266
1388
302
567
817
314
563
322
620
302
564
817
314
565
315
876
608
817
314
566
318
1388
302
564
817
314
567
823
266
666
566
817
314
569
561
266
1690
569
107
560
564
266
872
302
561
107
561
567
266
1128
814
566
107
563
570
1384
46
569
107
564
819
266
616
870
107
565
822
266
1128
558
567
107
566
322
1384
302
564
107
568
817
266
1222
107
569
820
266
1479
363
560
566
266
873
558
565
363
561
568
266
1129
46
569
363
563
48
266
1385
814
568
363
564
318
873
302
567
363
565
56
266
1129
302
561
363
567
817
266
1385
609
363
568
318
1175
562
363
569
566
266
618
46
563
619
561
314
874
814
562
619
562
317
1386
46
563
619
563
320
618
814
564
619
565
48
266
874
558
566
619
566
563
266
1130
870
619
567
309
266
1432
564
619
569
48
266
1176
563
875
560
48
266
619
814
560
875
560
57
266
875
302
562
875
561
55
266
1131
558
563
875
562
577
1387
46
562
875
564
48
266
619
606
875
565
562
266
1387
302
560
875
568
49
266
1433
566
875
569
564
266
620
46
561
107
560
577
876
814
569
107
561
320
1132
46
563
107
563
305
266
620
46
569
107
564
55
266
876
814
569
107
565
322
1132
558
569
107
567
572
1388
814
561
107
568
54
266
1178
569
107
569
576
1742
363
560
575
877
558
562
363
561
565
266
1133
302
560
363
562
57
266
1389
558
564
363
563
823
266
1389
871
363
564
563
266
621
871
363
565
310
266
1133
558
564
363
566
824
266
1389
302
560
363
568
49
266
1179
565
363
569
564
266
617
46
566
363
560
52
266
873
814
566
363
561
579
1129
558
564
363
562
566
266
1385
814
562
363
563
569
266
617
558
565
363
569
51
266
1130
558
562
619
562
55
266
1386
46
565
619
563
308
266
618
302
560
619
564
564
266
1483
875
560
563
266
619
865
875
561
51
266
875
558
564
875
561
825
266
1131
862
875
563
53
266
1387
867
875
564
824
266
875
46
566
875
565
577
1131
46
569
875
566
567
266
1387
558
569
875
567
323
665
564
875
569
306
266
1487
1131
560
573
876
302
562
1131
561
55
266
1132
814
564
1131
562
825
266
1388
814
569
1131
564
571
620
814
564
1131
565
564
266
1132
46
565
1131
566
566
266
1388
558
568
1131
567
57
266
922
563
1131
569
561
266
1690
569
363
560
820
266
877
46
568
363
561
55
266
1133
814
569
363
562
569
266
1389
558
569
363
564
51
266
621
870
363
565
54
266
1133
558
564
363
566
322
1389
302
561
363
568
49
266
1435
567
363
569
52
266
622
46
563
619
560
566
266
878
814
560
619
561
578
1134
302
567
619
563
50
266
1390
814
569
619
564
318
878
302
562
619
565
311
266
1134
814
569
619
567
816
266
1390
558
567
619
568
307
266
1488
619
569
575
608
302
564
50
58
560
824
522
864
302
561
50
58
562
305
522
1120
814
569
50
58
563
564
522
608
46
566
50
58
564
55
522
864
814
564
50
58
565
569
522
1120
302
569
50
58
567
562
522
1376
612
50
58
568
830
1166
563
50
58
569
823
522
609
46
564
50
314
561
570
865
814
564
50
314
562
52
522
1377
46
566
50
314
563
55
522
609
814
564
50
314
564
835
865
558
563
50
314
566
572
1121
864
50
314
567
821
522
1167
560
50
314
568
56
522
911
569
50
570
560
817
522
610
558
568
50
570
561
564
522
1122
46
566
50
570
562
55
522
1378
814
564
50
570
563
825
522
610
302
566
50
570
565
306
522
866
614
50
570
566
308
522
1378
302
568
50
570
567
568
522
656
564
50
570
569
817
522
1680
568
50
826
560
564
522
611
607
50
826
561
566
522
1123
814
560
50
826
562
313
522
1379
558
560
50
826
564
562
522
611
863
50
826
565
575
1123
558
565
50
826
566
569
522
1379
558
560
50
826
568
51
522
1481
50
826
569
566
522
612
814
564
50
58
561
816
522
868
814
560
50
58
562
819
522
1380
46
563
50
58
563
576
612
814
565
50
58
565
48
522
868
558
567
50
58
566
51
522
1380
46
561
50
58
567
822
522
1426
564
50
58
569
304
522
1426
567
50
314
560
51
522
869
46
560
50
314
561
822
522
1125
814
562
50
314
562
579
1381
302
566
50
314
564
307
522
613
870
50
314
565
310
522
1125
814
563
50
314
567
48
522
1381
558
568
50
314
568
573
915
566
50
314
569
55
522
609
46
562
306
58
561
561
522
865
606
306
58
562
50
522
1377
46
568
306
58
563
823
522
609
46
565
306
58
565
561
522
865
606
306
58
566
50
522
1377
46
568
306
58
567
567
522
655
562
306
58
569
561
522
1679
568
306
314
560
574
866
302
568
306
314
561
568
522
1122
814
569
306
314
563
571
1378
612
306
314
564
566
522
866
814
568
306
314
565
566
522
866
608
306
314
566
55
522
1378
46
562
306
314
567
311
522
656
560
306
314
568
567
522
1424
565
306
314
569
568
522
611
302
565
306
570
560
312
522
867
46
568
306
570
561
55
522
1123
814
562
306
570
562
569
522
1379
814
568
306
570
563
835
611
814
562
306
570
564
569
522
1123
46
566
306
570
566
820
522
1379
814
566
306
570
567
54
522
657
560
306
570
568
54
522
1425
569
306
826
560
49
522
612
814
566
306
826
561
570
868
46
562
306
826
561
55
522
1124
608
306
826
563
564
522
1380
866
306
826
564
818
522
612
814
562
306
826
565
565
522
1124
866
306
826
567
571
1380
46
561
306
826
567
566
522
1170
562
306
826
568
835
613
302
562
306
58
561
48
522
869
814
563
306
58
562
304
522
1125
46
560
306
58
562
55
522
1381
46
569
306
58
563
823
522
613
46
566
306
58
564
57
522
869
46
568
306
58
567
306
522
1381
558
561
306
58
568
574
1171
565
306
58
569
312
522
614
558
565
306
314
561
49
522
870
814
566
306
314
562
308
522
1126
606
306
314
563
566
522
614
814
562
306
314
564
579
870
302
565
306
314
566
819
522
1382
46
560
306
314
567
566
522
1428
563
306
314
569
48
522
1428
566
562
58
560
51
522
610
862
562
58
561
566
522
1122
814
568
562
58
562
311
522
1378
46
566
562
58
563
822
522
610
46
561
562
58
565
816
522
866
814
561
562
58
566
829
1378
46
565
562
58
567
311
522
1424
567
562
58
569
560
522
1168
569
562
314
560
307
522
867
46
561
562
314
561
822
522
1123
814
565
562
314
563
560
522
1379
558
560
562
314
564
307
522
867
46
562
562
314
565
54
522
1123
814
568
562
314
567
816
522
1379
814
565
562
314
568
563
522
1223
562
314
569
823
522
612
46
564
562
570
561
49
522
868
814
566
562
570
562
308
522
1380
46
566
562
570
563
55
522
612
814
565
562
570
564
835
868
558
565
562
570
566
50
522
1124
866
562
570
567
831
1170
562
562
570
568
312
522
914
568
562
826
560
304
522
613
558
564
562
826
561
307
522
869
613
562
826
562
565
522
1381
302
562
562
826
563
822
522
613
814
563
562
826
564
57
522
869
302
563
562
826
566
49
522
1125
814
564
562
826
567
51
522
1381
868
562
826
568
54
522
1427
564
562
826
569
578
614
46
566
562
58
561
571
870
608
562
58
562
564
522
1382
302
560
562
58
563
55
522
614
814
569
562
58
565
304
522
870
814
560
562
58
566
307
522
1382
46
560
562
58
567
54
522
1172
568
562
58
568
313
522
1172
564
562
314
560
817
522
615
606
562
314
561
820
522
1127
46
566
562
314
562
820
522
1383
558
568
562
314
563
569
522
615
302
565
562
314
565
827
871
610
562
314
566
53
522
1383
302
566
562
314
567
568
522
661
568
562
314
569
49
522
1685
569
818
58
560
52
522
867
46
568
818
58
561
567
522
1123
814
566
818
58
562
57
522
1379
558
562
818
58
564
562
522
611
606
818
58
565
309
522
1123
302
564
818
58
566
823
522
1379
46
561
818
58
568
48
522
1169
567
818
58
569
563
522
612
46
561
818
314
560
566
522
868
814
560
818
314
561
57
522
1124
302
568
818
314
563
562
522
1380
611
818
314
564
830
868
302
562
818
314
565
823
522
1124
46
562
818
314
567
304
522
1380
814
563
818
314
568
573
914
562
818
314
569
311
522
613
46
560
818
570
561
48
522
869
611
818
570
562
831
1381
814
562
818
570
564
48
522
613
814
567
818
570
565
564
522
1125
46
565
818
570
566
824
522
1381
302
561
818
570
568
561
522
1227
818
570
569
821
522
1737
818
826
560
56
522
870
302
564
818
826
562
562
522
1126
615
818
826
563
565
522
614
558
563
818
826
564
57
522
870
302
565
818
826
566
562
522
1126
614
818
826
567
52
522
916
568
818
826
568
56
522
916
569
818
58
560
49
522
615
814
568
818
58
561
820
522
1127
46
563
818
58
562
567
522
1383
814
566
818
58
563
313
522
615
558
563
818
58
565
818
522
871
615
818
58
566
565
522
1383
302
564
818
58
567
311
522
1429
567
818
58
568
835
1173
564
818
314
560
562
522
616
615
818
314
561
821
522
1128
302
569
818
314
562
568
522
1384
46
565
818
314
564
50
522
616
612
818
314
565
564
522
1128
302
566
818
314
566
56
522
1384
46
560
818
314
568
826
1430
564
818
314
569
307
522
612
46
564
50
58
560
576
868
814
561
50
58
561
313
522
1124
302
569
50
58
563
818
522
1380
814
568
50
58
564
565
522
868
302
567
50
58
565
568
522
1124
46
568
50
58
567
49
522
1380
606
50
58
568
308
522
1170
561
50
58
569
567
522
613
46
560
50
314
560
568
522
869
558
562
50
314
562
562
522
1125
606
50
314
563
565
522
613
302
565
50
314
564
577
869
46
563
50
314
566
816
522
1125
814
561
50
314
567
572
659
561
50
314
568
566
522
1683
561
50
314
569
569
522
614
558
560
50
570
561
49
522
870
863
50
570
562
565
522
1382
558
561
50
570
563
568
522
614
302
562
50
570
565
571
870
609
50
570
566
822
522
1382
558
566
50
570
568
48
522
1428
563
50
570
569
819
522
615
302
560
50
826
560
833
871
46
560
50
826
562
817
522
1127
814
569
50
826
563
564
522
615
302
561
50
826
564
823
522
871
46
564
50
826
566
49
522
1127
814
566
50
826
567
563
522
661
568
50
826
568
823
522
1685
567
50
58
560
560
522
616
558
567
50
58
561
563
522
872
869
50
58
562
53
522
1384
814
561
50
58
563
579
616
558
560
50
58
565
51
522
872
868
50
58
566
822
522
1384
558
569
50
58
567
313
522
1174
560
50
58
569
561
522
617
814
566
50
314
561
53
522
1129
46
568
50
314
563
561
522
1385
302
563
50
314
564
563
522
617
870
50
314
565
307
522
873
302
563
50
314
566
562
522
1129
864
50
314
567
308
522
1385
814
566
50
314
569
53
522
869
558
568
306
58
562
564
522
1381
46
565
306
58
563
579
613
814
563
306
58
565
820
522
1125
46
565
306
58
566
308
522
1381
302
564
306
58
568
52
522
1171
560
306
58
569
52
522
1475
306
314
560
309
522
870
558
560
306
314
561
832
1126
46
564
306
314
563
306
522
1382
865
306
314
564
310
522
614
870
306
314
565
50
522
870
558
568
306
314
566
50
522
1382
814
563
306
314
568
816
522
660
564
306
314
569
561
522
615
46
561
306
570
560
312
522
871
558
562
306
570
562
560
522
1127
814
566
306
570
562
568
522
1383
558
562
306
570
564
829
871
302
566
306
570
565
313
522
1127
46
567
306
570
567
573
1383
869
306
570
568
56
522
1173
560
306
826
560
50
522
616
615
306
826
561
575
1128
558
569
306
826
562
568
522
1384
814
561
306
826
564
820
522
872
46
566
306
826
565
568
522
1128
302
566
306
826
567
818
522
1384
870
306
826
568
822
522
1686
563
306
58
560
570
617
814
566
306
58
561
819
522
873
814
566
306
58
562
54
522
1385
814
564
306
58
564
560
522
617
558
568
306
58
565
563
522
1129
46
565
306
58
566
567
522
1385
46
561
306
58
568
49
522
1224
306
58
569
48
522
1175
562
306
58
569
55
522
1743
306
314
560
824
522
874
558
569
306
314
561
822
522
1130
302
564
306
314
562
575
1386
814
564
306
314
564
57
522
874
610
306
314
566
563
522
1130
868
306
314
567
50
522
1386
866
306
314
568
574
1688
560
306
314
569
579
614
558
566
562
58
561
816
522
870
864
562
58
562
54
522
1382
558
565
562
58
563
57
522
614
302
566
562
58
565
562
522
870
613
562
58
566
53
522
1382
558
561
562
58
567
824
522
916
564
562
58
569
306
522
1732
562
314
560
565
522
871
558
564
562
314
561
821
522
871
863
562
314
562
565
522
1383
558
563
562
314
563
834
615
46
564
562
314
565
306
522
871
611
562
314
566
308
522
1383
558
561
562
314
567
578
1429
565
562
314
569
818
522
1738
562
570
560
310
522
616
614
562
570
561
818
522
1128
46
565
562
570
562
821
522
1384
46
563
562
570
564
561
522
616
606
562
570
565
574
872
615
562
570
566
567
522
1384
46
564
562
570
568
49
522
1430
567
562
570
569
52
522
617
302
561
562
826
560
820
522
617
814
567
562
826
561
308
522
1129
302
563
562
826
562
312
522
1385
46
568
562
826
564
817
522
617
612
562
826
565
50
522
1129
302
560
562
826
566
567
522
1385
46
561
562
826
567
569
522
1175
560
562
826
569
572
1737
562
58
560
55
522
874
46
563
562
58
562
305
522
1130
814
568
562
58
563
308
522
618
46
565
562
58
564
823
522
874
46
562
562
58
566
560
522
1130
814
561
562
58
567
307
522
1386
870
562
58
568
54
522
1176
566
562
58
569
564
522
1486
562
314
560
574
875
46
566
562
314
561
55
522
1131
814
561
562
314
562
575
1131
866
562
314
563
565
522
619
558
560
562
314
564
311
522
875
46
569
562
314
566
49
522
1131
814
568
562
314
567
307
522
665
566
562
314
568
55
522
1689
562
562
314
569
825
522
615
558
560
818
58
561
562
522
871
610
818
58
562
49
522
1127
46
564
818
58
563
560
522
1383
558
568
818
58
564
51
522
615
864
818
58
565
53
522
1127
302
567
818
58
566
53
522
1127
814
569
818
58
567
308
522
1383
814
568
818
58
568
560
522
1429
562
818
58
568
566
522
1429
563
818
58
569
824
522
616
46
561
818
314
561
565
522
1128
46
562
818
314
562
55
522
1384
558
567
818
314
564
305
522
616
607
818
314
565
576
1128
814
561
818
314
566
569
522
1384
558
568
818
314
568
820
522
1174
560
818
314
569
577
617
46
565
818
570
561
49
522
873
814
564
818
570
562
573
1129
867
818
570
563
566
522
617
558
564
818
570
564
576
873
46
566
818
570
566
816
522
1129
46
560
818
570
567
568
522
1431
564
818
570
569
564
522
874
302
567
818
826
562
308
522
1386
302
561
818
826
563
311
522
618
814
568
818
826
565
53
522
1130
558
566
818
826
566
834
1386
302
563
818
826
568
561
522
1432
569
818
826
569
820
522
619
46
566
818
58
560
55
522
875
814
563
818
58
561
577
1131
302
569
818
58
563
562
522
1387
611
818
58
564
574
875
302
561
818
58
565
55
522
1131
558
568
818
58
567
48
522
1387
558
562
818
58
568
50
522
1231
818
58
569
820
522
620
46
560
818
314
560
54
522
620
862
818
314
561
572
876
614
818
314
562
574
1388
46
567
818
314
563
566
522
620
46
568
818
314
564
307
522
620
863
818
314
565
49
522
1132
302
562
818
314
566
567
522
1388
46
560
818
314
568
48
522
1178
569
818
314
569
51
522
616
46
560
108
560
566
522
872
814
561
108
561
313
522
1128
558
560
108
562
54
522
1384
558
564
108
563
565
522
616
302
561
108
565
49
522
1128
814
566
108
566
825
522
1384
302
569
108
567
834
1174
560
108
568
824
522
918
566
364
560
570
617
814
560
364
560
825
522
873
607
364
562
565
522
1385
558
562
364
563
568
522
617
46
569
364
565
49
522
873
814
567
364
566
563
522
1385
46
564
364
567
566
522
1175
568
364
568
313
522
1175
562
620
560
817
522
618
302
562
620
561
563
522
874
866
620
562
565
522
1386
302
567
620
563
56
522
618
46
562
620
565
304
522
874
558
568
620
566
563
522
1130
814
560
620
567
565
522
920
565
620
568
577
920
561
876
560
304
522
619
814
560
876
561
563
522
1131
46
562
876
562
832
1387
814
565
876
564
560
522
619
558
568
876
565
51
522
1131
46
560
876
566
54
522
1387
558
569
876
567
825
522
921
567
876
569
306
522
1486
108
560
830
876
302
562
108
561
567
522
1132
46
562
108
562
835
1388
814
563
108
564
573
876
46
562
108
565
566
522
1132
558
569
108
566
57
522
1388
302
564
108
568
561
522
1434
568
108
569
52
522
621
46
562
364
560
310
522
877
558
568
364
561
825
522
1133
302
567
364
563
50
522
1389
862
364
564
575
877
558
566
364
565
57
522
1133
558
561
364
567
818
522
1389
606
364
568
575
1435
563
364
569
824
522
617
302
561
364
561
49
522
873
814
566
364
562
829
1385
46
560
364
563
54
522
617
558
565
364
564
313
522
873
302
564
364
566
577
1385
46
565
364
567
57
522
1225
364
569
52
522
618
302
569
620
560
57
522
874
46
569
620
562
563
522
1386
46
566
620
563
567
522
618
46
566
620
565
561
522
874
814
565
620
566
821
522
1386
558
561
620
567
57
522
920
568
620
569
572
1489
876
560
576
875
814
568
876
562
48
522
1131
814
568
876
563
564
522
619
302
564
876
564
568
522
875
302
564
876
566
49
522
1131
615
876
567
309
522
1177
560
876
568
56
522
921
569
1132
560
49
522
620
608
1132
561
53
522
1132
302
561
1132
562
834
1388
302
568
1132
564
562
522
620
864
1132
565
821
522
1132
558
562
1132
566
568
522
1388
302
562
1132
568
571
1233
1132
569
575
621
814
560
364
561
816
522
877
558
568
364
562
564
522
1389
302
564
364
563
568
522
621
46
567
364
565
561
522
877
814
565
364
566
819
522
1389
46
561
364
567
566
522
1435
563
364
569
48
522
1435
562
620
560
565
522
878
558
564
620
561
569
522
1134
558
567
620
563
819
522
622
46
566
620
564
567
522
878
814
562
620
566
49
522
1134
607
620
567
574
924
564
620
568
312
522
924
566
51
58
560
305
778
608
814
566
51
58
561
52
778
1120
46
563
51
58
562
564
778
1376
46
566
51
58
563
568
778
608
302
560
51
58
565
49
778
864
814
567
51
58
566
564
778
1376
302
564
51
58
567
56
778
910
564
51
58
569
562
778
1727
51
314
560
831
865
558
564
51
314
561
57
778
1121
302
566
51
314
563
562
778
1377
614
51
314
564
309
778
865
302
569
51
314
565
57
778
1121
302
568
51
314
567
562
778
1377
865
51
314
568
310
778
1423
569
51
314
569
57
778
610
558
560
51
570
561
306
778
866
862
51
570
562
309
778
1122
869
51
570
563
824
778
610
46
569
51
570
565
49
778
866
814
562
51
570
566
565
778
1378
46
569
51
570
567
568
778
656
565
51
570
569
827
1474
51
826
560
1086
611
613
51
826
561
826
867
814
568
51
826
562
564
778
1379
46
