48
58
560
304
10
1125
558
564
48
314
563
564
10
1381
866
48
314
565
560
10
865
558
560
304
58
567
568
10
1167
563
304
58
568
67
610
613
304
314
561
561
10
866
558
564
304
314
567
304
10
656
568
304
314
568
57
10
1123
558
562
304
570
567
304
10
1379
865
304
570
569
65
612
46
567
304
826
560
823
10
1124
46
565
304
826
563
561
10
612
558
564
304
826
564
820
10
612
814
562
304
826
565
53
10
1124
558
566
304
826
567
52
10
1380
558
564
304
826
567
313
10
914
562
304
826
569
48
10
1732
304
58
560
57
10
1381
611
304
58
566
306
10
1381
558
569
304
314
566
569
10
1382
302
566
304
314
568
51
10
1172
565
304
314
569
50
10
1172
562
560
58
561
50
10
1122
46
563
560
58
562
310
10
1378
814
564
560
58
564
320
866
46
569
560
58
566
308
10
1122
558
568
560
58
567
51
10
912
565
560
58
569
304
10
1168
568
560
58
569
568
10
611
46
565
560
314
560
308
10
611
558
565
560
314
561
564
10
867
814
564
560
314
562
50
10
1123
46
567
560
314
563
562
10
611
302
566
560
314
564
310
10
1123
814
563
560
314
567
564
10
657
567
560
314
568
567
10
1681
567
560
570
560
50
10
612
46
567
560
570
560
56
10
868
302
562
560
570
561
568
10
1124
814
564
560
570
563
64
612
558
565
560
570
565
60
1380
302
564
560
570
567
67
1223
560
570
569
55
10
613
302
567
560
826
561
61
1125
558
566
560
826
563
58
1381
46
565
560
826
563
569
10
613
814
565
560
826
565
53
10
1125
46
567
560
826
567
563
10
915
568
560
826
568
52
10
915
563
560
826
569
819
10
1483
560
58
560
55
10
870
558
560
560
58
562
318
1382
46
562
560
58
564
819
10
614
862
560
58
565
818
10
870
814
560
560
58
566
58
1126
866
560
58
567
56
10
660
565
560
58
569
565
10
615
814
568
560
314
561
818
10
871
814
568
560
314
562
49
10
1127
814
564
560
314
562
821
10
1383
608
560
314
565
318
1127
814
567
560
314
567
51
10
1173
565
560
314
568
322
867
609
816
58
562
311
10
1379
302
565
816
58
564
317
867
302
560
816
58
565
563
10
1123
814
568
816
58
567
567
10
657
568
816
58
568
568
10
913
568
816
58
569
825
10
868
814
567
816
314
562
305
10
1380
46
561
816
314
563
562
10
612
302
564
816
314
565
564
10
868
864
816
314
566
819
10
1380
46
569
816
314
567
52
10
1380
558
566
816
314
568
305
10
914
563
816
570
560
320
869
46
560
816
570
561
818
10
1125
302
561
816
570
562
825
10
1381
611
816
570
564
562
10
613
814
566
816
570
565
817
10
869
558
561
816
570
566
50
10
1125
814
561
816
570
568
560
10
659
560
816
570
568
566
10
915
568
816
570
569
53
10
1737
816
826
561
563
10
870
864
816
826
562
51
10
1126
814
565
816
826
563
562
10
614
302
567
816
826
564
67
870
814
569
816
826
566
566
10
1382
46
564
816
826
568
306
10
916
569
816
826
569
569
10
615
814
562
816
58
561
821
10
1127
814
566
816
58
563
561
10
1383
870
816
58
564
56
10
871
558
561
816
58
566
820
10
1383
558
564
816
58
568
816
10
1230
816
58
569
567
10
616
302
565
816
314
561
317
1128
558
565
816
314
563
816
10
1384
865
816
314
564
311
10
872
302
569
816
314
566
819
10
1384
558
565
816
314
568
304
10
1227
816
314
569
54
10
612
46
562
48
58
561
59
868
866
48
58
562
320
1380
46
560
48
58
564
306
10
612
870
48
58
565
311
10
1124
302
562
48
58
567
818
10
658
565
48
58
568
568
10
1170
569
48
314
560
61
869
302
568
48
314
561
569
10
1125
46
569
48
314
563
309
10
613
558
562
48
314
565
560
10
869
558
564
48
314
566
53
10
1381
814
560
48
314
567
320
659
567
48
314
568
312
10
1427
563
48
570
560
564
10
870
302
569
48
570
561
67
1126
558
565
48
570
562
67
1382
302
564
48
570
564
307
10
614
302
568
48
570
565
58
870
611
48
570
566
309
10
1382
46
563
48
570
568
306
10
916
560
48
570
569
56
10
615
302
568
48
826
561
307
10
1127
302
562
48
826
562
66
1383
558
560
48
826
564
61
871
302
563
48
826
565
824
10
1127
558
563
48
826
567
819
10
917
562
48
826
568
66
1429
563
48
58
560
317
616
558
567
48
58
561
561
10
872
862
48
58
562
566
10
1384
46
562
48
58
564
59
616
864
48
58
565
64
1128
46
564
48
58
567
50
10
1384
867
48
58
568
311
10
918
567
48
314
560
306
10
873
46
560
48
314
561
567
10
1129
302
560
48
314
563
50
10
1385
869
48
314
564
55
10
873
46
562
48
314
566
817
10
1129
611
48
314
567
821
10
1175
568
48
314
568
67
1431
567
304
58
560
563
10
869
46
563
304
58
561
823
10
1125
46
562
304
58
563
561
10
1381
608
304
58
564
53
10
869
558
565
304
58
565
825
10
1125
814
560
304
58
567
820
10
915
564
304
58
568
568
10
1171
568
304
314
560
51
10
870
46
562
304
314
561
55
10
1126
46
565
304
314
563
59
1382
862
304
314
564
822
10
870
814
566
304
314
566
49
10
1126
610
304
314
567
63
1428
560
304
314
569
48
10
1684
568
304
570
560
565
10
871
558
567
304
570
562
304
10
1127
607
304
570
563
63
615
814
567
304
570
565
817
10
871
615
304
570
566
310
10
1383
46
560
304
570
568
561
10
1225
304
570
569
565
10
616
558
568
304
826
561
48
10
872
814
560
304
826
562
564
10
1384
302
562
304
826
563
56
10
616
302
566
304
826
565
306
10
872
868
304
826
566
566
10
1384
814
567
304
826
568
58
1430
567
304
826
569
820
10
617
302
567
304
58
560
568
10
873
302
567
304
58
562
60
1385
46
562
304
58
563
55
10
617
46
566
304
58
565
817
10
873
614
304
58
566
319
1385
558
569
304
58
567
323
1175
569
304
58
569
52
10
618
302
560
304
314
560
312
10
874
302
562
304
314
562
50
10
1386
46
560
304
314
563
55
10
618
46
566
304
314
565
315
874
864
304
314
566
310
10
1386
814
567
304
314
568
314
1227
304
314
569
309
10
614
558
568
560
58
561
560
10
870
814
566
560
58
562
62
1382
558
563
560
58
563
67
614
814
562
560
58
565
52
10
1126
302
568
560
58
566
57
10
1382
814
562
560
58
568
53
10
1428
564
560
314
560
48
10
615
814
567
560
314
561
821
10
1127
558
566
560
314
563
304
10
1383
558
569
560
314
564
565
10
871
558
565
560
314
565
64
1127
558
562
560
314
567
307
10
661
567
560
314
568
65
1173
561
560
570
560
818
10
616
866
560
570
561
566
10
1128
814
568
560
570
563
305
10
1384
814
565
560
570
564
319
872
814
562
560
570
566
816
10
1128
607
560
570
567
53
10
1174
562
560
570
569
560
10
1478
560
826
560
565
10
873
302
569
560
826
562
314
1129
611
560
826
563
54
10
617
814
564
560
826
564
822
10
873
814
564
560
826
566
62
1385
558
563
560
826
567
57
10
1431
564
560
826
569
309
10
618
558
567
560
58
561
560
10
874
814
567
560
58
562
821
10
1386
558
569
560
58
564
560
10
618
814
568
560
58
565
318
1130
558
566
560
58
567
304
10
1386
814
565
560
58
568
318
1432
564
560
314
560
48
10
619
814
564
560
314
561
53
10
1131
558
568
560
314
563
560
10
1387
814
568
560
314
564
53
10
875
558
564
560
314
565
67
1131
814
560
560
314
567
308
10
921
569
560
314
568
825
10
1433
567
816
58
560
51
10
871
558
560
816
58
561
57
10
1127
814
560
816
58
563
62
615
558
563
816
58
565
48
10
871
814
564
816
58
566
53
10
1383
558
566
816
58
567
825
10
1429
564
816
58
569
53
10
616
558
564
816
314
560
320
872
558
563
816
314
562
61
1384
302
562
816
314
563
56
10
616
302
567
816
314
565
51
10
1128
46
564
816
314
566
311
10
1384
302
562
816
314
568
306
10
1487
816
314
569
567
10
617
46
565
816
570
561
314
873
864
816
570
562
566
10
1385
814
563
816
570
564
49
10
617
862
816
570
565
310
10
1129
46
563
816
570
567
306
10
1385
871
816
570
568
311
10
1431
562
816
570
569
56
10
618
558
568
816
826
561
823
10
1130
302
561
816
826
562
62
1130
814
564
816
826
563
563
10
618
46
567
816
826
564
312
10
874
302
565
816
826
566
51
10
1386
46
563
816
826
567
311
10
664
562
816
826
569
562
10
619
46
562
816
58
560
567
10
875
814
568
816
58
562
818
10
1131
866
816
58
563
822
10
619
814
568
816
58
565
314
875
606
816
58
566
318
1387
302
569
816
58
567
66
921
567
816
58
569
562
10
1743
816
314
560
310
10
876
814
566
816
314
562
816
10
1132
607
816
314
563
565
10
620
558
565
816
314
564
569
10
876
558
568
816
314
566
52
10
1388
302
560
816
314
567
312
10
922
562
816
314
569
818
10
1744
106
560
64
872
46
561
106
562
817
10
1128
867
106
563
55
10
616
46
566
106
565
305
10
1128
46
562
106
566
65
1384
302
567
106
567
309
10
1430
562
106
569
816
10
1430
569
106
569
568
10
617
46
565
362
560
565
10
617
615
362
561
60
1129
46
563
362
562
822
10
1385
302
560
362
564
50
10
617
868
362
565
320
1129
46
562
362
567
305
10
1385
615
362
568
53
10
1431
562
618
560
58
618
814
565
618
561
49
10
874
302
566
618
561
65
1130
558
567
618
563
48
10
1386
814
561
618
564
52
10
874
302
568
618
565
569
10
1130
558
568
618
567
564
10
1176
564
618
569
816
10
1482
874
560
821
10
875
814
563
874
562
48
10
1131
611
874
563
310
10
619
814
565
874
565
314
875
610
874
566
565
10
1387
814
560
874
568
560
10
1433
565
874
569
306
10
620
302
564
106
560
66
876
302
568
106
562
51
10
1388
46
562
106
563
822
10
620
46
564
106
565
561
10
876
614
106
566
566
10
1388
814
565
106
568
49
10
1178
568
106
569
63
621
814
561
362
561
48
10
877
607
362
562
53
10
1389
814
562
362
564
58
621
608
362
565
821
10
1133
814
562
362
567
560
10
1389
606
362
568
821
10
1435
567
362
560
48
10
617
814
565
362
561
318
1129
558
563
362
562
67
1385
814
562
362
564
62
873
558
560
362
566
560
10
1129
814
566
362
567
564
10
1175
567
362
569
48
10
1687
565
618
560
318
874
558
563
618
561
825
10
1130
814
561
618
563
51
10
618
558
560
618
564
312
10
874
814
562
618
566
820
10
1386
558
562
618
567
569
10
1432
561
618
569
564
10
619
558
561
874
560
569
10
875
814
563
874
562
53
10
1387
558
567
874
564
560
10
619
611
874
565
60
1131
558
564
874
566
323
1387
814
564
874
568
820
10
1433
562
874
569
825
10
620
814
562
1130
561
564
10
1132
558
562
1130
562
313
10
1388
814
561
1130
564
62
876
558
562
1130
565
67
1132
814
565
1130
567
318
1178
564
1130
568
323
1690
564
362
560
62
877
302
564
362
561
323
1133
814
565
362
563
318
621
558
564
362
564
67
877
814
562
362
566
52
10
1389
302
568
362
567
57
10
1179
564
362
569
50
10
622
302
564
618
560
322
878
558
564
618
562
61
1390
302
561
618
563
824
10
622
46
566
618
565
61
1134
302
563
618
566
823
10
1390
558
564
618
568
61
1180
563
618
569
824
266
608
558
560
49
58
561
51
266
1120
46
564
49
58
562
312
266
1376
302
564
49
58
564
562
266
864
46
560
49
58
565
55
266
1120
46
563
49
58
567
49
266
1376
610
49
58
568
821
266
1422
563
49
58
569
56
266
609
558
566
49
314
561
563
266
1121
46
567
49
314
562
577
1377
302
561
49
314
564
818
266
609
868
49
314
565
311
266
1121
46
564
49
314
567
315
1377
865
49
314
568
822
266
911
560
49
570
560
49
266
610
614
49
570
561
822
266
1122
814
568
49
570
563
305
266
1378
612
49
570
564
566
266
866
814
565
49
570
566
570
1122
610
49
570
567
319
1424
562
49
570
568
823
266
1474
49
826
560
565
266
867
302
569
49
826
562
314
1123
607
49
826
563
565
266
611
814
560
49
826
565
816
266
867
814
566
49
826
566
574
1379
558
562
49
826
567
569
266
1169
569
49
826
569
820
266
612
302
568
49
58
560
569
266
868
558
566
49
58
562
51
266
1380
302
562
49
58
563
568
266
612
558
560
49
58
565
51
266
1124
46
564
49
58
566
820
266
1380
814
567
49
58
568
304
266
1426
563
49
58
569
564
266
613
302
560
49
314
560
321
869
46
566
49
314
562
49
266
1125
609
49
314
563
565
266
613
558
562
49
314
564
569
266
869
558
562
49
314
566
307
266
1381
46
562
49
314
567
823
266
659
563
49
314
568
312
266
1683
563
305
58
560
820
266
865
302
560
305
58
561
823
266
1121
46
564
305
58
563
816
266
1377
613
305
58
564
565
266
865
558
565
305
58
565
569
266
1121
558
560
305
58
567
562
266
1377
864
305
58
568
319
1423
564
305
58
569
313
266
610
302
568
305
314
561
562
266
866
864
305
314
562
575
1378
558
568
305
314
563
569
266
610
558
565
305
314
565
51
266
1122
46
563
305
314
566
311
266
1378
46
560
305
314
568
570
1424
566
305
314
569
820
266
1479
305
570
560
567
266
867
814
567
305
570
562
816
266
1123
558
569
305
570
563
819
266
1379
870
305
570
564
54
266
867
558
569
305
570
565
57
266
1123
302
569
305
570
567
50
266
1379
862
305
570
568
309
266
1425
562
305
570
569
578
612
302
566
305
826
561
50
266
868
864
305
826
562
54
266
1124
867
305
826
563
56
266
612
558
569
305
826
565
317
1124
46
566
305
826
566
311
266
1380
46
563
305
826
568
561
266
1426
569
305
826
569
820
266
1732
305
58
560
321
869
46
566
305
58
562
49
266
1125
606
305
58
563
820
266
613
302
563
305
58
564
56
266
869
46
565
305
58
566
561
266
1125
814
569
305
58
567
820
266
915
564
305
58
568
312
266
915
569
305
314
560
817
266
614
611
305
314
561
53
266
1126
558
562
305
314
562
313
266
1382
558
560
305
314
564
51
266
870
46
560
305
314
565
55
266
1126
46
560
305
314
567
49
266
1382
302
563
305
314
568
308
266
1172
565
305
314
569
312
266
610
302
565
561
58
561
562
266
866
867
561
58
562
310
266
1378
814
567
561
58
564
314
610
302
562
561
58
565
52
266
1122
302
565
561
58
566
568
266
1378
302
568
561
58
568
572
1424
561
561
58
569
566
266
611
814
563
561
314
561
816
266
867
558
566
561
314
562
564
266
1379
302
565
561
314
563
568
266
611
302
568
561
314
565
316
867
302
560
561
314
565
323
1123
558
569
561
314
567
49
266
657
564
561
314
568
311
266
913
564
561
570
560
561
266
612
814
564
561
570
561
565
266
1124
558
562
561
570
562
569
266
1380
558
562
561
570
564
819
266
868
46
566
561
570
565
577
1124
302
562
561
570
567
818
266
658
562
561
570
568
567
266
1170
562
561
826
560
51
266
869
46
566
561
826
561
56
266
1125
46
564
561
826
563
819
266
613
302
561
561
826
564
568
266
869
46
569
561
826
566
307
266
1381
46
568
561
826
567
312
266
915
562
561
826
569
306
266
1739
561
58
560
55
266
870
46
563
561
58
562
817
266
1126
615
561
58
563
566
266
614
814
567
561
58
565
570
870
608
561
58
566
565
266
1382
558
568
561
58
568
304
266
916
563
561
58
568
311
266
916
567
561
314
560
50
266
615
866
561
314
561
566
266
1127
814
569
561
314
563
561
266
1383
611
561
314
564
565
266
871
558
569
561
314
565
577
1127
814
563
561
314
567
564
266
1383
558
568
561
314
569
822
266
611
814
567
817
58
561
49
266
867
609
817
58
562
319
1379
814
562
817
58
564
304
266
611
607
817
58
565
565
266
1123
558
569
817
58
567
48
266
1379
814
569
817
58
568
565
266
1425
564
817
58
569
56
266
868
46
561
817
314
562
560
266
1124
610
817
314
563
561
266
612
46
569
817
314
565
822
266
1124
46
564
817
314
566
323
1380
558
569
817
314
568
52
266
1170
568
817
314
569
56
266
613
302
560
817
570
561
50
266
869
46
567
817
570
561
57
266
1125
814
562
817
570
562
578
1381
558
569
817
570
564
48
266
613
814
566
817
570
565
820
266
1125
302
569
817
570
566
313
266
1381
558
563
817
570
568
307
266
915
566
817
570
569
321
614
302
560
817
826
561
562
266
870
610
817
826
562
54
266
1382
814
564
817
826
564
48
266
614
814
564
817
826
565
317
1126
302
565
817
826
566
568
266
1382
302
565
817
826
568
306
266
1481
817
826
569
54
266
615
814
564
817
58
561
816
266
871
814
562
817
58
562
52
266
1383
46
569
817
58
563
321
615
46
567
817
58
565
817
266
871
613
817
58
566
565
266
1383
558
566
817
58
567
569
266
1173
566
817
58
569
307
266
616
46
564
817
314
560
55
266
872
46
562
817
314
562
305
266
1128
814
569
817
314
563
318
616
302
566
817
314
564
312
266
872
302
563
817
314
566
306
266
1128
615
817
314
567
821
266
1174
566
817
314
568
825
266
1430
562
49
58
560
51
266
612
870
49
58
561
822
266
1124
814
566
49
58
563
48
266
1380
814
564
49
58
564
52
266
868
302
566
49
58
565
568
266
1124
302
567
49
58
567
316
658
560
49
58
568
55
266
914
561
49
314
560
561
266
613
608
49
314
561
818
266
1125
302
566
49
314
562
567
266
1381
302
566
49
314
564
562
266
613
866
49
314
565
822
266
1125
814
561
49
314
567
48
266
1381
558
569
49
314
568
563
266
915
568
49
314
569
823
266
614
46
566
49
570
560
823
266
870
302
564
49
570
561
564
266
1126
302
561
49
570
563
315
1382
612
49
570
564
306
266
870
302
562
49
570
565
824
266
1126
302
560
49
570
567
315
1382
610
49
570
568
309
266
1479
49
570
569
56
266
615
46
568
49
826
561
49
266
871
608
49
826
562
318
1383
302
566
49
826
563
56
266
615
302
562
49
826
565
50
266
871
615
49
826
566
319
1383
558
567
49
826
567
825
266
1173
566
49
826
569
305
266
616
46
562
49
58
560
567
266
872
46
561
49
58
562
49
266
1128
814
569
49
58
563
318
616
302
566
49
58
564
56
266
872
302
562
49
58
566
306
266
1128
862
49
58
567
319
1174
566
49
58
568
569
266
1430
564
49
314
560
51
266
873
46
562
49
314
561
311
266
1129
302
563
49
314
563
560
266
1385
814
560
49
314
564
573
873
46
567
49
314
565
55
266
1129
46
562
49
314
567
49
266
1385
606
49
314
568
306
266
1175
561
49
314
569
312
266
613
302
560
305
58
561
561
266
869
614
305
58
562
821
266
1381
558
566
305
58
563
57
266
613
558
564
305
58
565
563
266
1125
46
560
305
58
566
820
266
1381
814
565
305
58
568
48
266
1427
562
305
58
569
564
266
614
302
560
305
314
560
321
870
46
568
305
314
562
315
1126
612
305
314
563
565
266
614
558
566
305
314
564
569
266
870
302
569
305
314
566
563
266
1382
46
566
305
314
567
576
660
565
305
314
569
305
266
1478
305
570
560
53
266
871
558
565
305
570
561
825
266
1127
558
563
305
570
563
819
266
615
46
562
305
570
564
311
266
871
46
560
305
570
566
305
266
1127
606
305
570
567
574
1173
560
305
570
568
323
1685
566
305
826
560
565
266
872
558
566
305
826
562
48
266
1128
302
569
305
826
563
308
266
616
302
566
305
826
564
568
266
872
302
567
305
826
566
306
266
1128
866
305
826
567
54
266
1430
562
305
826
569
816
266
1686
564
305
58
560
52
266
873
302
564
305
58
561
312
266
1129
302
564
305
58
563
306
266
1385
867
305
58
564
310
266
873
814
564
305
58
566
48
266
1129
46
569
305
58
567
573
663
568
305
58
568
567
266
919
564
305
314
560
561
266
618
607
305
314
561
53
266
1130
302
564
305
314
562
568
266
1386
302
565
305
314
564
50
266
618
864
305
314
565
51
266
1130
558
563
305
314
566
313
266
1386
558
560
305
314
568
818
266
1484
305
314
569
566
266
614
814
560
561
58
560
579
870
558
567
561
58
562
563
266
1382
46
566
561
58
563
311
266
614
46
566
561
58
565
817
266
870
613
561
58
566
319
1382
814
560
561
58
568
48
266
1428
561
561
58
569
564
266
615
302
562
561
314
560
568
266
871
302
561
561
314
562
306
266
1127
615
561
314
563
319
615
558
568
561
314
564
569
266
871
558
566
561
314
566
51
266
1383
46
563
561
314
567
567
266
661
560
561
314
569
570
1685
567
561
570
560
564
266
872
302
564
561
570
561
824
266
1128
302
560
561
570
563
50
266
1384
614
561
570
564
319
872
558
567
561
570
565
569
266
1128
558
565
561
570
567
51
266
662
563
561
570
568
823
266
918
563
561
826
560
561
266
617
608
561
826
561
821
266
1129
558
562
561
826
562
569
266
1385
558
561
561
826
564
51
266
617
870
561
826
565
822
266
1129
814
565
561
826
567
816
266
1385
814
562
561
826
568
52
266
919
567
561
826
569
567
266
618
46
560
561
58
561
305
266
874
814
569
561
58
562
305
266
1130
46
567
561
58
563
49
266
1386
302
566
561
58
563
568
266
618
46
565
561
58
564
316
874
302
564
561
58
565
568
266
1130
302
560
561
58
567
315
1386
610
561
58
568
309
266
1176
568
561
58
569
312
266
619
302
560
561
314
561
306
266
875
862
561
314
562
575
1387
46
560
561
314
563
51
266
1387
613
561
314
564
567
266
875
46
562
561
314
566
817
266
1131
814
565
561
314
567
565
266
1387
606
561
314
568
562
266
1481
561
314
569
575
615
558
569
817
58
560
323
871
558
568
817
58
562
52
266
1383
302
562
817
58
563
56
266
615
302
567
817
58
565
571
871
615
817
58
566
311
266
1383
558
564
817
58
567
55
266
1429
563
817
58
569
304
266
616
302
560
817
314
560
321
872
302
562
817
314
561
308
266
1128
302
562
817
314
562
822
266
1384
46
567
817
314
564
561
266
616
558
569
817
314
565
821
266
1128
558
560
817
314
566
322
1384
302
566
817
314
568
818
266
1231
817
314
569
565
266
617
558
565
817
570
560
57
266
873
558
564
817
570
561
313
266
1129
814
563
817
570
563
560
266
617
46
560
817
570
565
314
873
814
566
817
570
566
52
266
1385
302
560
817
570
567
56
266
663
569
817
570
569
49
266
1485
817
826
560
309
266
618
814
567
817
826
561
50
266
874
864
817
826
562
54
266
1386
558
568
817
826
563
567
266
618
302
567
817
826
565
818
266
874
862
817
826
566
319
1386
558
564
817
826
567
569
266
1176
560
817
826
569
316
1743
817
58
560
566
266
875
814
565
817
58
562
304
266
1131
814
566
817
58
563
52
266
619
46
562
817
58
564
824
266
875
558
561
817
58
566
563
266
1387
46
563
817
58
567
567
266
665
562
817
58
569
49
266
1177
561
817
314
560
563
266
876
46
564
817
314
561
55
266
1132
814
566
817
314
563
816
266
1388
814
560
817
314
564
317
876
46
566
817
314
565
55
266
1132
46
564
817
314
566
568
266
1388
814
568
817
314
568
316
1488
817
314
569
310
266
616
814
563
107
561
304
266
872
558
569
107
562
819
266
1384
46
564
107
563
567
266
616
814
569
107
565
48
266
872
814
563
107
566
52
266
1384
46
566
107
567
823
266
1430
569
107
569
560
266
1686
562
363
560
573
873
46
565
363
561
567
266
1129
814
569
363
563
560
266
1385
814
562
363
564
317
873
46
565
363
565
55
266
1129
302
566
363
566
323
1385
558
564
363
568
51
266
1485
363
569
310
266
618
558
563
619
560
822
266
874
302
563
619
562
50
266
1130
612
619
563
565
266
618
302
568
619
564
568
266
874
46
569
619
566
561
266
1130
608
619
567
574
920
567
619
568
56
266
1176
562
875
560
571
619
612
875
561
821
266
875
866
875
562
568
266
1387
46
569
875
564
561
266
619
608
875
565
820
266
1131
302
563
875
566
321
1387
46
562
875
568
314
1433
563
875
569
819
266
620
46
561
107
560
566
266
876
814
560
107
561
313
266
1132
558
560
107
563
50
266
1388
863
107
564
309
266
876
558
562
107
565
824
266
1132
302
563
107
567
50
266
1388
614
107
568
53
266
1434
561
107
569
313
266
621
302
568
363
561
562
266
877
610
363
562
566
266
1389
814
560
363
563
323
621
558
566
363
565
307
266
1133
46
563
363
566
311
266
1389
814
569
363
568
314
1435
565
363
569
820
266
617
302
562
363
560
56
266
873
46
568
363
562
817
266
1129
612
363
563
53
266
617
558
562
363
564
57
266
873
302
567
363
566
50
266
1129
558
566
363
567
565
266
919
569
363
568
568
266
1175
563
619
560
571
618
613
619
561
53
266
1130
558
562
619
562
578
1386
302
560
619
564
306
266
618
866
619
565
310
266
1130
558
569
619
566
311
266
1386
302
567
619
568
50
266
1480
619
569
565
266
619
558
562
875
560
578
875
302
565
875
562
306
266
1131
611
875
563
53
266
619
46
560
875
564
56
266
875
302
560
875
566
817
266
1131
609
875
567
318
921
563
875
568
321
921
564
1131
560
49
266
620
814
562
1131
561
308
266
1132
46
568
1131
562
55
266
1388
46
562
1131
564
49
266
620
814
567
1131
565
820
266
1132
302
561
1131
566
321
1388
46
565
1131
568
561
266
1226
1131
569
820
266
621
302
563
363
560
56
266
877
46
568
363
562
49
266
1133
607
363
563
318
621
302
565
363
564
568
266
877
46
569
363
566
561
266
1133
610
363
567
53
266
923
568
363
568
568
266
1179
564
619
560
306
266
622
862
619
561
319
1134
558
566
619
562
57
266
1390
558
563
619
564
563
266
878
46
561
619
565
576
1134
814
567
619
567
304
266
1390
814
562
619
568
52
266
924
567
619
569
55
522
608
46
561
50
58
561
826
864
814
566
50
58
562
52
522
1376
302
561
50
58
563
833
608
46
566
50
58
565
49
522
864
608
50
58
566
53
522
1376
302
568
50
58
567
56
522
910
563
50
58
569
306
522
1479
50
314
560
821
522
865
558
567
50
314
562
816
522
1121
814
566
50
314
563
830
609
558
561
50
314
564
569
522
865
558
562
50
314
566
563
522
1121
871
50
314
567
576
1423
566
50
314
569
816
522
1679
560
50
570
560
573
866
46
565
50
570
561
823
522
1122
46
561
50
570
563
49
522
1378
814
568
50
570
564
574
866
302
567
50
570
565
312
522
1122
302
564
50
570
567
50
522
1378
864
50
570
568
310
522
1424
565
50
570
569
835
611
558
568
50
826
561
573
1123
46
567
50
826
562
567
522
1379
46
566
50
826
564
561
522
611
612
50
826
565
565
522
1123
558
566
50
826
566
313
522
1379
302
568
50
826
568
51
522
913
562
50
826
569
567
522
612
46
562
50
58
561
305
522
868
607
50
58
562
565
522
1380
558
562
50
58
563
313
522
612
558
561
50
58
565
307
522
1124
46
561
50
58
566
311
522
1380
46
561
50
58
568
49
522
1218
50
58
569
830
613
302
568
50
314
560
578
869
302
564
50
314
562
306
522
1125
866
50
314
563
566
522
613
558
569
50
314
565
304
522
869
814
562
50
314
566
564
522
1381
302
562
50
314
567
824
522
915
564
50
314
569
306
522
1739
306
58
560
310
522
865
46
563
306
58
561
824
522
1121
814
568
306
58
563
52
522
609
558
560
306
58
564
57
522
865
814
564
306
58
566
818
522
1121
865
306
58
567
54
522
1423
567
306
58
569
49
522
1475
306
314
560
54
522
866
814
563
306
314
562
826
1122
610
306
314
563
821
522
610
814
562
306
314
565
570
866
607
306
314
566
309
522
1378
558
568
306
314
567
569
522
1424
566
306
314
569
563
522
611
46
566
306
570
560
823
522
867
302
560
306
570
562
562
522
1123
864
306
570
563
310
522
611
814
568
306
570
565
826
867
609
306
570
566
565
522
1379
558
569
306
570
568
560
522
1425
566
306
570
569
830
612
558
561
306
826
560
313
522
868
814
560
306
826
562
820
522
1380
302
568
306
826
563
825
522
612
558
566
306
826
565
308
522
1124
302
565
306
826
566
578
1380
558
560
306
826
568
819
522
914
564
306
826
569
567
522
613
46
568
306
58
561
571
869
862
306
58
562
309
522
1381
814
564
306
58
564
48
522
613
814
566
306
58
565
830
1125
558
560
306
58
566
825
522
1381
558
566
306
58
568
819
522
1171
560
306
58
569
568
522
614
302
564
306
314
561
818
522
1126
46
561
306
314
562
311
522
1382
46
567
306
314
564
50
522
614
864
306
314
565
566
522
1126
814
567
306
314
566
833
1382
814
560
306
314
568
52
522
1172
561
306
314
569
312
522
610
302
561
562
58
561
562
522
866
864
562
58
562
822
522
1378
814
565
562
58
564
304
522
610
814
566
562
58
565
574
1122
302
568
562
58
566
57
522
1378
558
562
562
58
568
563
522
912
564
562
58
569
311
522
611
46
566
562
314
561
817
522
867
615
562
314
562
54
522
1379
814
564
562
314
564
560
522
611
814
569
562
314
565
821
522
1123
558
564
562
314
566
569
522
1379
558
568
562
314
568
829
1169
561
562
314
569
312
522
612
302
563
562
570
561
818
522
868
862
562
570
562
54
522
1380
814
564
562
570
564
304
522
612
814
565
562
570
565
308
522
1124
302
565
562
570
566
312
522
1380
302
565
562
570
568
306
522
1478
562
570
569
54
522
613
814
563
562
826
561
48
522
869
558
565
562
826
562
820
522
1381
302
569
562
826
563
57
522
613
558
563
562
826
565
563
522
1125
46
568
562
826
566
833
1381
302
560
562
826
568
50
522
1475
562
826
569
54
522
614
814
560
562
58
561
48
522
870
558
568
562
58
562
573
1382
46
568
562
58
563
823
522
614
46
567
562
58
565
561
522
870
611
562
58
566
565
522
1382
558
566
562
58
567
569
522
1172
565
562
58
569
563
522
615
46
566
562
314
560
567
522
871
46
567
562
314
562
561
522
1127
612
562
314
563
53
522
615
558
563
562
314
564
825
522
871
558
561
562
314
566
51
522
1127
871
562
314
567
822
522
1429
566
562
314
569
48
522
1685
562
818
58
560
308
522
867
46
569
818
58
561
577
1123
46
567
818
58
563
561
522
1379
610
818
58
564
53
522
867
558
563
818
58
565
569
522
1123
558
562
818
58
567
563
522
657
562
818
58
568
567
522
913
563
818
314
560
817
522
612
610
818
314
561
565
522
1124
558
568
818
314
563
48
522
1380
814
564
818
314
564
820
522
868
302
568
818
314
565
313
522
1124
558
564
818
314
567
307
522
914
560
818
314
568
56
522
1170
560
818
570
560
827
613
612
818
570
561
53
522
1125
302
560
818
570
562
824
522
1381
46
568
818
570
564
49
522
613
814
569
818
570
565
308
522
1125
302
561
818
570
566
577
1381
46
564
818
570
568
305
522
1427
568
818
570
569
564
522
614
302
563
818
826
560
312
522
870
46
568
818
826
562
49
522
1126
608
818
826
563
53
522
614
302
569
818
826
564
578
870
302
568
818
826
566
828
1382
46
560
818
826
567
311
522
660
563
818
826
569
817
522
1481
818
58
560
821
522
871
558
566
818
58
561
569
522
1127
558
566
818
58
563
563
522
615
46
566
818
58
564
577
871
302
561
818
58
566
305
522
1127
867
818
58
567
566
522
1429
568
818
58
568
579
1477
818
314
560
309
522
872
558
562
818
314
561
825
522
1128
558
564
818
314
563
563
522
616
302
561
818
314
564
824
522
872
302
562
818
314
566
52
522
1384
302
566
818
314
567
57
522
1174
564
818
314
569
573
612
302
562
50
58
560
568
522
868
558
561
50
58
562
563
522
1380
302
561
50
58
563
824
522
612
558
561
50
58
565
563
522
1124
46
565
50
58
566
824
522
1380
558
560
50
58
568
51
522
914
568
50
58
569
824
522
613
302
569
50
314
561
51
522
869
870
50
314
562
824
522
1381
302
566
50
314
564
828
869
46
560
50
314
565
311
522
1125
46
561
50
314
566
56
522
1381
814
562
50
314
568
564
522
915
569
50
314
569
568
522
614
302
563
50
570
561
50
522
870
866
50
570
562
310
522
1382
814
566
50
570
564
570
614
606
50
570
565
820
522
1126
558
562
50
570
566
825
522
1382
814
561
50
570
568
51
522
1428
560
50
570
569
57
522
615
814
560
50
826
561
564
522
1127
558
560
50
826
562
313
522
1383
814
560
50
826
564
563
522
871
558
562
50
826
565
835
1127
558
565
50
826
567
53
522
1173
562
50
826
568
57
522
1429
565
50
58
560
52
522
872
302
563
50
58
561
568
522
1128
558
567
50
58
563
308
522
616
302
561
50
58
565
48
522
872
606
50
58
566
831
1384
46
560
50
58
568
306
522
918
562
50
58
569
824
522
617
558
563
50
314
561
564
522
1129
302
563
50
314
562
825
522
1385
558
568
50
314
564
52
522
873
302
564
50
314
565
568
522
1129
302
568
50
314
567
48
522
1385
302
565
50
314
568
564
522
1175
569
50
314
569
313
522
613
558
562
306
58
561
563
522
1125
46
562
306
58
562
311
522
1381
46
560
306
58
564
49
522
613
607
306
58
565
309
522
1125
558
563
306
58
567
304
522
1381
814
566
306
58
568
573
1427
565
306
58
569
835
614
814
563
306
314
561
563
522
1126
558
565
306
314
563
48
522
1382
606
306
314
564
310
522
870
46
560
306
314
566
826
1382
46
564
306
314
567
824
522
1172
561
306
314
569
573
615
302
563
306
570
560
568
522
871
302
567
306
570
562
572
1127
870
306
570
563
310
522
615
814
567
306
570
565
560
522
871
814
565
306
570
566
308
522
1383
302
565
306
570
567
312
522
917
566
306
570
569
306
522
1738
306
826
560
54
522
872
814
562
306
826
562
48
522
1128
558
569
306
826
563
573
616
46
564
306
826
564
567
522
872
814
568
306
826
566
48
522
1128
558
569
306
826
567
563
522
662
560
306
826
568
566
522
1686
563
306
58
560
48
522
617
558
568
306
58
561
52
522
1129
46
568
306
58
562
568
522
1385
46
565
306
58
563
308
522
1385
610
306
58
564
832
617
868
306
58
566
561
522
1385
46
568
306
58
567
308
522
1385
814
568
306
58
568
820
522
1175
566
306
58
569
312
522
618
558
562
306
314
560
53
522
874
558
562
306
314
561
569
522
1130
46
561
306
314
563
313
522
618
558
568
306
314
565
829
1130
46
566
306
314
566
833
1386
46
569
306
314
568
817
522
1230
306
314
569
309
522
1742
562
58
560
568
522
870
302
561
562
58
561
823
522
1126
302
569
562
58
562
55
522
1382
46
564
562
58
564
50
522
614
864
562
58
565
566
522
1126
558
566
562
58
567
55
522
1428
568
562
58
569
816
522
1684
566
562
314
560
52
522
871
302
562
562
314
561
312
522
1127
302
560
562
314
563
571
1383
612
562
314
564
309
522
871
558
562
562
314
565
57
522
1127
302
567
562
314
567
50
522
1383
864
562
314
568
831
1429
565
562
314
569
569
522
616
302
568
562
570
561
50
522
872
863
562
570
562
821
522
1384
558
563
562
570
563
834
616
302
565
562
570
565
816
522
1128
302
563
562
570
567
827
1384
611
562
570
568
570
918
561
562
570
569
571
873
302
569
562
826
561
568
522
1129
302
561
562
826
563
306
522
1385
615
562
826
564
565
522
617
867
562
826
565
568
522
1129
302
560
562
826
567
817
522
1385
610
562
826
568
565
522
1431
561
562
826
569
834
618
302
566
562
58
561
562
522
874
868
562
58
562
54
522
1386
814
565
562
58
564
304
522
618
46
567
562
58
565
819
522
1130
46
568
562
58
566
833
1386
302
562
562
58
568
306
522
1487
562
58
569
55
522
619
46
564
562
314
561
561
522
875
615
562
314
562
54
522
1387
814
564
562
314
564
560
522
619
814
568
562
314
565
830
875
865
562
314
566
568
522
1387
302
562
562
314
568
306
522
1481
562
314
569
831
615
558
569
818
58
561
48
522
871
814
561
818
58
562
820
522
1383
302
565
818
58
563
578
615
558
561
818
58
565
819
522
1127
46
566
818
58
566
577
1383
302
560
818
58
568
562
522
1480
818
58
569
822
522
616
814
564
818
314
561
48
522
872
814
566
818
314
562
817
522
1128
46
566
818
314
563
561
522
1384
612
818
314
564
309
522
872
558
562
818
314
565
312
522
1128
302
563
818
314
567
571
1384
609
818
314
568
574
1174
562
818
314
569
577
617
46
563
818
570
561
561
522
873
607
818
570
562
53
522
1385
558
562
818
570
563
313
522
617
558
568
818
570
565
564
522
1129
302
566
818
570
566
834
1385
558
562
818
570
568
563
522
919
568
818
570
569
56
522
618
302
563
818
826
561
306
522
874
615
818
826
562
55
522
1386
46
567
818
826
563
57
522
618
610
818
826
565
565
522
1130
558
568
818
826
567
560
522
1386
814
564
818
826
568
574
1432
563
818
826
569
313
522
619
558
568
818
58
561
564
522
1131
302
564
818
58
562
568
522
1387
302
569
818
58
564
307
522
875
46
563
818
58
565
567
522
1131
46
569
818
58
567
50
522
1387
864
818
58
568
54
522
1433
568
818
314
560
816
522
620
814
568
818
314
561
574
1132
302
567
818
314
562
578
1388
558
560
818
314
564
307
522
876
46
562
818
314
565
567
522
1132
46
568
818
314
567
306
522
1388
867
818
314
568
822
522
1690
569
108
560
816
522
616
612
108
561
575
1128
814
561
108
563
48
522
1384
814
561
108
564
574
872
558
560
108
565
578
1128
558
561
108
567
563
522
662
562
108
568
567
522
918
563
364
560
817
522
617
610
364
561
565
522
1129
558
567
364
562
579
1385
814
560
364
564
564
522
873
558
561
364
565
57
522
1129
558
568
364
567
308
522
919
564
364
568
56
522
1431
560
620
560
307
522
874
46
562
620
561
823
522
1130
46
564
620
563
49
522
1386
612
620
564
575
874
558
566
620
566
570
1130
608
620
567
574
1176
568
620
569
48
522
1688
560
876
560
829
875
46
569
876
561
577
1131
46
560
876
562
568
522
1387
814
560
876
564
829
875
46
568
876
565
577
1131
46
569
876
567
562
522
1387
864
876
568
54
522
1689
564
108
560
304
522
620
814
566
108
561
574
1132
558
561
108
562
825
522
1388
558
566
108
564
829
876
46
561
108
565
312
522
1132
302
567
108
567
827
666
561
108
568
823
522
1690
566
364
560
561
522
621
614
364
561
821
522
877
869
364
562
568
522
1389
302
568
364
564
572
621
870
364
565
55
522
1133
814
562
364
567
561
522
1389
608
364
568
53
522
1435
566
364
569
825
522
617
814
564
364
561
574
1129
558
562
364
562
825
522
1385
558
566
364
564
574
873
558
562
364
565
569
522
1129
558
569
364
567
564
522
919
567
364
568
57
522
1431
565
620
560
573
874
302
562
620
561
312
522
1130
302
568
620
563
828
618
46
560
620
564
311
522
874
46
561
620
566
305
522
1130
608
620
567
821
522
1176
565
620
568
568
522
1688
561
876
560
52
522
875
302
565
876
561
834
1131
558
562
876
563
51
522
619
46
566
876
564
577
875
302
560
876
566
562
522
1131
864
876
567
822
522
1433
564
876
569
304
522
1689
563
1132
560
53
522
876
558
563
1132
561
825
522
1132
814
560
1132
563
820
522
620
302
566
1132
564
578
876
558
560
1132
566
307
522
1388
46
562
1132
567
567
522
666
562
1132
569
561
522
1484
364
560
565
522
877
558
563
364
561
313
522
1133
302
568
364
563
308
522
621
302
568
364
564
569
522
877
558
568
364
566
308
522
1389
302
565
364
567
578
1179
562
364
569
307
522
622
46
569
620
560
568
522
878
302
568
620
562
819
522
1390
46
568
620
563
824
522
622
302
567
620
565
563
522
878
866
620
566
56
522
1390
302
567
620
568
563
522
1493
620
569
824
778
608
302
567
51
58
561
307
778
1120
46
564
51
58
562
823
778
1376
46
569
51
58
564
306
778
608
865
51
58
565
310
778
1120
814
566
51
58
567
560
778
1376
814
568
51
58
568
1086
1166
566
51
58
569
569
778
609
558
564
51
314
561
819
778
1121
46
568
51
314
562
56
778
1377
302
562
51
314
564
306
778
865
46
561
51
314
565
1089
1121
302
568
51
314
567
829
911
566
51
314
568
569
778
1423
560
51
570
560
565
778
866
814
562
51
570
562
49
778
1122
615
51
570
563
566
778
610
46
561
51
570
565
305
778
866
615
51
570
566
566
778
1378
46
562
51
570
568
561
778
1475
51
570
569
832
611
46
564
51
826
561
1083
867
867
51
826
562
567
778
1379
46
568
51
826
564
562
778
611
870
51
826
565
567
778
1123
302
563
51
826
567
828
657
561
51
826
568
311
778
913
567
51
58
560
1083
612
862
51
58
561
54
778
1124
814
562
51
58
563
816
778
1380
814
564
51
58
564
829
868
302
568
51
58
565
57
778
1124
558
563
51
58
567
307
778
658
568
51
58
568
56
778
914
568
51
314
560
562
778
613
870
51
314
561
55
778
1125
46
562
51
314
563
49
778
1381
613
51
314
564
310
778
869
814
564
51
314
566
826
1125
606
51
314
567
821
778
1171
565
51
314
568
57
778
1427
568
307
58
560
829
865
46
569
307
58
561
56
778
1121
302
560
307
58
563
50
778
1377
863
307
58
564
821
778
865
814
562
307
58
566
48
778
1121
814
562
307
58
567
830
1167
562
307
58
568
569
778
1679
560
307
314
560
563
778
866
302
569
307
314
561
569
778
1122
814
561
307
314
563
308
778
610
302
