48
58
560
560
10
608
814
566
48
58
561
565
10
1120
302
569
48
58
562
312
10
1376
558
564
48
58
564
48
10
608
302
560
48
58
565
562
10
864
869
48
58
566
823
10
1376
46
567
48
58
568
306
10
1474
48
58
569
566
10
609
814
569
48
314
561
561
10
865
609
48
314
562
309
10
1377
558
566
48
314
563
569
10
609
558
567
48
314
565
822
10
1121
46
568
48
314
566
563
10
1121
558
567
48
314
567
53
10
1377
615
48
314
568
315
1423
561
48
314
569
62
610
814
562
48
570
561
48
10
866
814
564
48
570
562
819
10
1378
613
48
570
564
53
10
866
46
562
48
570
565
316
866
614
48
570
566
561
10
1122
814
560
48
570
567
52
10
912
560
48
570
568
55
10
1168
569
48
826
560
49
10
611
862
48
826
561
822
10
1123
46
567
48
826
563
304
10
1379
814
566
48
826
564
62
867
302
569
48
826
565
66
1123
558
560
48
826
567
307
10
657
561
48
826
568
64
913
560
48
58
560
49
10
612
606
48
58
561
318
1124
302
569
48
58
562
66
1380
302
567
48
58
564
60
612
870
48
58
565
64
1124
814
567
48
58
567
816
10
1380
814
568
48
58
568
62
1170
568
48
58
569
824
10
613
302
564
48
314
561
50
10
869
614
48
314
562
54
10
1381
558
568
48
314
563
313
10
613
558
562
48
314
565
818
10
869
864
48
314
566
319
1381
558
562
48
314
567
824
10
915
561
48
314
569
49
10
1683
566
304
58
560
317
865
46
561
304
58
561
822
10
1121
558
566
304
58
562
824
10
1377
302
560
304
58
564
561
10
609
558
567
304
58
565
819
10
865
863
304
58
566
566
10
1121
862
304
58
567
50
10
1377
606
304
58
568
61
1167
567
304
58
569
53
10
610
46
566
304
314
560
55
10
866
814
564
304
314
562
60
1122
558
561
304
314
563
560
10
1378
558
560
304
314
564
60
610
864
304
314
565
561
10
1122
302
566
304
314
566
566
10
1378
870
304
314
568
822
10
1424
568
304
314
569
63
1728
304
570
560
309
10
611
867
304
570
562
561
10
1379
558
567
304
570
564
59
611
606
304
570
565
820
10
867
870
304
570
566
320
1379
814
562
304
570
567
569
10
1169
561
304
570
569
305
10
1729
304
826
560
53
10
868
302
568
304
826
561
568
10
1124
46
564
304
826
563
314
1380
814
560
304
826
564
51
10
612
868
304
826
565
63
1124
558
560
304
826
566
312
10
1380
46
563
304
826
568
816
10
1170
565
304
826
569
562
10
914
569
304
58
560
564
10
613
609
304
58
561
313
10
1125
558
560
304
58
562
310
10
613
302
569
304
58
564
308
10
613
606
304
58
565
817
10
869
302
564
304
58
566
50
10
1125
46
560
304
58
567
564
10
915
569
304
58
568
63
1683
568
304
314
560
62
614
814
569
304
314
561
58
870
302
562
304
314
561
823
10
1126
558
569
304
314
563
50
10
1382
46
569
304
314
564
48
10
614
611
304
314
565
53
10
1126
302
565
304
314
567
62
916
563
304
314
568
56
10
916
566
560
58
560
49
10
610
606
560
58
561
52
10
1122
302
562
560
58
562
65
1378
46
564
560
58
564
314
610
814
565
560
58
565
61
1122
46
565
560
58
566
55
10
1378
814
564
560
58
567
67
1168
562
560
58
569
818
10
1480
560
314
560
318
611
814
564
560
314
561
561
10
1123
814
561
560
314
562
319
1379
814
569
560
314
564
50
10
611
610
560
314
565
62
1123
302
561
560
314
566
311
10
1379
814
568
560
314
567
310
10
657
563
560
314
568
566
10
1475
560
314
569
51
10
1735
560
570
560
822
10
868
814
560
560
570
561
569
10
1124
46
562
560
570
562
822
10
1380
814
562
560
570
564
48
10
612
558
569
560
570
565
307
10
1124
46
566
560
570
566
55
10
1380
46
562
560
570
568
49
10
1426
568
560
570
569
564
10
613
302
566
560
826
560
312
10
869
302
565
560
826
562
50
10
1125
868
560
826
563
64
613
814
569
560
826
564
321
869
46
566
560
826
565
311
10
1125
302
564
560
826
567
306
10
1381
558
563
560
826
568
822
10
1683
560
560
826
569
55
10
614
46
562
560
58
560
55
10
870
46
569
560
58
562
816
10
1126
558
566
560
58
563
564
10
614
302
560
560
58
564
567
10
870
814
563
560
58
565
569
10
1126
814
567
560
58
567
564
10
1382
558
569
560
58
567
57
10
916
562
560
314
560
53
10
871
302
560
560
314
561
52
10
1127
46
566
560
314
562
567
10
1383
46
560
560
314
563
569
10
615
814
564
560
314
565
308
10
871
814
562
560
314
566
58
1127
814
565
560
314
567
308
10
661
561
560
314
568
567
10
1685
566
560
314
569
310
10
1741
816
58
560
54
10
867
558
568
816
58
561
53
10
867
864
816
58
562
306
10
1379
610
816
58
564
49
10
611
814
564
816
58
565
561
10
867
814
568
816
58
566
52
10
1123
614
816
58
567
61
657
564
816
58
569
816
10
612
558
565
816
314
560
323
868
558
564
816
314
562
566
10
1380
46
562
816
314
563
566
10
612
558
566
816
314
564
564
10
612
863
816
314
565
53
10
868
871
816
314
567
62
1380
867
816
314
569
819
10
1475
816
570
561
59
1381
302
565
816
570
563
823
10
613
814
566
816
570
564
54
10
613
866
816
570
565
318
869
868
816
570
566
818
10
1125
302
564
816
570
567
305
10
1381
302
565
816
570
568
58
1219
816
570
569
67
614
302
567
816
826
561
52
10
1126
302
560
816
826
563
568
10
870
814
568
816
826
566
818
10
1126
558
566
816
826
566
568
10
1382
814
562
816
826
567
54
10
1382
870
816
826
568
310
10
1684
562
816
826
569
67
615
558
566
816
58
561
819
10
871
871
816
58
562
566
10
1383
814
564
816
58
564
304
10
615
558
568
816
58
565
307
10
1127
46
562
816
58
566
55
10
1383
814
567
816
58
568
816
10
1429
560
816
58
569
563
10
616
46
564
816
314
560
55
10
872
814
565
816
314
562
560
10
1128
558
567
816
314
563
819
10
1384
869
816
314
564
822
10
872
558
568
816
314
565
825
10
1128
302
568
816
314
567
562
10
1384
614
816
314
568
821
10
1174
567
816
314
569
312
10
612
46
566
48
58
561
49
10
868
814
565
48
58
562
52
10
1380
46
564
48
58
563
822
10
612
558
562
48
58
566
305
10
1380
46
561
48
58
567
53
10
1170
568
48
314
560
314
869
46
569
48
314
561
65
1125
814
560
48
314
563
319
613
46
568
48
314
564
567
10
869
302
566
48
314
565
309
10
1125
46
569
48
314
566
311
10
1381
302
566
48
314
567
568
10
659
564
48
314
568
57
10
1427
569
48
570
560
563
10
1126
610
48
570
563
560
10
1382
302
565
48
570
563
67
614
558
565
48
570
565
48
10
870
302
566
48
570
566
563
10
1126
814
562
48
570
567
560
10
1382
558
567
48
570
568
563
10
1483
48
570
569
53
10
615
558
565
48
826
560
322
871
302
562
48
826
562
561
10
1127
814
568
48
826
563
564
10
615
46
564
48
826
564
64
871
814
560
48
826
565
825
10
1127
302
566
48
826
567
59
1383
607
48
826
568
52
10
917
566
48
826
569
64
616
814
560
48
58
560
569
10
872
814
561
48
58
562
561
10
1128
814
568
48
58
563
52
10
616
46
562
48
58
564
54
10
872
302
568
48
58
565
312
10
1128
46
566
48
58
567
560
10
1384
558
567
48
58
568
60
1230
48
58
569
62
617
46
569
48
314
560
55
10
873
814
560
48
314
561
313
10
1129
302
562
48
314
563
817
10
1385
814
564
48
314
564
51
10
617
868
48
314
565
821
10
1129
302
568
48
314
566
321
1385
46
560
48
314
568
304
10
1175
562
48
314
569
562
10
1481
304
58
560
564
10
869
46
563
304
58
561
822
10
1125
558
561
304
58
562
824
10
1381
46
564
304
58
564
48
10
613
558
563
304
58
565
50
10
869
612
304
58
566
308
10
1381
46
566
304
58
567
822
10
1171
567
304
58
568
824
10
915
568
304
314
560
58
614
558
569
304
314
561
816
10
870
863
304
314
562
309
10
1382
302
562
304
314
563
823
10
614
814
563
304
314
564
321
870
302
564
304
314
566
49
10
1126
814
568
304
314
566
55
10
1382
814
564
304
314
567
825
10
916
563
304
314
569
561
10
1684
562
304
314
569
313
10
615
814
561
304
570
560
313
10
871
302
560
304
570
562
314
1127
558
569
304
570
563
60
1383
613
304
570
564
820
10
871
46
566
304
570
565
566
10
1127
558
565
304
570
566
56
10
1383
46
564
304
570
568
48
10
917
567
304
570
569
562
10
1478
304
826
560
317
616
870
304
826
561
565
10
1128
302
564
304
826
562
311
10
1384
558
569
304
826
563
568
10
616
46
563
304
826
565
304
10
872
302
562
304
826
566
305
10
1128
814
562
304
826
567
824
10
662
565
304
826
568
57
10
1430
561
304
58
560
315
617
814
568
304
58
561
61
873
869
304
58
562
821
10
1385
302
568
304
58
563
567
10
617
814
569
304
58
565
48
10
873
302
560
304
58
567
820
10
663
564
304
58
569
818
10
1488
304
314
560
53
10
874
302
562
304
314
561
823
10
1130
814
565
304
314
562
569
10
1386
302
568
304
314
564
58
618
608
304
314
565
52
10
1130
46
564
304
314
566
64
1386
814
560
304
314
567
825
10
920
565
304
314
569
59
1480
560
58
560
820
10
614
866
560
58
561
64
1126
814
561
560
58
562
311
10
1126
866
560
58
563
821
10
614
558
560
560
58
564
56
10
870
46
567
560
58
566
49
10
1126
814
564
560
58
567
61
660
561
560
58
568
310
10
1428
569
560
58
569
825
10
615
302
567
560
314
561
306
10
871
612
560
314
562
819
10
1383
814
568
560
314
564
820
10
871
46
568
560
314
565
54
10
1127
814
568
560
314
566
311
10
1383
46
565
560
314
567
50
10
1383
814
561
560
314
568
61
1173
566
560
314
569
560
10
1685
560
560
570
560
307
10
872
302
560
560
570
563
52
10
616
610
560
570
565
307
10
1128
46
564
560
570
567
67
918
568
560
570
569
564
10
1743
560
826
560
310
10
873
302
566
560
826
561
310
10
1129
302
562
560
826
563
817
10
1385
814
563
560
826
564
51
10
617
866
560
826
565
818
10
873
302
564
560
826
566
305
10
1129
814
565
560
826
567
562
10
919
568
560
826
569
304
10
1479
560
58
560
308
10
874
46
560
560
58
561
822
10
874
610
560
58
562
818
10
1130
46
568
560
58
565
50
10
874
606
560
58
566
561
10
664
562
560
58
568
56
10
1432
564
560
314
560
319
875
46
568
560
314
562
61
1131
612
560
314
563
565
10
875
302
566
560
314
565
312
10
1387
302
569
560
314
567
56
10
921
568
560
314
569
564
10
1689
562
816
58
560
563
10
871
46
560
816
58
561
310
10
1127
814
560
816
58
562
57
10
1383
302
569
816
58
564
50
10
615
46
565
816
58
564
320
871
302
561
816
58
566
305
10
1383
814
562
816
58
567
825
10
1429
565
816
58
569
65
616
558
568
816
314
561
58
872
302
566
816
314
562
561
10
1128
614
816
314
563
563
10
1384
608
816
314
564
314
616
558
567
816
314
565
562
10
872
814
562
816
314
566
52
10
1384
46
563
816
314
567
566
10
1174
561
816
314
568
65
918
566
816
314
569
563
10
617
46
560
816
570
560
319
617
609
816
570
562
317
1129
558
564
816
570
563
48
10
1385
558
560
816
570
564
50
10
617
302
562
816
570
565
308
10
1129
46
562
816
570
566
820
10
1385
558
562
816
570
567
824
10
1431
562
816
570
569
816
10
1431
564
816
826
560
48
10
618
558
563
816
826
560
824
10
874
46
562
816
826
561
825
10
1130
558
562
816
826
562
313
10
1386
302
562
816
826
563
56
10
618
46
561
816
826
565
304
10
874
46
566
816
826
566
562
10
1130
608
816
826
567
816
10
1386
558
568
816
826
568
560
10
664
564
816
826
568
320
1176
562
816
826
569
57
10
619
302
568
816
58
561
818
10
875
614
816
58
562
53
10
1387
558
562
816
58
563
322
619
302
564
816
58
565
306
10
875
613
816
58
566
565
10
1387
302
568
816
58
567
308
10
1387
608
816
58
568
564
10
1177
561
816
58
569
822
10
620
558
566
816
314
561
816
10
876
558
566
816
314
564
568
10
1388
46
561
816
314
567
66
1178
560
106
560
565
10
872
302
565
106
561
567
10
872
866
106
562
63
1384
558
564
106
564
65
872
46
564
106
565
824
10
1128
302
560
106
566
66
1384
302
565
106
567
568
10
662
568
106
569
561
10
1430
562
362
560
308
10
873
46
562
362
561
52
10
873
814
564
362
562
819
10
1385
46
562
362
563
310
10
617
558
567
362
564
57
10
873
302
564
362
566
48
10
1129
608
362
567
564
10
919
562
362
568
823
10
919
562
362
569
569
10
618
814
562
618
560
569
10
874
814
568
618
562
816
10
1130
302
564
618
563
51
10
618
46
562
618
564
60
618
558
566
618
565
563
10
874
870
618
566
566
10
1386
814
564
618
567
56
10
1176
564
618
569
48
10
619
302
562
874
562
51
10
1387
558
564
874
564
565
10
619
866
874
565
51
10
875
610
874
566
48
10
1131
814
564
874
567
560
10
1387
864
874
568
51
10
1177
560
874
569
51
10
620
46
560
106
560
566
10
620
868
106
561
50
10
876
558
568
106
561
67
1132
814
560
106
563
51
10
1388
558
562
106
563
56
10
876
558
560
106
565
57
10
1388
46
560
106
567
566
10
922
564
106
569
562
10
1741
362
560
319
877
814
560
362
561
67
1133
558
567
362
563
563
10
621
46
566
362
564
55
10
877
46
563
362
566
561
10
1133
606
362
567
318
923
568
362
568
312
10
1179
563
362
560
50
10
617
615
362
561
821
10
1129
558
566
362
562
57
10
1385
558
563
362
564
563
10
617
870
362
565
64
1129
814
567
362
567
560
10
1385
814
564
362
568
52
10
1175
563
362
569
312
10
618
302
560
618
561
59
874
612
618
562
309
10
1386
558
562
618
563
313
10
618
46
562
618
565
562
10
874
865
618
566
821
10
1386
558
567
618
567
57
10
920
569
618
569
818
10
1740
874
560
63
875
46
560
874
561
562
10
875
46
566
874
563
313
10
619
302
567
874
565
315
875
612
874
566
53
10
1387
302
568
874
567
824
10
665
566
874
569
314
1689
562
1130
560
307
10
620
869
1130
561
319
1132
302
569
1130
562
568
10
1388
46
563
1130
564
48
10
620
558
566
1130
564
320
876
814
562
1130
565
57
10
1132
302
565
1130
569
560
10
877
302
566
362
562
58
1746
618
565
565
10
1134
46
563
618
567
560
10
1390
558
569
618
568
563
10
1488
618
569
565
266
608
302
567
49
58
560
321
864
814
569
49
58
562
48
266
1120
558
560
49
58
563
50
266
1376
814
569
49
58
564
573
608
871
49
58
565
319
1120
302
568
49
58
566
321
1376
814
568
49
58
567
323
910
569
49
58
569
50
266
1470
49
314
560
564
266
865
46
563
49
314
561
54
266
1121
558
566
49
314
562
824
266
1377
46
562
49
314
564
49
266
609
814
561
49
314
565
563
266
865
865
49
314
566
53
266
1377
302
564
49
314
567
55
266
1423
565
49
314
568
313
266
1167
564
49
570
560
49
266
610
814
564
49
570
561
51
266
866
865
49
570
562
821
266
1378
302
562
49
570
563
311
266
610
814
560
49
570
564
57
266
866
46
569
49
570
566
314
1122
558
566
49
570
567
562
266
1378
608
49
570
568
52
266
912
562
49
570
569
566
266
611
558
561
49
826
560
56
266
867
814
569
49
826
561
579
1123
302
568
49
826
563
315
1379
814
567
49
826
564
819
266
611
868
49
826
565
565
266
1123
302
564
49
826
566
55
266
1379
814
563
49
826
567
569
266
913
560
49
826
569
49
266
1681
562
49
58
560
307
266
612
863
49
58
561
53
266
1124
302
562
49
58
562
823
266
1380
814
562
49
58
563
57
266
612
302
566
49
58
565
315
868
814
569
49
58
567
48
266
1380
302
562
49
58
568
817
266
1474
49
58
569
820
266
613
302
566
49
314
560
577
869
46
562
49
314
561
313
266
1125
558
568
49
314
563
316
1381
865
49
314
564
309
266
869
46
565
49
314
565
56
266
1125
46
562
49
314
567
48
266
1381
558
566
49
314
567
57
266
1171
567
49
314
568
57
266
1171
561
305
58
560
817
266
609
814
567
305
58
560
55
266
865
814
566
305
58
561
825
266
1121
302
569
305
58
563
315
1377
606
305
58
564
308
266
865
46
560
305
58
565
320
1121
814
560
305
58
566
568
266
1377
302
563
305
58
568
49
266
1423
566
305
58
569
573
1479
305
314
560
822
266
866
558
565
305
314
561
312
266
1122
46
564
305
314
563
305
266
1378
814
563
305
314
564
51
266
610
869
305
314
565
319
866
870
305
314
566
56
266
1378
46
567
305
314
568
49
266
1424
562
305
314
568
579
1424
562
305
314
569
313
266
611
302
569
305
570
561
562
266
867
610
305
570
562
52
266
1379
46
569
305
570
563
567
266
611
814
564
305
570
564
569
266
867
302
568
305
570
565
323
1123
608
305
570
567
52
266
657
567
305
570
568
55
266
1681
562
305
570
569
313
266
612
46
564
305
826
561
306
266
868
608
305
826
562
318
1380
302
562
305
826
563
567
266
612
814
568
305
826
565
560
266
1124
814
564
305
826
567
821
266
658
569
305
826
568
577
914
562
305
58
560
560
266
613
558
569
305
58
561
819
266
869
868
305
58
562
310
266
1381
558
566
305
58
563
313
266
613
302
567
305
58
565
562
266
869
612
305
58
566
53
266
1381
302
564
305
58
567
311
266
659
560
305
58
569
816
266
1427
565
305
314
560
316
614
862
305
314
561
821
266
1126
302
566
305
314
562
577
1382
46
562
305
314
564
48
266
614
558
566
305
314
565
572
870
864
305
314
566
53
266
1382
302
567
305
314
567
577
660
562
305
314
569
48
266
1428
565
561
58
560
818
266
610
614
561
58
561
318
1122
46
568
561
58
562
320
1378
558
568
561
58
563
322
610
46
567
561
58
565
560
266
866
558
565
561
58
566
50
266
1122
608
561
58
567
308
266
1378
871
561
58
568
821
266
1168
564
561
58
569
55
266
611
814
561
561
314
560
578
867
46
565
561
314
562
48
266
1123
558
562
561
314
563
571
1379
814
566
561
314
564
51
266
611
862
561
314
565
820
266
1123
46
564
561
314
566
310
266
1379
302
568
561
314
567
311
266
1425
562
561
314
568
578
913
565
561
570
560
560
266
612
558
562
561
570
561
560
266
868
814
563
561
570
562
561
266
1124
302
560
561
570
562
56
266
1380
302
562
561
570
563
52
266
612
46
563
561
570
564
53
266
612
866
561
570
565
567
266
1124
558
565
561
570
566
313
266
1380
46
568
561
570
568
560
266
1170
561
561
570
569
306
266
1170
568
561
826
560
51
266
613
865
561
826
561
51
266
1125
46
568
561
826
562
566
266
1381
302
568
561
826
563
577
613
814
568
561
826
564
310
266
869
302
561
561
826
566
816
266
1125
558
563
561
826
567
571
1381
814
565
561
826
568
562
266
1226
561
826
569
561
266
1427
569
561
58
562
571
1126
302
566
561
58
563
818
266
1382
614
561
58
564
52
266
1382
558
564
561
58
567
312
266
1172
569
561
58
568
825
266
1172
561
561
314
560
314
615
558
564
561
314
561
50
266
871
814
566
561
314
562
563
266
1127
613
561
314
563
820
266
1383
814
569
561
314
563
323
615
302
562
561
314
565
49
266
871
814
563
561
314
565
310
266
1127
302
568
561
314
566
55
266
1383
302
568
561
314
567
309
266
611
814
562
817
58
562
562
266
1123
814
569
817
58
563
51
266
611
302
566
817
58
565
575
1123
302
563
817
58
567
818
266
1379
46
568
817
58
568
818
266
1475
817
58
569
315
612
46
563
817
314
560
575
868
302
565
817
314
561
311
266
1124
558
568
817
314
562
56
266
1380
46
560
817
314
563
825
266
612
302
564
817
314
565
49
266
868
558
568
817
314
566
306
266
1124
609
817
314
567
308
266
1380
871
817
314
568
821
266
1170
565
817
314
569
823
266
613
814
561
817
570
560
578
869
46
567
817
570
562
560
266
1125
558
564
817
570
563
562
266
1381
814
569
817
570
564
52
266
613
870
817
570
565
565
266
1125
302
563
817
570
566
823
266
1381
814
561
817
570
567
322
659
567
817
570
569
560
266
1427
565
817
826
560
50
266
614
608
817
826
561
308
266
870
871
817
826
562
319
1382
302
566
817
826
563
311
266
614
814
561
817
826
564
57
266
870
46
568
817
826
566
560
266
1126
558
564
817
826
567
306
266
1382
814
568
817
826
568
307
266
1478
817
826
569
53
266
615
46
567
817
58
560
54
266
871
302
567
817
58
561
822
266
1127
867
817
58
563
573
871
46
562
817
58
565
563
266
1127
302
566
817
58
566
57
266
1173
569
817
314
560
53
266
616
611
817
314
561
305
266
872
46
568
817
314
562
314
1128
814
560
817
314
563
819
266
616
302
566
817
314
565
48
266
872
814
561
817
314
566
316
1128
814
565
817
314
567
560
266
1384
814
569
817
314
568
48
266
1174
565
817
314
569
565
266
1735
49
58
560
312
266
868
558
560
49
58
562
565
266
1124
814
567
49
58
563
319
1124
46
567
49
58
567
51
266
1380
606
49
58
568
817
266
1224
49
58
569
52
266
613
558
564
49
314
561
48
266
1125
46
562
49
314
563
565
266
613
46
567
49
314
564
821
266
869
46
565
49
314
565
55
266
1125
302
562
49
314
566
56
266
1381
558
566
49
314
567
578
915
566
49
314
569
567
266
1738
49
570
560
310
266
614
607
49
570
561
562
266
870
814
568
49
570
562
563
266
1126
610
49
570
564
819
266
870
302
567
49
570
565
55
266
1126
814
561
49
570
566
322
1382
46
564
49
570
568
48
266
1172
561
49
570
569
315
1684
566
49
826
560
51
266
871
558
563
49
826
561
55
266
1127
558
560
49
826
563
567
266
615
814
564
49
826
564
822
266
871
46
567
49
826
566
560
266
1127
558
566
49
826
567
561
266
1383
46
562
49
826
568
48
266
1228
49
826
569
561
266
616
558
564
49
58
561
305
266
872
814
561
49
58
562
569
266
1384
46
564
49
58
563
323
616
558
560
49
58
565
50
266
872
862
49
58
566
53
266
1384
558
561
49
58
568
50
266
918
569
49
314
560
825
266
873
558
566
49
314
563
560
266
617
558
560
49
314
565
824
266
1129
558
563
49
314
567
51
266
1385
863
49
314
568
309
266
1175
561
49
314
569
311
266
613
814
561
305
58
560
569
266
869
302
563
305
58
562
305
266
1125
814
568
305
58
563
308
266
613
46
564
305
58
564
320
869
814
562
305
58
565
323
1125
558
565
305
58
567
307
266
1381
866
305
58
568
310
266
1427
566
305
58
569
569
266
614
302
567
305
314
561
818
266
870
615
305
314
562
53
266
1382
302
568
305
314
563
568
266
614
46
565
305
314
564
824
266
870
46
568
305
314
565
311
266
1126
814
564
305
314
566
56
266
1382
302
569
305
314
568
562
266
1224
305
314
569
820
266
615
46
569
305
570
560
567
266
871
302
568
305
570
561
323
1127
558
561
305
570
563
50
266
1383
614
305
570
564
309
266
871
302
564
305
570
565
565
266
871
814
569
305
570
566
52
266
1383
46
564
305
570
567
821
266
1173
569
305
570
568
569
266
1173
563
305
826
560
305
266
616
814
566
305
826
561
317
872
814
568
305
826
562
310
266
1384
558
562
305
826
563
56
266
616
46
565
305
826
565
48
266
872
558
567
305
826
566
304
266
1128
863
305
826
567
821
266
918
566
305
826
568
321
1686
569
305
58
560
560
266
617
558
564
305
58
562
821
266
1385
302
566
305
58
563
54
266
617
814
569
305
58
564
310
266
873
46
564
305
58
565
566
266
873
862
305
58
566
566
266
919
569
305
58
568
319
1223
305
58
569
50
266
618
46
569
305
314
560
567
266
874
814
566
305
314
562
48
266
1130
558
564
305
314
562
568
266
1386
558
568
305
314
563
311
266
618
302
566
305
314
565
306
266
874
612
305
314
566
309
266
1386
302
566
305
314
567
312
266
664
566
305
314
569
49
266
1688
564
561
58
560
573
870
46
563
561
58
561
822
266
1126
814
562
561
58
562
313
266
1382
302
568
561
58
564
562
266
614
612
561
58
565
574
870
868
561
58
566
564
266
1126
814
564
561
58
567
573
660
562
561
58
568
574
1732
561
314
560
309
266
871
302
562
561
314
561
311
266
1127
814
566
561
314
562
569
266
1383
302
567
561
314
564
571
615
814
569
561
314
565
573
871
864
561
314
566
566
266
1127
611
561
314
567
818
266
1383
609
561
314
568
564
266
1429
565
561
314
569
310
266
616
302
566
561
570
561
560
266
1128
46
561
561
570
562
52
266
1128
814
560
561
570
563
314
1384
863
561
570
564
305
266
616
302
562
561
570
565
816
266
1128
814
563
561
570
566
57
266
1384
302
565
561
570
568
305
266
1430
566
561
570
569
317
1742
561
826
560
569
266
873
558
560
561
826
561
321
1129
46
561
561
826
563
304
266
1385
558
562
561
826
564
562
266
617
609
561
826
565
52
266
1129
46
565
561
826
566
566
266
1385
558
568
561
826
567
313
266
919
565
561
826
569
315
1482
561
58
560
820
266
874
302
561
561
58
561
311
266
1130
814
567
561
58
563
48
266
1386
558
563
561
58
564
562
266
618
615
561
58
565
565
266
1130
302
565
561
58
566
321
1386
46
561
561
58
568
304
266
1176
567
561
58
569
51
266
1738
561
314
560
53
266
875
302
566
561
314
561
321
1131
46
560
561
314
563
816
266
1387
558
565
561
314
564
57
266
875
302
560
561
314
566
305
266
1131
814
566
561
314
567
562
266
665
560
561
314
568
310
266
1433
562
561
314
569
56
266
615
46
565
817
58
561
560
266
871
558
567
817
58
562
572
1127
862
817
58
563
565
266
615
302
564
817
58
564
55
266
871
814
568
817
58
566
48
266
1127
558
562
817
58
567
562
266
1383
814
569
817
58
568
574
1173
560
817
58
569
567
266
616
814
564
817
314
560
569
266
872
302
567
817
314
562
571
1128
606
817
314
563
308
266
616
46
562
817
314
564
310
266
872
558
563
817
314
565
824
266
1128
46
561
817
314
567
816
266
1384
46
568
817
314
568
562
266
1224
817
314
569
564
266
617
46
562
817
570
560
822
266
873
558
564
817
570
561
56
266
1129
46
566
817
570
563
314
1385
814
560
817
570
564
819
266
617
868
817
570
565
54
266
1129
558
565
817
570
566
57
266
1385
302
566
817
570
568
562
266
1230
817
570
569
821
266
618
302
568
817
826
560
568
266
874
46
567
817
826
562
49
266
1130
814
564
817
826
563
317
618
46
561
817
826
564
310
266
874
558
568
817
826
565
313
266
1130
302
565
817
826
567
315
1386
607
817
826
568
308
266
920
569
817
826
569
567
266
619
814
565
817
58
560
323
875
558
561
817
58
562
50
266
1131
612
817
58
563
53
266
619
302
562
817
58
564
311
266
875
814
568
817
58
566
48
266
1131
558
562
817
58
567
306
266
1387
614
817
58
568
53
266
1177
562
817
58
569
311
266
620
814
566
817
314
560
579
876
558
561
817
314
562
50
266
1132
612
817
314
563
574
620
302
562
817
314
564
823
266
876
814
568
817
314
565
825
266
1132
558
565
817
314
567
572
1388
864
817
314
568
565
266
1434
560
817
314
569
56
266
616
46
568
107
561
304
266
872
814
563
107
562
573
1128
302
569
107
563
816
266
1384
558
560
107
564
562
266
616
558
563
107
566
314
1384
46
566
107
567
320
662
569
107
568
307
266
1430
567
363
562
562
266
1129
814
562
363
563
560
266
873
46
562
363
565
818
266
1385
302
560
363
567
322
1687
562
619
561
816
266
874
46
569
619
564
565
266
618
862
619
565
310
266
1130
558
562
619
566
53
266
1386
558
566
619
567
820
266
1176
564
619
569
567
266
1740
875
560
572
619
612
875
561
52
266
1131
46
562
875
562
310
266
1387
558
560
875
563
56
266
619
814
569
875
565
48
266
875
558
560
875
566
306
266
1131
608
875
567
564
266
665
563
875
568
54
266
1433
564
875
569
312
266
620
46
565
107
561
560
266
876
558
566
107
562
818
266
1132
614
107
563
318
620
302
560
107
564
55
266
876
814
562
107
565
825
266
1132
302
564
107
567
561
266
1388
814
567
107
568
317
922
560
107
569
310
266
621
558
563
363
560
56
266
877
46
567
363
562
49
266
1133
814
563
363
563
563
266
621
46
560
363
564
310
266
877
814
560
363
565
57
266
1133
558
560
363
567
306
266
1389
862
363
568
821
266
1435
563
363
569
824
266
617
867
363
561
568
266
1129
46
565
363
562
322
873
866
363
566
820
266
1129
871
363
567
54
266
1385
864
363
568
821
266
919
566
363
569
55
266
618
302
561
619
561
816
266
1386
46
568
619
563
51
266
874
46
561
619
565
818
266
874
558
564
619
566
562
266
1130
611
619
567
575
1176
564
619
568
322
1176
563
875
560
817
266
619
608
875
561
307
266
1131
814
564
875
563
308
266
619
46
566
875
564
53
266
1177
564
875
568
54
266
1433
565
875
569
565
266
1485
1131
560
569
266
876
558
562
1131
563
315
1388
607
1131
564
562
266
620
814
567
1131
566
51
266
1388
46
563
1131
567
310
266
1484
1131
569
571
922
569
1131
569
577
877
46
563
363
562
560
266
1133
558
568
363
563
307
266
1389
814
563
363
564
306
266
877
46
560
363
565
321
1133
46
560
363
567
304
266
1389
302
564
363
567
322
622
302
566
619
561
311
266
1134
558
567
619
563
48
266
1390
46
561
619
563
54
266
622
558
564
619
564
312
266
878
46
566
619
566
816
266
1134
558
567
619
567
316
1390
615
619
568
53
266
1180
562
619
569
55
522
608
814
564
50
58
560
825
522
864
302
568
50
58
562
50
522
1120
608
50
58
563
52
522
608
46
564
50
58
564
822
522
864
558
568
50
58
565
834
1120
302
561
50
58
567
561
522
1376
814
563
50
58
568
51
522
1476
50
58
569
821
522
609
302
568
50
314
560
56
522
865
46
562
50
314
562
48
522
1121
558
566
50
314
563
572
1377
862
50
314
564
565
522
865
302
563
50
314
565
309
522
1121
814
564
50
314
566
825
522
1377
302
567
50
314
568
571
1423
568
50
314
569
573
1736
50
570
560
54
522
866
558
561
50
570
561
568
522
1122
46
563
50
570
563
48
522
1378
558
566
50
570
564
572
610
862
50
570
565
821
522
1122
302
565
50
570
566
577
1378
46
561
50
570
568
48
522
1168
568
50
570
569
307
522
1733
50
826
560
831
867
558
562
50
826
561
568
522
1123
302
560
50
826
563
817
522
1379
814
566
50
826
564
52
522
867
46
563
50
826
565
566
522
1123
814
560
50
826
566
313
522
1379
302
566
50
826
568
827
1220
50
826
569
308
522
612
46
569
50
58
560
567
522
868
814
565
50
58
561
835
1124
302
564
50
58
563
306
522
1380
612
50
58
564
53
522
868
302
564
50
58
565
567
522
1124
814
569
50
58
567
560
522
1380
558
564
50
58
568
818
522
1227
50
58
569
821
522
613
302
564
50
314
560
567
522
869
814
569
50
314
562
560
522
1125
558
565
50
314
563
572
1381
863
50
314
564
309
522
869
302
568
50
314
565
568
522
1125
46
566
50
314
567
826
1381
814
562
50
314
568
307
522
1483
50
314
569
310
522
609
558
564
306
58
560
568
522
865
46
568
306
58
562
49
522
1121
814
563
306
58
563
307
522
1377
868
306
58
564
575
865
558
560
306
58
565
312
522
1121
46
564
306
58
567
560
522
1377
558
568
306
58
568
828
1473
306
58
569
52
522
610
302
562
306
314
560
577
866
46
560
306
314
562
48
522
1122
558
564
306
314
562
834
1378
814
564
306
314
564
563
522
866
302
560
306
314
565
567
522
1122
814
561
306
314
566
823
522
1378
558
561
306
314
568
561
522
656
567
306
314
569
51
522
1680
568
306
314
569
579
611
558
561
306
570
560
575
867
46
568
306
570
561
56
522
1123
46
561
306
570
563
48
522
1379
302
569
306
570
564
817
522
611
558
569
306
570
565
819
522
1123
814
566
306
570
566
831
1379
302
561
306
570
568
304
522
1425
564
306
570
568
567
522
612
814
562
306
826
560
313
522
868
558
569
306
826
561
578
1124
302
568
306
826
562
311
522
1380
46
564
306
826
563
56
522
612
558
560
306
826
564
823
522
868
814
565
306
826
565
565
522
868
864
306
826
566
53
522
1124
612
306
826
567
822
522
1380
868
306
826
568
827
1426
568
306
826
569
561
522
1682
566
306
826
569
569
522
613
814
563
306
58
561
560
522
869
558
563
306
58
562
50
522
1125
558
568
306
58
563
307
522
1381
814
568
306
58
564
52
522
869
46
566
306
58
565
822
522
1125
558
561
306
58
566
564
522
1125
814
566
306
58
567
50
522
1381
302
565
306
58
567
825
522
915
561
306
58
568
823
522
915
569
306
58
569
310
522
614
558
562
306
314
560
576
870
46
562
306
314
561
579
1126
302
569
306
314
562
577
1382
46
568
306
314
563
823
522
614
814
561
306
314
564
834
870
46
569
306
314
566
560
522
1126
302
569
306
314
567
306
522
1382
814
566
306
314
568
819
522
1479
306
314
569
309
522
1479
562
58
560
822
522
866
558
565
562
58
561
823
522
1122
46
561
562
58
562
835
1378
46
562
562
58
564
561
522
610
814
560
562
58
565
828
866
613
562
58
566
308
522
1378
46
562
562
58
567
563
522
656
563
562
58
569
563
522
1424
568
562
314
560
818
522
867
46
565
562
314
561
822
522
867
864
562
314
565
52
522
1123
558
566
562
314
566
832
1123
864
562
314
567
565
522
913
561
562
314
568
311
522
1681
560
562
314
569
834
612
46
568
562
570
561
560
522
868
302
569
562
570
562
50
522
1124
609
562
570
563
564
522
612
46
560
562
570
564
831
868
302
568
562
570
565
823
522
1124
814
566
562
570
566
569
522
1380
302
565
562
570
568
49
522
1426
562
562
570
569
307
522
1483
562
826
560
820
522
869
46
565
562
826
561
822
522
1125
558
561
562
826
562
56
522
1381
814
562
562
826
563
568
522
613
302
566
562
826
565
49
522
869
814
562
562
826
566
51
522
1125
614
562
826
567
563
522
659
563
562
826
568
54
522
1171
568
562
826
569
567
522
614
814
564
562
58
560
569
522
870
302
560
562
58
562
816
522
1126
558
564
562
58
563
562
522
1382
606
562
58
564
819
522
614
867
562
58
565
565
522
1126
302
561
562
58
566
576
1382
558
567
562
58
567
568
522
660
564
562
58
569
816
522
1428
562
562
314
560
306
522
615
607
562
314
561
308
522
1127
46
560
562
314
562
54
522
1383
558
560
562
314
563
833
615
814
569
562
314
565
48
522
871
558
560
562
314
566
50
522
1127
607
562
314
567
308
522
661
561
562
314
568
310
522
1429
561
562
314
569
312
522
611
46
561
818
58
561
48
522
867
558
560
818
58
562
827
1123
814
569
818
58
563
573
1379
869
818
58
564
565
522
867
302
566
818
58
565
55
522
1123
814
564
818
58
566
825
522
1379
302
562
818
58
568
305
522
1425
561
818
58
569
51
522
1730
818
314
560
53
522
868
302
560
818
314
561
567
522
1124
814
562
818
314
562
569
522
1380
302
562
818
314
564
817
522
612
814
564
818
314
565
307
522
868
868
818
314
566
575
1380
558
561
818
314
567
56
522
658
566
818
314
569
816
522
1426
569
818
570
560
563
522
613
868
818
570
561
566
522
1125
558
568
818
570
562
57
522
1381
302
569
818
570
564
306
522
613
862
818
570
565
821
522
1125
302
568
818
570
566
568
522
1381
46
566
818
570
568
826
1427
561
818
570
569
819
522
1737
818
826
560
821
522
870
302
568
818
826
561
56
522
1126
46
560
818
826
563
48
522
1382
302
569
818
826
564
571
614
814
566
818
826
565
307
522
870
864
818
826
566
308
522
1382
302
560
818
826
567
832
1172
568
818
826
568
824
522
916
566
818
58
560
560
522
615
558
568
818
58
561
51
522
871
865
818
58
562
565
522
1383
558
561
818
58
563
568
522
615
302
562
818
58
565
817
522
871
608
818
58
566
820
522
1383
302
562
818
58
567
567
522
1429
569
818
58
569
48
522
1429
568
818
314
560
307
522
616
865
818
314
561
829
1128
302
566
818
314
562
566
522
1384
814
568
818
314
563
579
616
558
560
818
314
565
827
872
608
818
314
566
52
522
1384
46
565
818
314
567
566
522
1174
568
818
314
568
57
522
918
565
818
314
569
56
522
612
302
561
50
58
560
566
522
612
871
50
58
561
563
522
868
868
50
58
562
565
522
1380
302
564
50
58
563
311
522
612
814
564
50
58
564
825
522
868
302
562
50
58
566
305
522
1124
814
560
50
58
567
572
1380
614
50
58
568
830
914
568
50
58
569
308
522
1426
562
50
314
560
572
613
614
50
314
561
574
1125
46
568
50
314
562
822
522
1381
558
566
50
314
563
312
522
613
46
564
50
314
565
816
522
869
558
562
50
314
566
562
522
1125
608
50
314
567
820
522
659
564
50
314
568
310
522
1427
566
50
314
569
578
614
302
561
50
570
561
49
522
870
814
567
50
570
562
52
522
1382
46
564
50
570
563
576
614
814
563
50
570
564
579
870
558
563
50
570
566
572
1126
866
50
570
567
54
522
1172
566
50
570
568
569
522
1172
566
50
570
569
575
615
558
563
50
826
560
578
871
302
562
50
826
562
817
522
1127
607
50
826
563
564
522
615
302
560
50
826
564
311
522
871
46
560
50
826
566
304
522
1127
814
560
50
826
567
563
522
661
562
50
826
568
822
522
1685
564
50
58
560
304
522
616
558
568
50
58
561
563
522
1128
46
564
50
58
562
567
522
1384
558
561
50
58
564
560
522
616
814
563
50
58
565
52
522
1128
46
568
50
58
566
567
522
1384
46
565
50
58
568
49
522
1226
50
58
569
53
522
617
558
564
50
314
560
313
522
873
558
564
50
314
562
562
522
1129
608
50
314
563
311
522
617
814
568
50
314
565
48
522
873
558
569
50
314
566
819
522
1129
869
50
314
567
54
522
1175
564
50
314
568
578
1175
563
306
58
560
571
613
608
306
58
561
574
1125
302
563
306
58
562
833
1381
46
564
306
58
564
49
522
613
814
566
306
58
565
820
522
1125
46
569
306
58
566
567
522
1381
46
562
306
58
568
826
1427
566
306
58
569
820
522
614
302
560
306
314
560
567
522
870
46
563
306
314
562
826
1126
814
565
306
314
563
308
522
614
46
566
306
314
564
567
522
870
814
567
306
314
566
560
522
1126
558
568
306
314
567
563
522
916
565
306
314
569
572
1172
561
306
570
560
563
522
871
558
564
306
570
561
834
1383
302
568
306
570
563
831
615
302
560
306
570
564
312
522
871
814
563
306
570
566
563
522
1127
871
306
570
567
566
522
1383
866
306
570
568
49
522
1227
306
570
569
820
522
616
46
569
306
826
560
311
522
872
866
306
826
562
571
1128
302
565
306
826
563
571
1384
814
569
306
826
564
564
522
872
46
564
306
826
565
822
522
1128
814
560
306
826
566
313
522
1384
558
560
306
826
568
306
522
1480
306
826
569
54
522
617
558
568
306
58
560
825
522
873
558
567
306
58
562
819
522
1385
46
569
306
58
563
56
522
617
302
563
306
58
565
562
522
873
871
306
58
566
823
522
1385
46
567
306
58
568
562
522
1488
306
58
569
55
522
618
302
562
306
314
561
828
1130
46
565
306
314
562
312
522
1386
302
568
306
314
564
573
874
302
564
306
314
565
834
1130
558
564
306
314
567
829
920
561
306
314
568
568
522
1176
564
562
58
560
50
522
614
866
562
58
561
310
522
1126
814
564
562
58
563
48
522
1382
814
564
562
58
564
308
522
870
302
566
562
58
565
578
1126
558
560
562
58
567
307
522
660
563
562
58
568
567
522
916
568
562
314
560
306
522
615
865
562
314
561
54
522
1127
814
566
562
314
563
570
1383
814
568
562
314
564
574
871
302
568
562
314
565
568
522
1127
302
564
562
314
567
562
522
1383
862
562
314
568
821
522
1429
565
562
314
569
825
522
616
558
561
562
570
561
572
872
868
562
570
562
54
522
1384
814
562
562
570
564
48
522
616
558
567
562
570
565
307
522
1128
46
562
562
570
566
311
522
1384
46
560
562
570
568
570
1430
567
562
570
569
564
522
617
302
567
562
826
560
578
873
302
569
562
826
562
51
522
1385
46
563
562
826
563
55
522
617
46
566
562
826
565
571
873
862
562
826
566
566
522
1385
814
564
562
826
568
304
522
1431
566
562
826
569
574
618
302
568
562
58
560
57
522
874
558
560
562
58
562
51
522
1386
46
561
562
58
563
55
522
618
814
569
562
58
565
560
522
874
46
561
562
58
565
823
522
1130
46
562
562
58
567
570
1386
814
565
562
58
568
820
522
1176
560
562
58
569
567
522
619
46
563
562
314
561
305
522
875
606
562
314
562
830
1387
302
568
562
314
563
578
619
302
568
562
314
565
51
522
1131
46
560
562
314
566
567
522
1387
46
564
562
314
568
561
522
1233
562
314
569
54
522
615
814
562
818
58
561
48
522
871
814
566
818
58
562
574
1383
558
561
818
58
563
825
522
615
814
568
818
58
564
310
522
871
814
566
818
58
566
560
522
1127
814
567
818
58
567
304
522
917
566
818
58
568
312
522
1173
563
818
314
560
50
522
616
612
818
314
561
565
522
872
814
561
818
314
562
567
522
872
814
560
818
314
565
313
522
1128
302
562
818
314
567
560
522
1384
558
567
818
314
568
819
522
918
561
818
314
569
822
522
617
558
567
818
570
560
313
522
873
302
565
818
570
562
50
522
1129
610
818
570
563
817
522
1385
46
569
818
570
564
817
522
617
558
568
818
570
565
52
522
1129
46
562
818
570
566
54
522
1385
558
565
818
570
567
57
522
919
562
818
570
569
561
522
1687
569
818
826
560
52
522
874
46
568
818
826
561
55
522
1130
814
569
818
826
563
560
522
1386
814
562
818
826
564
563
522
874
46
560
818
826
565
576
1130
46
565
818
826
567
49
522
1386
608
818
826
568
830
1176
569
818
826
569
568
522
619
302
564
818
58
561
305
522
875
615
818
58
562
821
522
1387
558
564
818
58
563
313
522
619
302
568
818
58
565
562
522
875
865
818
58
566
310
522
1387
302
564
818
58
567
313
522
1177
562
818
58
569
572
1742
818
314
560
54
522
876
558
565
818
314
561
834
1132
302
563
818
314
563
561
522
1388
814
567
818
314
564
308
522
876
46
563
818
314
565
566
522
1132
558
567
818
314
566
54
522
922
564
818
314
568
564
522
616
46
564
108
560
50
522
872
870
108
562
822
522
1384
558
569
108
563
569
522
616
558
563
108
565
51
522
872
869
108
566
310
522
1384
814
562
108
567
835
1174
566
108
569
819
522
1743
364
560
566
522
873
814
562
364
561
835
1129
558
566
364
563
563
522
1385
871
364
564
566
522
617
870
364
566
48
522
1129
558
566
364
567
563
522
1385
868
364
568
54
522
1431
569
620
561
816
522
874
558
568
620
562
572
1130
614
620
563
574
618
46
567
620
564
822
522
874
558
565
620
565
577
1130
46
566
620
567
304
522
1386
558
565
620
568
306
522
1432
562
876
560
310
522
1131
558
568
876
563
570
1387
558
567
876
566
561
522
1177
567
876
569
311
522
620
302
564
108
560
56
522
876
302
566
108
561
833
876
870
108
562
834
1388
558
562
108
564
818
522
876
302
562
108
565
566
522
1132
46
564
108
566
566
522
1388
302
563
108
567
833
922
560
108
569
49
522
1690
568
364
560
564
522
877
46
569
364
561
311
522
1133
46
562
364
563
826
1389
814
567
364
564
51
522
621
610
364
565
817
522
877
606
364
566
308
522
1389
302
560
364
567
53
522
923
560
364
569
51
522
1435
562
364
560
50
522
617
612
364
561
820
522
1129
46
569
364
562
55
522
1385
814
563
364
563
313
522
617
302
568
364
565
50
522
873
609
364
566
564
522
1385
302
560
364
567
576
663
562
364
568
835
1431
562
620
560
50
522
618
814
568
620
561
574
1130
302
560
620
562
311
522
1386
814
562
620
563
575
1386
864
620
564
53
522
874
302
565
620
565
567
522
1130
814
567
620
566
835
1386
558
560
620
568
562
522
1228
620
569
564
522
619
46
568
876
560
832
875
814
561
876
561
569
522
1131
302
564
876
563
561
522
1387
814
568
876
564
52
522
875
46
562
876
565
566
522
1131
558
569
876
566
569
522
1387
302
567
876
568
562
522
1231
876
569
564
522
620
302
567
1132
560
568
522
876
46
568
1132
562
561
522
1132
814
567
1132
563
308
522
620
46
566
1132
564
55
522
876
814
564
1132
565
579
1132
558
562
1132
567
306
522
1388
615
1132
568
821
522
1178
567
1132
569
568
522
621
46
566
364
561
570
877
814
566
364
562
52
522
1389
46
565
364
563
567
522
621
814
568
364
564
825
522
877
814
564
364
565
567
522
1133
814
569
364
566
569
522
1389
814
564
364
568
563
522
923
569
364
569
567
522
622
46
561
620
560
57
522
878
302
560
620
561
567
522
1134
46
563
620
563
49
522
1390
814
567
620
564
560
522
622
46
563
620
565
561
522
878
814
569
620
566
820
522
1134
558
568
620
567
305
522
1390
610
620
568
53
522
1436
562
620
569
569
778
608
558
561
51
58
561
307
778
1120
46
560
51
58
562
55
778
1376
46
560
51
58
564
49
778
608
606
51
58
565
1086
1120
302
568
51
58
566
824
778
1376
302
566
51
58
568
562
778
1475
51
58
569
54
778
609
814
564
51
314
561
816
778
865
814
562
51
314
562
52
778
1377
46
568
51
314
563
567
778
609
46
564
51
314
565
305
778
865
606
51
314
566
830
1377
302
565
51
314
567
824
778
911
561
51
314
569
827
1477
51
570
560
53
778
866
558
562
51
570
561
1090
1122
302
567
51
570
563
50
778
1378
864
51
570
564
1087
866
558
566
51
570
565
569
778
1122
302
569
51
570
567
562
778
1378
864
51
570
568
831
1424
563
51
570
569
1090
611
302
564
51
826
561
50
778
867
612
51
826
562
565
778
1379
302
567
51
826
563
568
778
611
46
566
51
826
565
49
778
867
814
563
51
826
566
563
778
1379
46
560
51
826
567
54
778
1169
567
51
826
568
569
778
1169
566
51
58
560
50
778
612
610
51
58
561
564
778
1124
302
565
51
58
562
1089
1380
46
563
51
58
564
816
778
612
814
560
51
58
565
51
778
1124
46
560
51
58
566
566
778
1380
814
563
51
58
568
48
778
1170
567
51
58
569
307
778
613
46
562
51
314
560
55
778
869
814
569
51
314
562
826
1125
814
567
51
314
563
564
778
613
302
565
51
314
564
56
778
869
302
562
51
314
566
50
778
1125
613
51
314
567
53
778
1171
560
51
314
568
312
778
1171
560
307
58
560
49
778
609
814
568
307
58
561
564
778
1121
46
565
307
58
562
832
1377
814
561
307
58
563
57
778
609
302
567
307
58
565
50
778
865
609
307
58
566
820
778
1377
302
560
307
58
567
55
778
1423
569
307
58
569
48
778
1679
560
307
314
560
1083
866
46
563
307
314
561
55
778
1122
814
566
307
314
563
