48
58
562
561
10
1376
46
568
48
58
566
561
10
1120
814
567
48
58
567
59
1376
302
569
48
58
568
306
10
1472
48
58
569
564
10
609
558
568
48
314
560
313
10
865
558
562
48
314
562
60
1121
866
48
314
563
54
10
1377
868
48
314
564
322
865
302
564
48
314
566
315
1121
610
48
314
567
53
10
911
568
48
314
568
568
10
1167
565
48
570
560
818
10
610
864
48
570
561
319
1122
558
565
48
570
562
57
10
1378
302
566
48
570
564
306
10
610
612
48
570
565
565
10
866
814
564
48
570
566
817
10
1122
608
48
570
567
62
912
564
48
570
568
63
912
567
48
826
560
305
10
611
609
48
826
561
821
10
1123
558
563
48
826
562
57
10
1379
558
566
48
826
564
61
867
302
560
48
826
565
563
10
867
607
48
826
566
309
10
1123
814
569
48
826
567
561
10
1379
615
48
826
569
50
10
1729
48
58
560
561
10
868
558
562
48
58
561
312
10
1124
302
561
48
58
562
57
10
1380
814
567
48
58
564
305
10
612
46
560
48
58
565
816
10
1124
46
568
48
58
566
821
10
1124
615
48
58
567
309
10
914
563
48
58
568
819
10
1426
565
48
58
568
313
10
1682
567
48
58
569
323
613
558
562
48
314
561
306
10
869
614
48
314
562
561
10
1381
302
563
48
314
564
307
10
613
558
565
48
314
566
818
10
1125
611
48
314
567
62
915
561
48
314
568
53
10
1683
560
48
314
569
569
10
609
302
568
304
58
561
307
10
865
558
568
304
58
562
560
10
1121
558
568
304
58
563
561
10
1377
612
304
58
564
310
10
865
558
569
304
58
565
825
10
1121
302
566
304
58
567
50
10
1377
611
304
58
568
318
1167
563
304
58
569
65
610
46
564
304
314
561
305
10
866
814
568
304
314
562
308
10
1378
302
561
304
314
563
823
10
610
46
562
304
314
565
314
866
814
565
304
314
566
817
10
1122
558
567
304
314
567
314
1378
814
566
304
314
568
564
10
1478
304
314
569
311
10
611
46
561
304
570
561
816
10
867
814
563
304
570
562
61
1379
46
565
304
570
563
53
10
611
302
561
304
570
564
61
867
46
565
304
570
565
320
1123
814
568
304
570
567
560
10
1379
814
564
304
570
568
564
10
1169
561
304
570
569
56
10
612
302
561
304
826
561
562
10
868
866
304
826
562
310
10
1380
814
565
304
826
564
560
10
612
814
567
304
826
565
62
1124
558
560
304
826
566
569
10
1380
558
563
304
826
568
51
10
914
563
304
826
569
567
10
613
46
560
304
58
561
58
869
814
564
304
58
562
52
10
1381
46
565
304
58
563
567
10
613
814
568
304
58
565
560
10
869
814
564
304
58
566
564
10
1381
302
561
304
58
567
56
10
915
560
304
58
569
50
10
1731
304
314
560
310
10
870
814
562
304
314
562
48
10
1126
814
567
304
314
563
318
614
558
562
304
314
564
569
10
870
558
569
304
314
566
820
10
1382
302
560
304
314
567
53
10
916
569
304
314
569
819
10
610
46
566
560
58
560
56
10
866
302
564
560
58
562
60
1378
46
564
560
58
563
65
610
302
564
560
58
565
316
1122
46
564
560
58
566
65
1378
302
564
560
58
568
316
912
563
560
58
569
321
611
302
566
560
314
561
819
10
1123
302
560
560
314
562
322
1379
46
565
560
314
565
304
10
867
607
560
314
566
821
10
1379
46
562
560
314
567
568
10
1425
566
560
314
568
568
10
1681
567
560
570
560
50
10
612
558
564
560
570
561
314
868
46
569
560
570
562
569
10
1380
558
563
560
570
563
318
1124
558
567
560
570
566
566
10
1380
46
562
560
570
568
314
1426
562
560
826
560
50
10
613
814
562
560
826
561
566
10
1125
302
568
560
826
562
565
10
1381
302
560
560
826
563
309
10
613
302
565
560
826
565
49
10
1125
302
564
560
826
566
822
10
1381
302
568
560
826
568
51
10
915
562
560
826
569
319
870
46
562
560
58
563
560
10
1382
866
560
58
565
818
10
1172
562
560
314
562
57
10
1383
814
563
560
314
565
53
10
1127
814
569
560
314
566
825
10
1383
814
565
560
314
567
57
10
917
562
560
314
569
307
10
611
302
568
816
58
560
822
10
867
302
569
816
58
562
305
10
1123
558
564
816
58
563
53
10
611
611
816
58
565
820
10
1123
46
560
816
58
566
319
1379
814
563
816
58
567
311
10
913
569
816
314
560
53
10
612
814
568
816
314
561
48
10
868
814
567
816
314
561
566
10
1124
46
562
816
314
562
569
10
1380
814
563
816
314
564
817
10
868
558
564
816
314
566
316
1124
865
816
314
567
562
10
1380
868
816
314
568
50
10
1222
816
314
569
62
613
302
561
816
570
560
55
10
869
814
567
816
570
561
323
1125
302
564
816
570
563
818
10
1381
814
563
816
570
564
567
10
869
46
568
816
570
565
316
869
814
560
816
570
566
307
10
1125
302
561
816
570
566
825
10
1381
302
566
816
570
568
59
1219
816
570
569
820
10
614
46
566
816
826
560
64
870
814
562
816
826
561
569
10
1126
558
562
816
826
563
316
1382
868
816
826
564
822
10
870
814
560
816
826
565
67
1126
558
565
816
826
567
563
10
1382
870
816
826
568
54
10
1684
560
816
826
569
569
10
615
558
561
816
58
561
562
10
871
864
816
58
562
319
1383
558
566
816
58
563
825
10
615
558
561
816
58
565
51
10
871
871
816
58
566
320
1383
46
560
816
58
568
305
10
1223
816
58
569
565
10
616
558
564
816
314
560
313
10
872
558
566
816
314
562
61
1384
46
569
816
314
563
56
10
616
302
561
816
314
565
306
10
872
863
816
314
566
54
10
1384
558
568
816
314
567
822
10
662
568
816
314
569
819
10
612
46
561
48
58
560
320
868
814
566
48
58
562
304
10
1124
558
568
48
58
563
307
10
612
46
561
48
58
564
566
10
868
814
562
48
58
565
321
1124
558
563
48
58
567
304
10
1380
867
48
58
568
62
1426
568
48
58
569
57
10
613
558
560
48
314
561
818
10
869
866
48
314
562
310
10
1125
863
48
314
563
316
1381
866
48
314
564
54
10
869
814
560
48
314
566
304
10
1125
46
568
48
314
567
563
10
1381
814
560
48
314
568
48
10
1427
562
48
314
569
61
614
46
566
48
570
560
567
10
870
814
568
48
570
562
48
10
1126
814
560
48
570
563
51
10
1382
871
48
570
564
54
10
870
558
568
48
570
565
569
10
1126
302
566
48
570
567
50
10
1382
814
569
48
570
567
568
10
660
565
48
570
569
816
10
1684
560
48
826
560
819
10
615
868
48
826
561
54
10
1127
558
564
48
826
562
322
1383
302
564
48
826
564
50
10
615
611
48
826
565
565
10
1127
302
568
48
826
566
824
10
1383
46
567
48
826
568
561
10
1429
567
48
826
569
564
10
616
46
566
48
58
560
311
10
872
814
564
48
58
561
825
10
1128
558
560
48
58
563
562
10
1384
610
48
58
564
564
10
872
46
568
48
58
565
320
1128
814
560
48
58
566
313
10
1384
302
562
48
58
568
817
10
1430
564
48
58
569
307
10
1740
48
314
560
51
10
873
302
568
48
314
561
56
10
1129
46
561
48
314
563
560
10
1385
558
563
48
314
564
50
10
617
610
48
314
565
308
10
1129
46
565
48
314
566
566
10
1385
558
566
48
314
567
568
10
663
567
48
314
569
816
10
1175
562
304
58
560
818
10
613
612
304
58
561
564
10
1125
46
566
304
58
562
310
10
1381
558
565
304
58
563
56
10
613
46
563
304
58
565
816
10
869
558
562
304
58
566
306
10
1125
606
304
58
567
52
10
1381
870
304
58
568
63
1171
566
304
58
569
311
10
614
814
564
304
314
560
57
10
870
302
563
304
314
562
817
10
1126
814
563
304
314
563
819
10
1382
865
304
314
564
53
10
870
302
564
304
314
565
567
10
1126
814
566
304
314
566
67
1382
558
560
304
314
568
306
10
1222
304
314
569
52
10
615
46
565
304
570
560
566
10
871
558
568
304
570
561
57
10
1127
302
561
304
570
563
561
10
1383
814
562
304
570
564
819
10
615
865
304
570
565
565
10
1127
302
562
304
570
566
55
10
1383
558
569
304
570
567
66
1173
562
304
570
569
48
10
1429
562
304
826
560
561
10
616
814
567
304
826
561
307
10
872
864
304
826
562
53
10
1384
46
566
304
826
563
54
10
1384
612
304
826
564
49
10
616
814
561
304
826
565
562
10
872
814
567
304
826
566
53
10
1384
46
569
304
826
567
54
10
1174
562
304
826
568
65
1686
565
304
826
569
825
10
617
814
567
304
58
561
816
10
873
302
567
304
58
562
561
10
1129
558
564
304
58
563
818
10
1385
609
304
58
564
317
617
867
304
58
565
317
1129
46
560
304
58
566
310
10
1385
302
568
304
58
567
55
10
1431
560
304
58
568
568
10
919
562
304
58
569
67
618
302
565
304
314
561
561
10
874
814
560
304
314
562
60
1130
612
304
314
563
52
10
618
46
563
304
314
564
566
10
874
558
560
304
314
565
567
10
1130
814
566
304
314
566
57
10
1386
302
562
304
314
568
49
10
1176
568
304
314
569
50
10
1482
560
58
560
317
614
867
560
58
561
565
10
1126
46
567
560
58
562
822
10
1382
302
568
560
58
563
823
10
614
558
568
560
58
564
56
10
870
814
567
560
58
565
569
10
1126
46
566
560
58
567
48
10
1382
302
564
560
58
567
824
10
1172
561
560
58
569
560
10
1740
560
314
560
56
10
871
862
560
314
562
820
10
1127
869
560
314
563
61
1383
864
560
314
564
59
615
814
564
560
314
565
57
10
1127
302
563
560
314
567
561
10
1383
814
560
560
314
568
563
10
1479
560
314
569
565
10
616
302
563
560
570
560
823
10
872
814
564
560
570
561
57
10
1128
302
565
560
570
563
561
10
1384
814
568
560
570
564
52
10
872
46
561
560
570
565
566
10
1128
558
560
560
570
566
55
10
1384
46
563
560
570
567
313
10
1174
562
560
570
568
566
10
918
566
560
570
569
56
10
617
814
569
560
826
560
67
873
46
565
560
826
562
49
10
1129
814
562
560
826
563
51
10
1385
614
560
826
564
564
10
873
46
564
560
826
565
309
10
1129
46
567
560
826
566
54
10
1385
814
560
560
826
567
313
10
663
568
560
826
569
48
10
1431
567
560
826
569
53
10
1735
560
58
560
50
10
618
814
567
560
58
561
51
10
874
863
560
58
562
62
1386
46
565
560
58
563
822
10
618
558
561
560
58
564
321
874
868
560
58
566
309
10
1386
302
564
560
58
567
823
10
1432
562
560
58
568
57
10
920
569
560
314
560
58
619
558
567
560
314
561
562
10
875
610
560
314
562
51
10
1387
46
562
560
314
563
310
10
619
302
569
560
314
564
65
875
814
566
560
314
565
57
10
1131
302
561
560
314
567
314
1387
558
566
560
314
568
562
10
1225
560
314
569
819
10
1741
816
58
560
53
10
871
46
567
816
58
561
54
10
1127
558
562
816
58
562
56
10
1383
814
567
816
58
563
57
10
615
558
569
816
58
564
313
10
871
558
569
816
58
566
818
10
1127
612
816
58
567
52
10
661
563
816
58
568
566
10
1429
560
816
58
569
56
10
616
814
568
816
314
560
825
10
872
302
567
816
314
562
561
10
1128
814
565
816
314
563
51
10
1384
615
816
314
564
53
10
616
610
816
314
565
49
10
872
814
565
816
314
566
314
1128
814
563
816
314
566
825
10
1384
302
562
816
314
567
568
10
1430
562
816
314
568
569
10
1430
561
816
314
569
54
10
1734
816
570
560
562
10
873
46
569
816
570
561
320
1129
558
568
816
570
562
565
10
1129
611
816
570
563
562
10
617
46
564
816
570
564
566
10
873
558
560
816
570
565
65
1129
814
566
816
570
566
57
10
1385
302
561
816
570
568
58
1175
565
816
570
569
562
10
1687
568
816
826
560
307
10
618
863
816
826
561
62
1130
46
564
816
826
562
54
10
1386
302
567
816
826
563
55
10
618
814
560
816
826
564
568
10
874
46
563
816
826
566
48
10
1130
302
566
816
826
567
817
10
1386
558
569
816
826
568
306
10
1226
816
826
569
61
1741
816
58
560
565
10
875
46
568
816
58
561
310
10
1131
558
562
816
58
562
321
1387
814
566
816
58
563
569
10
619
302
561
816
58
565
816
10
875
558
566
816
58
566
562
10
1131
607
816
58
567
61
1387
868
816
58
568
821
10
1177
560
816
58
569
566
10
620
558
563
816
314
560
64
876
814
565
816
314
561
313
10
1132
302
563
816
314
563
305
10
1388
814
560
816
314
564
316
620
614
816
314
565
820
10
1132
46
566
816
314
566
310
10
1388
558
564
816
314
567
824
10
666
560
816
314
569
48
10
1178
568
106
560
49
10
616
814
563
106
561
51
10
872
613
106
562
52
10
1384
46
560
106
563
565
10
616
302
562
106
564
566
10
872
558
564
106
565
56
10
1128
814
566
106
566
313
10
1384
46
567
106
568
816
10
918
569
106
569
49
10
1686
560
362
560
306
10
617
606
362
561
563
10
873
862
362
562
308
10
1385
46
560
362
563
309
10
617
302
560
362
564
54
10
873
302
567
362
565
567
10
1129
558
567
362
566
312
10
1385
814
566
362
567
313
10
663
566
362
569
560
10
1175
568
618
560
305
10
618
814
562
618
561
316
874
612
618
562
52
10
1386
46
562
618
563
54
10
618
302
568
618
564
567
10
874
814
564
618
565
569
10
1130
302
560
618
567
58
1386
558
565
618
568
818
10
1224
618
569
61
1740
874
560
309
10
875
46
568
874
561
54
10
1131
558
560
874
562
823
10
1387
814
565
874
563
568
10
619
302
560
874
565
58
875
558
566
874
566
50
10
1131
609
874
567
564
10
665
561
874
568
54
10
1177
567
874
569
567
10
620
814
565
106
560
569
10
876
302
560
106
562
816
10
1132
558
564
106
563
50
10
1388
814
566
106
564
819
10
620
615
106
565
308
10
1132
46
562
106
566
63
1388
302
564
106
567
55
10
1178
565
106
568
312
10
1690
566
106
569
569
10
621
46
565
362
561
560
10
877
302
568
362
562
49
10
1133
814
560
362
563
562
10
1389
609
362
564
52
10
621
869
362
565
309
10
1133
302
563
362
566
567
10
1389
814
560
362
567
57
10
667
569
362
569
314
1435
568
362
560
60
617
614
362
561
62
1129
46
568
362
562
566
10
1385
558
566
362
563
56
10
617
46
563
362
565
304
10
873
302
569
362
566
561
10
1129
814
564
362
567
563
10
1385
615
362
568
820
10
919
564
362
569
566
10
618
558
560
618
560
823
10
874
814
569
618
561
67
1130
302
567
618
563
817
10
1386
814
567
618
564
819
10
618
870
618
565
63
1130
302
569
618
566
56
10
1386
46
560
618
568
304
10
1176
562
618
569
306
10
1481
874
560
308
10
875
46
560
874
561
54
10
1131
558
560
874
562
321
1387
814
568
874
563
569
10
619
302
566
874
565
49
10
875
814
564
874
566
819
10
1131
864
874
567
53
10
665
568
874
568
566
10
1433
565
874
569
56
10
620
46
563
1130
560
323
876
558
561
1130
562
50
10
1132
814
560
1130
563
316
1388
868
1130
564
565
10
876
302
565
1130
565
55
10
1132
814
564
1130
566
57
10
1388
302
565
1130
568
561
10
1434
566
1130
569
563
10
1746
362
560
63
877
558
560
362
561
56
10
1133
46
562
362
563
304
10
1389
558
563
362
564
50
10
621
610
362
565
52
10
1133
46
564
362
566
54
10
1389
558
564
362
567
56
10
667
564
362
569
48
10
1435
564
618
560
50
10
622
610
618
561
52
10
1134
46
564
618
562
54
10
1390
558
563
618
563
568
10
622
46
562
618
565
304
10
878
558
560
618
566
315
1134
814
568
618
567
819
10
1390
868
618
568
309
10
1180
564
618
569
55
266
608
814
563
49
58
560
569
266
864
302
561
49
58
562
49
266
1120
558
569
49
58
563
316
1376
612
49
58
564
52
266
864
46
562
49
58
565
54
266
1120
302
568
49
58
566
567
266
1376
814
563
49
58
567
313
266
654
568
49
58
569
304
266
1422
562
49
314
560
571
609
814
565
49
314
561
563
266
865
614
49
314
562
308
266
1377
46
561
49
314
563
319
609
302
564
49
314
564
55
266
865
558
566
49
314
565
824
266
1121
814
568
49
314
566
57
266
1377
302
560
49
314
568
560
266
655
569
49
314
569
817
266
1679
563
49
570
560
572
610
610
49
570
561
573
866
866
49
570
562
53
266
1378
46
563
49
570
563
54
266
610
302
564
49
570
564
55
266
866
558
565
49
570
565
56
266
1122
814
564
49
570
566
322
1378
46
562
49
570
567
825
266
912
561
49
570
569
304
266
1168
569
49
826
560
817
266
611
558
566
49
826
561
50
266
867
814
564
49
826
562
316
1123
608
49
826
563
819
266
1379
864
49
826
564
564
266
867
46
560
49
826
565
309
266
1123
302
560
49
826
566
54
266
1379
302
569
49
826
567
55
266
1169
569
49
826
568
56
266
1681
568
49
826
569
825
266
612
302
560
49
58
561
560
266
868
558
563
49
58
562
571
1124
814
565
49
58
563
307
266
1380
614
49
58
564
52
266
868
46
561
49
58
565
821
266
1124
302
564
49
58
566
55
266
1380
558
566
49
58
567
568
266
1426
567
49
58
568
825
266
914
568
49
314
560
48
266
613
558
560
49
314
561
561
266
869
814
561
49
314
562
562
266
1125
607
49
314
563
307
266
1381
862
49
314
564
52
266
613
871
49
314
565
821
266
1125
46
567
49
314
566
310
266
1381
302
564
49
314
567
320
1171
561
49
314
568
55
266
1427
567
49
314
569
56
266
609
814
563
305
58
560
568
266
865
814
568
305
58
561
313
266
1121
46
563
305
58
562
569
266
1377
46
568
305
58
564
48
266
609
302
563
305
58
565
560
266
865
302
568
305
58
566
49
266
1121
558
563
305
58
567
561
266
1377
558
568
305
58
568
306
266
1423
564
305
58
569
562
266
1679
568
305
314
560
307
266
610
610
305
314
561
563
266
866
614
305
314
562
52
266
1122
864
305
314
563
52
266
1378
867
305
314
564
564
266
610
870
305
314
565
820
266
866
871
305
314
566
574
1122
871
305
314
567
574
1378
871
305
314
568
53
266
912
560
305
314
569
574
1737
305
570
560
574
611
871
305
570
561
318
867
870
305
570
562
318
1123
869
305
570
563
820
266
1379
870
305
570
564
820
266
611
869
305
570
565
318
867
870
305
570
566
820
266
1123
870
305
570
567
574
1379
871
305
570
568
53
266
913
561
305
570
569
53
266
612
46
562
305
826
560
821
266
868
46
564
305
826
561
565
266
1124
46
567
305
826
562
319
1380
46
569
305
826
563
54
266
612
302
561
305
826
564
566
266
868
302
564
305
826
565
54
266
1124
302
565
305
826
566
566
266
1380
302
566
305
826
567
822
266
914
568
305
826
568
320
1170
569
305
826
569
576
613
302
569
305
58
560
320
869
558
560
305
58
561
320
1125
302
569
305
58
562
576
1381
558
560
305
58
563
55
266
613
558
561
305
58
564
311
266
869
558
561
305
58
565
311
266
1125
558
560
305
58
566
576
1381
558
561
305
58
567
311
266
1171
562
305
58
568
567
266
1427
561
305
58
569
567
266
614
558
562
305
314
560
311
266
870
558
567
305
314
561
822
266
1126
814
562
305
314
562
824
266
1382
814
567
305
314
563
322
614
46
563
305
314
564
569
266
870
302
560
305
314
566
48
266
1126
302
569
305
314
567
49
266
1382
558
568
305
314
568
818
266
1428
568
305
314
569
818
266
1485
561
58
560
52
266
610
871
561
58
561
53
266
1122
46
569
561
58
562
54
266
1378
302
569
561
58
563
823
266
610
558
568
561
58
564
568
266
866
814
567
561
58
565
313
266
1122
46
566
561
58
567
48
266
1378
302
565
561
58
568
49
266
1168
564
561
58
569
571
1680
564
561
314
560
316
611
610
561
314
561
317
867
865
561
314
562
318
1379
46
562
561
314
563
319
611
302
563
561
314
564
320
867
558
562
561
314
565
823
266
1123
814
562
561
314
566
824
266
1379
46
562
561
314
567
569
266
913
560
561
314
569
48
266
1169
568
561
570
560
561
266
612
558
565
561
570
561
315
868
814
562
561
570
562
562
266
1124
814
569
561
570
563
819
266
1380
814
567
561
570
564
52
266
612
866
561
570
565
574
1124
46
563
561
570
566
319
1380
302
563
561
570
567
576
1170
565
561
570
568
312
266
1682
568
561
570
569
313
266
613
302
562
561
826
561
570
869
558
567
561
826
562
50
266
1125
608
561
826
563
573
1381
869
561
826
564
53
266
869
302
560
561
826
565
576
1125
558
567
561
826
566
312
266
1381
46
563
561
826
568
560
266
1171
560
561
826
569
315
1683
565
561
58
560
563
266
614
862
561
58
561
564
266
1126
46
562
561
58
562
575
1382
302
564
561
58
563
55
266
614
558
566
561
58
564
568
266
870
814
567
561
58
565
825
266
1126
46
568
561
58
567
48
266
1382
558
560
561
58
568
817
266
1428
562
561
58
569
316
1481
561
314
560
52
266
615
869
561
314
561
821
266
1127
46
569
561
314
562
54
266
1383
558
560
561
314
563
567
266
615
814
562
561
314
564
322
871
46
564
561
314
566
48
266
1127
302
566
561
314
567
817
266
1383
558
569
561
314
568
562
266
1223
561
314
569
573
1740
817
58
560
53
266
867
302
561
817
58
561
320
1123
558
566
817
58
562
56
266
1379
46
562
817
58
564
48
266
611
302
567
817
58
565
305
266
867
814
562
817
58
566
572
1123
612
817
58
567
820
266
657
560
817
58
568
565
266
1169
562
817
58
569
576
612
558
565
817
314
560
312
266
868
814
567
817
314
561
825
266
1124
46
569
817
314
563
304
266
1380
558
562
817
314
564
315
612
814
564
817
314
565
51
266
868
613
817
314
566
562
266
1124
606
817
314
568
817
266
1170
563
817
570
561
57
266
1125
814
566
817
570
563
51
266
1381
302
569
817
570
564
53
266
869
814
564
817
570
565
323
1125
867
817
570
567
563
266
1381
302
565
817
570
568
304
266
1171
562
817
570
569
305
266
1733
817
826
560
309
266
870
302
560
817
826
561
566
266
1126
558
568
817
826
562
322
1382
46
568
817
826
564
314
614
814
560
817
826
565
561
266
870
558
568
817
826
565
322
1126
302
568
817
826
567
562
266
1382
614
817
826
568
565
266
1172
565
817
826
569
55
266
615
46
564
817
58
560
311
266
1127
814
568
817
58
562
322
1383
814
564
817
58
563
320
615
302
568
817
58
564
54
266
615
864
817
58
565
315
871
302
568
817
58
565
313
266
1127
46
564
817
58
566
312
266
1383
46
568
817
58
567
317
661
562
817
58
568
574
1429
561
817
58
569
54
266
616
814
562
817
314
560
320
616
862
817
314
561
53
266
1128
46
568
817
314
562
54
266
1384
558
561
817
314
563
320
616
814
564
817
314
564
57
266
872
46
566
817
314
565
567
266
1128
302
567
817
314
567
305
266
1384
46
562
817
314
567
822
266
1430
566
817
314
569
304
266
1486
49
58
560
52
266
868
46
560
49
58
561
562
266
868
612
49
58
562
49
266
1124
302
566
49
58
564
563
266
612
558
568
49
58
565
564
266
868
869
49
58
566
318
1124
864
49
58
567
565
266
1170
560
49
58
568
820
266
1426
563
49
58
569
818
266
1481
49
314
560
49
266
869
302
564
49
314
562
570
1125
814
569
49
314
563
50
266
1381
814
566
49
314
564
50
266
613
814
569
49
314
565
820
266
869
814
560
49
314
566
53
266
1381
302
561
49
314
567
565
266
659
562
49
314
568
562
266
659
562
49
314
568
321
1427
561
49
314
569
568
266
614
46
566
49
570
560
569
266
870
302
568
49
570
562
49
266
1126
814
560
49
570
563
818
266
1382
302
560
49
570
563
824
266
614
814
569
49
570
564
313
266
870
302
561
49
570
566
560
266
1126
558
562
49
570
567
817
266
1382
814
563
49
570
568
572
1224
49
570
569
52
266
1737
49
826
560
53
266
615
869
49
826
561
566
266
1127
302
567
49
826
562
566
266
1383
558
567
49
826
563
568
266
615
814
568
49
826
564
825
266
871
46
567
49
826
566
560
266
1127
302
568
49
826
567
49
266
1383
814
560
49
826
568
562
266
1224
49
826
569
573
1738
49
58
560
309
266
872
46
567
49
58
561
822
266
1128
302
569
49
58
562
311
266
1384
814
561
49
58
563
824
266
616
46
563
49
58
564
323
872
302
567
49
58
566
561
266
1128
814
562
49
58
567
51
266
1384
613
49
58
568
564
266
918
563
49
58
569
54
266
617
302
568
49
314
560
567
266
873
814
564
49
314
561
569
266
1129
814
567
49
314
563
816
266
1385
558
564
49
314
564
306
266
617
814
568
49
314
565
51
266
873
863
49
314
566
820
266
1385
46
563
49
314
567
564
266
919
566
49
314
568
55
266
1431
563
49
314
569
568
266
613
814
567
305
58
560
569
266
869
46
568
305
58
562
560
266
1125
302
567
305
58
563
561
266
1381
558
566
305
58
564
306
266
613
46
561
305
58
564
311
266
869
302
565
305
58
565
568
266
1125
558
565
305
58
566
569
266
1381
302
560
305
58
567
568
266
1171
564
305
58
568
53
266
1171
565
305
58
569
576
614
558
564
305
314
560
321
870
814
562
305
314
561
55
266
1126
46
562
305
314
562
569
266
1382
302
561
305
314
564
816
266
614
558
560
305
314
565
305
266
870
814
560
305
314
566
50
266
1126
814
569
305
314
567
51
266
1382
614
305
314
568
314
660
563
305
314
568
323
1172
562
305
570
560
816
266
615
558
560
305
570
561
561
266
871
814
562
305
570
562
316
1127
610
305
570
563
573
1383
868
305
570
564
565
266
871
46
568
305
570
565
54
266
1127
558
560
305
570
566
823
266
1383
814
563
305
570
567
578
661
565
305
570
569
304
266
1173
567
305
826
560
561
266
616
558
568
305
826
561
50
266
872
814
569
305
826
562
307
266
1128
863
305
826
563
820
266
616
46
563
305
826
564
54
266
872
302
567
305
826
565
55
266
1128
814
562
305
826
566
57
266
1384
46
567
305
826
568
304
266
1174
563
305
826
569
50
266
1686
569
305
58
560
819
266
617
868
305
58
561
53
266
1129
302
564
305
58
562
823
266
1385
814
563
305
58
563
569
266
617
302
562
305
58
565
305
266
873
814
560
305
58
566
572
1129
614
305
58
567
820
266
663
567
305
58
568
566
266
1431
565
305
58
569
53
266
1483
305
314
560
820
266
874
46
562
305
314
561
54
266
1130
302
568
305
314
562
567
266
1386
558
560
305
314
563
569
266
618
46
569
305
314
565
560
266
874
558
564
305
314
566
306
266
1130
814
568
305
314
567
307
266
1386
864
305
314
568
574
920
566
305
314
569
822
266
614
558
561
561
58
560
577
870
814
566
561
58
561
57
266
1126
302
561
561
58
563
314
1382
558
566
561
58
564
306
266
614
609
561
58
565
564
266
1126
46
560
561
58
566
575
1382
302
567
561
58
567
311
266
1428
563
561
58
568
569
266
1172
560
561
314
560
314
615
558
566
561
314
561
50
266
871
608
561
314
562
52
266
1127
871
561
314
563
319
615
302
566
561
314
564
311
266
871
814
564
561
314
565
569
266
1127
302
560
561
314
567
314
1383
558
567
561
314
568
306
266
1224
561
314
569
308
266
1742
561
570
560
319
872
302
566
561
570
561
55
266
1128
814
562
561
570
562
57
266
1384
46
568
561
570
564
816
266
616
558
565
561
570
565
50
266
872
609
561
570
566
564
266
1384
46
561
561
570
567
54
266
918
569
561
570
568
823
266
1686
566
561
570
569
313
266
617
302
563
561
826
561
305
266
873
814
560
561
826
562
316
1129
612
561
826
563
52
266
617
46
563
561
826
564
310
266
873
558
560
561
826
565
321
1129
814
567
561
826
566
313
266
1385
302
563
561
826
568
305
266
1175
568
561
826
569
562
266
1482
561
58
560
51
266
618
867
561
58
561
821
266
1130
302
560
561
58
562
572
1386
558
563
561
58
563
577
618
558
565
561
58
564
569
266
874
46
569
561
58
566
304
266
1130
558
562
561
58
567
315
1386
814
564
561
58
568
51
266
1229
561
58
569
573
1742
561
314
560
309
266
875
46
566
561
314
561
54
266
1131
302
565
561
314
562
55
266
1387
558
565
561
314
563
577
619
814
564
561
314
564
322
875
46
563
561
314
565
323
1131
302
562
561
314
567
304
266
1387
558
561
561
314
568
305
266
1433
560
561
314
569
50
266
1689
568
817
58
560
563
266
615
612
817
58
561
52
266
871
866
817
58
562
318
1383
46
561
817
58
563
53
266
615
46
568
817
58
564
566
266
871
302
566
817
58
565
576
1127
558
564
817
58
566
823
266
1383
814
561
817
58
567
312
266
661
568
817
58
568
573
1480
817
58
569
564
266
616
46
560
817
314
560
53
266
872
46
567
817
314
561
54
266
1128
302
564
817
314
562
320
1384
558
561
817
314
563
311
266
616
558
568
817
314
564
568
266
872
814
565
817
314
565
322
1128
46
561
817
314
566
313
266
1384
46
568
817
314
568
304
266
918
565
817
314
569
570
1430
563
817
570
560
817
266
617
814
562
817
570
561
562
266
873
607
817
570
562
563
266
1129
862
817
570
563
308
266
617
46
560
817
570
564
565
266
873
46
569
817
570
565
54
266
1129
302
563
817
570
566
567
266
1385
558
566
817
570
567
56
266
1431
564
817
570
568
312
266
919
560
817
570
569
57
266
618
46
566
817
826
561
48
266
874
302
563
817
826
562
560
266
1130
302
569
817
826
563
561
266
1386
558
566
817
826
564
571
618
814
562
817
826
565
562
266
874
606
817
826
566
51
266
1130
615
817
826
567
820
266
1386
870
817
826
568
565
266
920
567
817
826
569
310
266
619
302
564
817
58
560
55
266
875
558
564
817
58
561
567
266
1131
814
562
817
58
562
568
266
1387
46
560
817
58
563
825
266
619
46
565
817
58
565
48
266
875
302
562
817
58
566
816
266
1131
558
561
817
58
567
49
266
1387
302
566
817
58
568
306
266
1433
564
817
58
569
818
266
1689
568
817
314
560
819
266
620
611
817
314
561
819
266
876
862
817
314
562
564
266
1132
866
817
314
563
52
266
1388
870
817
314
564
574
876
46
562
817
314
565
309
266
1132
46
567
817
314
566
575
1388
46
569
817
314
567
822
266
922
565
817
314
568
566
266
1178
569
817
314
569
311
266
616
558
562
107
560
55
266
872
558
566
107
561
321
1128
814
560
107
562
568
266
1384
814
565
107
563
322
616
46
561
107
564
313
266
872
46
569
107
566
816
266
1128
302
568
107
567
49
266
1384
814
560
107
568
562
266
1225
107
569
52
266
1740
363
560
821
266
873
302
560
363
561
566
266
1129
558
564
363
562
312
266
1385
814
569
363
563
825
266
617
302
565
363
565
817
266
873
814
562
363
566
307
266
1129
862
363
567
53
266
663
569
363
568
576
1431
569
363
569
578
618
46
569
619
561
314
874
558
568
619
562
316
1130
614
619
563
820
266
618
46
566
619
564
566
266
874
558
566
619
565
312
266
1130
46
565
619
567
48
266
1386
558
564
619
568
818
266
1227
619
569
820
266
619
46
562
875
560
566
266
875
558
562
875
561
568
266
1131
46
562
875
563
560
266
1387
558
562
875
564
818
266
619
609
875
565
52
266
1131
46
565
875
566
566
266
1387
558
566
875
567
568
266
665
567
875
569
560
266
1433
567
107
560
316
620
614
107
561
318
1132
46
569
107
562
576
1388
814
560
107
563
57
266
620
302
561
107
565
561
266
876
814
563
107
566
51
266
1132
866
107
567
53
266
922
564
107
568
55
266
1690
563
107
569
825
266
621
302
563
363
561
561
266
877
814
561
363
562
51
266
1133
614
363
563
308
266
621
46
563
363
564
54
266
877
302
567
363
565
55
266
1133
814
561
363
566
322
1389
46
565
363
568
560
266
1179
560
363
569
817
266
1691
564
363
560
307
266
617
614
363
561
308
266
1129
46
562
363
562
575
1385
302
566
363
563
823
266
617
814
560
363
564
824
266
873
46
565
363
566
560
266
1129
558
560
363
567
315
1385
814
566
363
568
51
266
1481
363
569
53
266
618
46
568
619
560
566
266
874
558
564
619
561
568
266
1130
46
560
619
562
825
266
1386
302
565
619
564
817
266
618
814
561
619
565
316
874
612
619
566
52
266
1386
46
561
619
567
575
920
567
619
568
567
266
1688
564
619
569
569
266
619
302
560
875
561
570
875
558
568
875
562
562
266
1131
610
875
563
52
266
619
46
562
875
564
310
266
875
558
561
875
565
56
266
1131
814
569
875
566
323
1387
302
567
875
568
305
266
1433
563
875
569
307
266
1490
1131
560
820
266
876
46
564
1131
561
566
266
1132
302
569
1131
562
567
266
1388
814
564
1131
563
569
266
620
46
569
1131
565
816
266
876
558
565
1131
566
818
266
1132
606
1131
567
317
1388
868
1131
568
53
266
1178
561
1131
569
320
621
558
566
363
560
824
266
877
46
560
363
561
323
1133
302
565
363
563
817
266
1389
814
560
363
564
316
621
611
363
565
564
266
877
871
363
566
565
266
1389
302
564
363
567
311
266
1179
568
363
568
568
266
923
562
363
569
579
622
302
566
619
561
561
266
878
558
568
619
562
50
266
1134
607
619
563
563
266
1390
864
619
564
318
878
46
565
619
565
310
266
1134
302
566
619
566
567
266
1390
558
568
619
567
56
266
668
560
619
568
569
266
1180
562
50
58
560
570
608
558
564
50
58
561
306
522
864
814
567
50
58
562
819
522
1120
862
50
58
563
564
522
608
46
562
50
58
564
575
864
302
564
50
58
565
832
1120
558
565
50
58
566
56
522
1376
814
566
50
58
567
57
522
654
566
50
58
569
304
522
1166
566
50
314
560
561
522
609
558
566
50
314
561
306
522
865
814
566
50
314
562
307
522
1121
612
50
314
563
52
522
1377
867
50
314
564
53
522
865
46
562
50
314
565
831
865
615
50
314
566
49
522
1121
558
568
50
314
567
50
522
1377
814
567
50
314
568
563
522
1222
50
314
569
564
522
1733
50
570
560
53
522
866
46
566
50
570
561
54
522
1122
302
564
50
570
562
576
1378
558
562
50
570
563
567
522
610
558
568
50
570
564
56
522
866
814
568
50
570
565
313
522
1122
46
565
50
570
566
835
1378
302
562
50
570
568
560
522
1168
560
50
570
569
561
522
1424
566
50
826
560
827
611
814
562
50
826
561
306
522
867
814
568
50
826
562
51
522
1123
609
50
826
563
307
522
1379
613
50
826
564
829
611
863
50
826
565
820
522
867
867
50
826
566
564
522
1123
870
50
826
567
53
522
657
562
50
826
568
53
522
913
566
50
826
569
575
612
302
560
50
58
560
822
522
868
302
565
50
58
561
576
1124
558
561
50
58
562
55
522
1380
558
567
50
58
563
56
522
612
814
564
50
58
564
578
868
46
562
50
58
565
569
522
1124
302
560
50
58
567
48
522
1380
302
566
50
58
568
561
522
1170
566
50
58
569
50
522
1682
563
50
314
560
572
613
609
50
314
561
573
869
863
50
314
562
574
1381
46
562
50
314
563
831
613
302
562
50
314
564
566
522
869
558
560
50
314
565
823
522
1125
558
568
50
314
566
568
522
1381
814
566
50
314
567
57
522
659
563
50
314
568
569
522
915
568
306
58
560
48
522
609
302
568
306
58
561
561
522
865
558
567
306
58
562
562
522
1121
814
566
306
58
563
563
522
1377
612
306
58
564
564
522
609
868
306
58
565
309
522
1121
46
566
306
58
566
310
522
1377
302
566
306
58
567
832
1167
565
306
58
568
56
522
1679
564
306
58
569
578
610
814
564
306
314
560
569
522
866
302
560
306
314
562
48
522
1122
302
568
306
314
563
561
522
1378
558
566
306
314
564
306
522
610
814
565
306
314
565
828
866
609
306
314
566
563
522
1122
862
306
314
567
564
522
656
560
306
314
568
53
522
912
567
306
314
569
310
522
611
302
564
306
570
560
576
867
558
562
306
570
561
311
522
1123
558
568
306
570
562
56
522
1379
814
563
306
570
563
568
522
611
814
569
306
570
564
569
522
867
46
565
306
570
565
579
1123
302
561
306
570
567
816
522
1379
302
566
306
570
568
826
1169
562
306
570
569
305
522
1425
568
306
826
560
50
522
612
814
564
306
826
561
818
522
868
606
306
826
562
51
522
1124
614
306
826
563
564
522
1380
868
306
826
564
53
522
868
46
564
306
826
565
575
1124
302
562
306
826
566
566
522
1380
558
561
306
826
567
311
522
1170
569
306
826
568
56
522
1682
568
306
826
569
825
522
613
46
568
306
58
561
560
522
869
302
567
306
58
562
561
522
1125
558
566
306
58
563
306
522
1381
814
566
306
58
564
51
522
613
610
306
58
565
573
869
865
306
58
566
820
522
1381
46
561
306
58
567
309
522
659
569
306
58
568
822
522
1171
567
306
58
569
311
522
614
558
565
306
314
560
56
522
870
814
564
306
314
561
578
1126
46
562
306
314
562
569
522
1382
302
560
306
314
564
48
522
614
302
569
306
314
565
49
522
870
558
568
306
314
566
50
522
1126
814
569
306
314
567
51
522
1382
615
306
314
568
308
522
916
560
306
314
569
565
522
610
302
562
562
58
560
576
866
558
565
562
58
561
312
522
1122
814
568
562
58
562
57
522
1378
302
561
562
58
564
570
610
558
566
562
58
565
562
522
866
814
569
562
58
566
563
522
1122
864
562
58
567
830
656
566
562
58
568
566
522
1168
569
562
58
569
311
522
611
814
561
562
314
560
824
522
867
46
563
562
314
561
835
1123
302
565
562
314
563
561
522
1379
558
569
562
314
564
562
522
611
608
562
314
565
52
522
867
869
562
314
566
309
522
1379
302
562
562
314
567
311
522
1425
560
562
314
568
834
913
568
562
570
560
570
612
558
568
562
570
561
51
522
868
862
562
570
562
565
522
1380
302
563
562
570
563
311
522
612
814
567
562
570
564
835
868
558
561
562
570
566
818
522
1124
610
562
570
567
564
522
658
568
562
570
568
55
522
1682
562
562
570
569
825
522
613
302
564
562
826
561
49
522
869
814
565
562
826
562
563
522
1125
868
562
826
563
821
522
613
302
567
562
826
564
567
522
869
814
566
562
826
565
313
522
1125
302
564
562
826
567
817
522
1381
814
562
562
826
568
307
522
1475
562
826
569
830
614
46
568
562
58
560
576
870
558
568
562
58
561
578
1126
46
568
562
58
563
570
1382
558
568
562
58
564
572
614
614
562
58
565
574
1126
46
568
562
58
566
576
1382
558
568
562
58
567
578
660
567
562
58
569
560
522
1428
565
562
314
560
306
522
615
610
562
314
561
563
522
1127
46
562
562
314
562
310
522
1383
558
560
562
314
563
833
615
814
569
562
314
564
825
522
871
302
566
562
314
566
49
522
1127
814
563
562
314
567
563
522
1383
862
562
314
568
574
917
567
562
314
569
54
522
611
558
562
818
58
560
56
522
867
814
567
818
58
561
57
522
1123
302
561
818
58
563
570
1379
558
564
818
58
564
306
522
611
814
568
818
58
565
51
522
867
862
818
58
566
564
522
1379
46
563
818
58
567
54
522
913
566
818
58
568
567
522
1425
569
818
58
569
568
522
612
46
563
818
314
561
48
522
868
302
567
818
314
562
49
522
1124
814
561
818
314
563
828
1380
612
818
314
564
52
522
868
46
561
818
314
565
831
1124
302
567
818
314
566
311
522
1380
814
563
818
314
567
313
522
914
560
818
314
569
570
1426
566
818
570
560
50
522
613
608
818
570
561
52
522
869
870
818
570
562
565
522
1381
302
564
818
570
563
567
522
613
814
560
818
570
564
578
869
46
567
818
570
566
48
522
1125
558
562
818
570
567
50
522
1381
814
568
818
570
568
307
522
1477
818
570
569
830
614
46
565
818
826
560
566
522
870
302
568
818
826
561
55
522
1126
814
560
818
826
562
568
522
1382
46
562
818
826
563
579
614
302
564
818
826
565
826
870
558
565
818
826
566
50
522
1126
814
566
818
826
567
51
522
1382
612
818
826
568
564
522
1484
818
826
569
53
522
615
302
560
818
58
560
566
522
871
558
562
818
58
561
833
1127
814
567
818
58
562
313
522
1383
302
564
818
58
564
561
522
615
814
560
818
58
565
51
522
871
864
818
58
566
53
522
1383
302
565
818
58
567
823
522
1429
564
818
58
569
48
522
1429
561
818
314
560
562
522
616
609
818
314
561
564
522
1128
46
562
818
314
562
566
522
1384
558
562
818
314
563
56
522
616
46
566
818
314
565
570
872
558
569
818
314
566
51
522
1128
863
818
314
567
565
522
918
562
818
314
568
567
522
1686
560
50
58
561
560
522
868
302
569
50
58
562
305
522
1124
814
561
50
58
563
562
522
1380
607
50
58
564
307
522
612
615
50
58
565
820
522
868
869
50
58
566
53
522
1380
46
564
50
58
567
575
914
561
50
58
568
310
522
1170
569
50
58
569
567
522
613
558
566
50
314
560
310
522
869
814
562
50
314
561
312
522
1125
814
568
50
314
562
569
522
1381
46
565
50
314
563
579
613
302
560
50
314
565
48
522
869
302
567
50
314
566
49
522
1125
558
564
50
314
567
817
522
1381
814
560
50
314
568
50
522
1427
567
50
314
569
51
522
1478
50
570
560
563
522
614
615
50
570
561
564
522
870
866
50
570
562
820
522
1126
871
50
570
563
53
522
614
46
564
50
570
564
309
522
870
46
566
50
570
565
575
1126
46
568
50
570
566
575
1382
302
560
50
570
567
310
522
916
562
50
570
568
566
522
1172
563
50
570
569
54
522
615
302
565
50
826
560
566
522
871
302
567
50
826
561
576
1127
558
560
50
826
562
311
522
1383
558
563
50
826
563
311
522
615
558
567
50
826
564
833
871
814
561
50
826
565
56
522
1127
814
566
50
826
566
578
1383
46
560
50
826
567
569
522
661
563
50
826
568
313
522
917
566
50
826
569
825
522
616
46
568
50
58
560
835
872
302
560
50
58
562
560
522
1128
302
563
50
58
563
48
522
1384
302
566
50
58
564
816
522
616
302
569
50
58
565
305
522
872
558
562
50
58
566
49
522
1128
558
566
50
58
567
571
1384
814
560
50
58
568
562
522
1430
564
50
58
569
50
522
1686
566
50
314
560
562
522
617
814
567
50
314
561
572
873
814
569
50
314
562
51
522
1129
608
50
314
563
819
522
1385
611
50
314
564
819
522
617
862
50
314
565
820
522
873
868
50
314
566
53
522
1385
46
564
50
314
567
575
919
563
50
314
568
576
1431
563
50
314
569
823
522
613
814
564
306
58
560
313
522
869
46
567
306
58
562
48
522
1125
558
560
306
58
563
817
522
1381
814
564
306
58
564
563
522
613
862
306
58
565
53
522
1125
46
569
306
58
566
832
1381
814
560
306
58
567
313
522
915
563
306
58
569
305
522
1683
568
306
314
560
308
522
870
46
564
306
314
561
566
522
1126
558
568
306
314
562
834
1382
302
560
306
314
564
305
522
614
814
561
306
314
565
563
522
870
864
306
314
566
821
522
1382
302
563
306
314
567
55
522
1428
564
306
314
568
313
522
1172
566
306
570
560
817
522
615
814
568
306
570
561
52
522
1127
46
563
306
570
562
310
522
1383
558
568
306
570
563
569
522
615
302
566
306
570
565
827
871
608
306
570
566
52
522
1383
46
566
306
570
567
822
522
1173
569
306
570
568
569
522
1173
564
306
826
560
561
522
616
814
568
306
826
561
829
1128
46
560
306
826
562
54
522
1384
558
560
306
826
563
833
616
814
568
306
826
564
579
872
302
567
306
826
566
561
522
1128
814
566
306
826
567
563
522
1384
868
306
826
568
563
522
918
566
306
826
569
305
522
1686
564
306
58
560
562
522
617
302
562
306
58
560
834
873
302
569
306
58
561
52
522
1129
46
566
306
58
562
822
522
1385
558
560
306
58
563
823
522
617
814
564
306
58
564
57
522
873
46
566
306
58
566
48
522
1129
558
561
306
58
567
571
1385
814
567
306
58
568
307
522
1483
306
58
569
53
522
618
302
563
306
314
560
567
522
874
814
562
306
314
561
313
522
1130
302
560
306
314
563
826
1386
558
567
306
314
564
562
522
618
610
306
314
565
564
522
1130
46
560
306
314
566
821
522
1386
302
565
306
314
567
823
522
1432
560
306
314
568
578
920
566
562
58
560
48
522
614
558
563
562
58
561
306
522
870
606
562
58
562
573
1126
868
562
58
563
53
522
614
302
562
562
58
564
55
522
870
558
567
562
58
565
56
522
1126
46
560
562
58
566
569
522
1382
302
562
562
58
568
570
1172
563
562
58
569
571
1684
563
562
314
560
572
615
608
562
314
561
563
522
871
863
562
314
562
564
522
1383
46
561
562
314
563
565
522
615
302
563
562
314
564
567
522
871
814
561
562
314
565
569
522
1127
302
564
562
314
567
827
1383
610
562
314
568
53
522
1173
567
562
314
569
56
522
616
302
562
562
570
561
827
872
612
562
570
562
53
522
1384
558
562
562
570
563
578
616
302
565
562
570
565
818
522
872
863
562
570
566
54
522
1384
814
560
562
570
567
835
1174
569
562
570
569
829
617
46
569
562
826
560
833
873
46
569
562
826
562
50
522
1129
862
562
826
563
54
522
617
558
567
562
826
564
57
522
873
302
569
562
826
566
818
522
1129
613
562
826
567
830
919
561
562
826
568
567
522
1687
564
562
826
569
313
522
618
302
567
562
58
561
571
874
606
562
58
562
564
522
1386
46
564
562
58
563
822
522
618
814
560
562
58
564
825
522
874
302
567
562
58
566
306
522
1130
612
562
58
567
53
522
920
566
562
58
568
312
522
920
566
562
314
560
305
522
619
814
566
562
314
561
308
522
1131
46
566
562
314
562
311
522
1387
814
565
562
314
564
48
522
619
558
564
562
314
565
572
875
865
562
314
566
575
1387
558
563
562
314
567
824
522
921
560
562
314
569
817
522
1689
565
818
58
560
563
522
615
868
818
58
561
821
522
1127
302
566
818
58
562
311
522
1383
814
564
818
58
563
569
522
615
302
560
818
58
565
816
522
871
558
564
818
58
566
562
522
1127
814
569
818
58
567
563
522
1383
866
818
58
568
309
522
917
569
818
58
569
822
522
616
558
565
818
314
560
56
522
872
46
562
818
314
562
560
522
1128
558
562
818
314
563
562
522
1384
814
569
818
314
564
562
522
616
866
818
314
566
816
522
1128
302
566
818
314
566
311
522
1384
302
568
818
314
567
57
522
662
565
818
314
569
49
522
1174
565
818
570
560
816
522
617
614
818
570
561
820
522
1129
46
567
818
570
562
822
522
1385
558
567
818
570
563
578
617
302
567
818
570
565
305
522
873
302
564
818
570
566
563
522
1129
558
564
818
570
566
57
522
1385
302
563
818
570
568
49
522
1431
564
818
570
569
563
522
1741
818
826
560
821
522
874
302
568
818
826
561
577
1130
46
560
818
826
563
48
522
1386
558
561
818
826
564
50
522
874
46
561
818
826
566
48
522
1130
558
560
818
826
566
568
522
1386
302
567
818
826
567
577
1432
564
818
826
569
53
522
619
558
568
818
58
561
306
522
875
607
818
58
562
573
1131
866
818
58
563
53
522
619
46
567
818
58
564
822
522
875
558
560
818
58
565
567
522
1131
814
563
818
58
566
57
522
1387
46
567
818
58
568
48
522
1177
560
818
58
569
817
522
1689
563
818
314
560
51
522
620
814
563
818
314
561
820
522
876
871
818
314
562
52
522
1132
814
568
818
314
563
305
522
1388
46
566
818
314
564
818
522
620
814
568
818
314
565
51
522
876
615
818
314
566
52
522
1132
871
818
314
567
52
522
666
569
818
314
568
54
522
1232
818
314
569
50
522
1690
566
108
560
51
522
616
614
108
561
564
522
1128
46
563
108
562
54
522
1384
302
568
108
563
567
522
616
814
564
108
564
825
522
872
302
562
108
566
305
522
1128
558
568
108
567
572
1384
613
108
568
564
522
1478
108
569
310
522
617
302
568
364
560
567
522
873
814
562
364
561
578
1129
46
564
364
563
48
522
1385
302
565
364
564
49
522
617
558
568
364
565
50
522
873
814
569
364
566
51
522
1129
863
364
567
574
663
564
364
568
566
522
1175
569
364
569
823
522
618
814
566
620
560
313
522
874
302
565
620
562
49
522
1130
814
564
620
563
307
522
1386
868
620
564
565
522
874
302
567
620
565
56
522
1130
46
562
620
567
48
522
1386
302
562
620
568
563
522
1486
620
569
54
522
619
558
565
876
560
57
522
875
302
564
876
562
50
522
1131
611
876
563
830
619
302
564
876
564
577
875
46
562
876
566
560
522
1131
814
560
876
567
307
522
665
560
876
568
310
522
1689
560
876
569
313
522
620
558
561
108
561
562
522
876
864
108
562
575
1388
558
564
108
563
834
620
302
564
108
565
571
876
608
108
566
308
522
1388
46
568
108
567
832
1434
560
108
568
313
522
1178
562
364
560
561
522
621
814
563
364
561
819
522
877
865
364
562
821
522
1389
302
562
364
563
567
522
621
814
562
364
564
569
522
877
302
561
364
566
49
522
1133
814
560
364
567
51
522
1389
862
364
568
53
522
1179
560
364
569
55
522
617
814
560
364
560
57
522
873
302
560
364
562
826
1129
814
560
364
563
51
522
1385
862
364
564
309
522
873
302
561
364
565
567
522
1129
814
563
364
566
825
522
1385
302
564
364
568
49
522
1431
565
364
569
563
522
1741
620
560
565
522
874
302
566
620
561
567
522
1130
814
567
620
562
825
522
1386
302
568
620
564
571
618
814
568
620
565
819
522
874
868
620
566
565
522
1386
302
564
620
567
823
522
1432
562
620
568
313
522
1176
560
876
560
826
619
558
568
876
561
562
522
875
612
876
562
308
522
1387
46
564
876
563
54
522
619
558
563
876
564
568
522
875
46
561
876
566
48
522
1131
302
569
876
567
571
1387
814
567
876
568
563
522
1486
876
569
53
522
620
302
562
1132
560
311
522
876
814
560
1132
561
578
1132
46
565
1132
563
816
522
1388
558
560
1132
564
571
620
814
566
1132
565
819
522
876
862
1132
566
574
1388
46
565
1132
567
822
522
1178
560
1132
568
577
1690
566
1132
569
825
522
621
302
561
364
561
826
877
558
568
364
562
562
522
1133
611
364
563
52
522
621
46
563
364
564
566
522
877
558
560
364
565
833
1133
814
567
364
566
313
522
1389
302
564
364
568
561
522
1435
560
364
569
572
1491
620
560
820
522
878
46
567
620
561
822
522
1134
558
567
620
562
824
522
1390
46
568
620
564
570
622
558
568
620
565
828
878
862
620
566
53
522
1390
302
560
620
567
55
522
1436
561
620
568
57
522
1180
566
51
58
560
50
778
608
609
51
58
561
564
778
1120
302
560
51
58
562
55
778
1376
814
567
51
58
564
304
778
608
558
564
51
58
565
818
778
864
615
51
58
566
565
778
1376
302
564
51
58
567
833
654
561
51
58
569
48
778
1422
567
51
314
560
51
778
609
865
51
314
561
565
778
1121
302
569
51
314
562
568
778
1377
46
565
51
314
564
826
609
814
562
51
314
565
307
778
865
870
51
314
566
566
778
1377
558
566
51
314
567
57
778
911
564
51
314
569
817
778
1471
51
570
560
820
778
866
46
566
51
570
561
1088
1122
814
562
51
570
562
313
778
1378
302
568
51
570
564
562
778
610
612
51
570
565
53
778
1122
302
565
51
570
566
1089
1378
46
563
51
570
568
816
778
1168
568
51
570
569
51
778
1729
51
826
560
565
778
867
302
564
51
826
561
567
778
1123
46
560
51
826
563
48
778
1379
558
568
51
826
564
51
778
867
46
560
51
826
565
822
778
1123
814
565
51
826
567
48
778
1379
814
563
51
826
568
820
778
1169
563
51
826
569
56
778
612
302
565
51
58
561
562
778
868
868
51
58
562
566
778
1380
814
562
51
58
563
835
612
558
563
51
58
565
818
778
868
863
51
58
566
309
778
1380
302
568
51
58
567
824
778
658
568
51
58
569
561
778
1682
566
51
314
560
52
778
869
46
565
51
314
561
55
778
1125
814
566
51
314
563
560
778
1381
558
568
51
314
564
307
778
869
46
563
51
314
565
55
778
1125
814
566
51
314
567
560
778
1381
558
568
51
314
568
51
778
915
560
51
314
569
310
778
609
814
561
307
58
560
825
778
865
558
563
307
58
562
1084
1121
867
307
58
563
310
778
609
558
568
307
58
564
57
778
865
558
560
307
58
566
306
778
1121
862
307
58
567
565
778
1167
560
307
58
568
56
778
911
568
307
314
560
561
778
610
814
566
307
314
561
308
778
1122
46
565
307
314
562
55
778
1378
814
565
307
314
563
1091
610
558
563
307
314
565
562
778
866
615
307
314
566
309
778
1378
302
563
307
314
567
55
778
1424
565
307
314
568
569
778
1168
566
307
570
560
561
778
611
814
567
307
570
561
829
867
869
307
570
562
821
778
1379
302
566
307
570
563
55
778
611
814
563
307
570
564
569
778
867
302
561
307
570
566
1082
1123
558
568
307
570
567
562
778
1379
610
307
570
568
564
778
913
560
307
570
569
831
612
302
566
307
826
560
55
778
868
814
562
307
826
561
57
778
1124
46
569
307
826
563
816
778
1380
558
565
307
826
564
818
778
612
607
307
826
565
829
868
868
307
826
566
53
778
1380
302
561
307
826
567
832
1170
565
307
826
568
312
778
1682
567
307
826
569
825
778
613
46
568
307
58
561
48
778
869
302
568
307
58
562
49
778
1125
558
568
307
58
563
50
778
1381
814
568
307
58
564
819
778
613
614
307
58
565
820
778
869
870
307
58
566
53
778
1381
46
569
307
58
567
54
778
915
569
307
58
568
55
778
1427
568
307
58
569
824
778
614
814
567
307
314
560
569
778
870
46
566
307
314
562
48
778
1126
302
564
307
314
563
826
1382
558
562
307
314
564
561
778
614
814
561
307
314
565
306
778
870
607
307
314
566
819
778
1126
866
307
314
567
309
778
660
569
307
314
568
832
1428
567
307
314
569
834
610
46
568
563
58
561
49
778
866
814
562
563
58
562
307
778
1122
871
563
58
563
822
778
610
558
568
563
58
564
825
778
866
558
560
563
58
566
562
778
1122
866
563
58
567
822
778
1424
562
563
58
569
304
778
1680
560
563
314
560
829
867
46
566
563
314
561
55
778
1123
46
562
563
314
563
49
778
1379
814
569
563
314
564
830
867
302
566
563
314
565
824
778
1123
46
569
563
314
567
561
778
1379
612
563
314
568
309
778
1425
565
563
314
569
569
778
612
558
566
563
570
561
819
778
1124
46
568
563
570
562
833
1380
302
560
563
570
564
306
778
612
864
563
570
565
822
778
1124
814
565
563
570
567
48
778
1380
814
566
563
570
568
308
778
1170
564
563
570
569
824
778
613
302
560
563
826
561
817
778
869
610
563
826
562
309
778
1381
302
567
563
826
563
56
778
613
46
569
563
826
565
561
778
869
608
563
826
566
1086
1381
302
566
563
826
567
568
778
659
569
563
826
569
561
778
1477
563
58
560
1086
870
302
567
563
58
561
312
778
1126
302
564
563
58
563
562
778
1382
863
563
58
564
54
778
870
558
568
563
58
565
569
778
1126
558
564
563
58
567
563
778
1382
871
563
58
568
566
778
1684
564
563
58
569
825
778
615
558
567
563
314
561
819
778
871
870
563
314
562
310
778
1383
558
565
563
314
563
834
615
302
560
563
314
565
561
778
871
814
564
563
314
566
307
778
1127
867
563
314
567
309
778
917
564
563
314
568
567
778
1685
561
563
314
569
834
611
46
565
819
58
561
560
778
867
302
568
819
58
562
49
778
1123
814
560
819
58
563
306
778
1379
814
569
819
58
564
51
778
611
614
819
58
565
820
778
867
869
819
58
566
309
778
1379
46
566
819
58
567
54
778
913
564
819
58
568
1085
1169
568
819
58
569
818
778
1681
568
819
314
560
819
778
612
615
819
314
561
