48
58
560
318
864
46
566
48
58
561
57
10
1120
302
560
48
58
563
306
10
608
814
561
48
58
564
57
10
864
46
564
48
58
566
561
10
1120
865
48
58
567
321
1166
564
48
58
569
561
10
1475
48
314
560
310
10
865
302
568
48
314
561
57
10
1121
558
564
48
314
563
566
10
609
46
568
48
314
567
53
10
655
566
48
314
568
569
10
1167
569
48
570
560
818
10
866
302
564
48
570
561
309
10
1122
814
562
48
570
562
568
10
1378
46
564
48
570
564
48
10
610
558
565
48
570
565
321
1122
46
562
48
570
567
560
10
1378
814
561
48
570
568
60
1424
567
48
570
569
315
1472
48
826
560
821
10
867
46
564
48
826
561
308
10
1123
46
562
48
826
562
311
10
1379
814
567
48
826
563
569
10
867
46
560
48
826
565
63
1123
46
563
48
826
566
321
1379
302
562
48
826
568
564
10
1425
563
48
58
560
563
10
868
302
561
48
58
562
50
10
1124
814
560
48
58
563
563
10
612
46
560
48
58
564
313
10
868
814
562
48
58
566
820
10
1380
302
564
48
58
567
57
10
658
560
48
58
568
57
10
1170
568
48
314
560
59
869
46
561
48
314
561
56
10
1125
558
562
48
314
563
562
10
613
558
561
48
314
565
816
10
869
558
561
48
314
566
52
10
1125
870
48
314
567
57
10
1427
568
48
314
569
58
1171
568
304
58
560
563
10
865
46
561
304
58
562
50
10
1121
613
304
58
563
63
609
46
562
304
58
565
51
10
865
863
304
58
566
316
1377
46
562
304
58
567
312
10
911
565
304
58
569
305
10
1679
565
304
314
560
563
10
866
46
565
304
314
562
304
10
1122
302
562
304
314
563
48
10
1378
558
560
304
314
564
562
10
610
614
304
314
565
311
10
1122
558
569
304
314
566
56
10
1378
814
568
304
314
568
61
1424
567
304
314
569
321
611
558
560
304
570
561
51
10
1123
302
562
304
570
562
568
10
1379
46
562
304
570
564
816
10
611
615
304
570
565
63
1123
302
564
304
570
566
66
1379
302
569
304
570
568
307
10
913
567
304
826
560
304
10
612
302
564
304
826
560
323
868
46
562
304
826
561
55
10
1124
814
563
304
826
563
304
10
1380
46
569
304
826
564
48
10
612
814
569
304
826
565
55
10
1124
46
569
304
826
567
307
10
1170
560
304
826
568
312
10
1682
567
304
826
569
55
10
1738
304
58
560
313
10
869
558
560
304
58
562
64
1381
302
564
304
58
564
60
613
610
304
58
565
307
10
1125
302
563
304
58
566
825
10
1381
558
568
304
58
568
565
10
915
560
304
314
560
314
614
814
561
304
314
561
822
10
1126
558
561
304
314
562
320
1382
302
566
304
314
564
305
10
614
302
569
304
314
565
563
10
870
607
304
314
566
564
10
1382
46
560
304
314
567
822
10
916
566
304
314
568
567
10
1684
563
560
58
560
305
10
610
558
562
560
58
561
307
10
866
867
560
58
562
566
10
1378
558
561
560
58
563
825
10
610
302
564
560
58
565
560
10
866
558
563
560
58
566
817
10
1378
46
561
560
58
567
567
10
656
565
560
58
569
306
10
1424
565
560
314
560
821
10
867
46
569
560
314
561
566
10
867
862
560
314
562
322
1379
302
562
560
314
563
54
10
611
302
569
560
314
564
66
867
814
567
560
314
566
310
10
1123
611
560
314
567
560
10
1379
558
563
560
314
567
57
10
1425
564
560
314
568
569
10
913
563
560
314
569
57
10
612
558
561
560
570
560
56
10
868
46
561
560
570
561
55
10
1124
302
568
560
570
562
821
10
1380
46
560
560
570
564
48
10
612
862
560
570
565
817
10
868
302
560
560
570
566
305
10
1124
558
562
560
570
567
315
1380
814
566
560
570
568
818
10
914
564
560
570
569
822
10
613
46
566
560
826
560
61
869
302
567
560
826
562
560
10
1125
558
567
560
826
563
52
10
1381
614
560
826
564
563
10
613
814
566
560
826
565
62
1125
558
565
560
826
566
57
10
1381
558
563
560
826
568
52
10
1484
560
826
569
820
10
614
302
567
560
58
560
308
10
614
558
567
560
58
560
67
870
46
563
560
58
562
816
10
1126
867
560
58
563
52
10
614
46
565
560
58
565
562
10
870
558
564
560
58
566
61
1382
302
564
560
58
567
54
10
1382
865
560
58
568
63
1476
560
58
569
819
10
1739
560
314
560
308
10
615
869
560
314
561
567
10
1127
302
567
560
314
563
564
10
615
46
567
560
314
564
822
10
871
558
565
560
314
565
320
1127
302
567
560
314
566
65
1383
302
565
560
314
567
67
1173
563
560
314
569
561
10
1481
816
58
560
308
10
611
870
816
58
561
306
10
867
302
569
816
58
562
51
10
1123
865
816
58
563
567
10
611
46
565
816
58
564
313
10
867
614
816
58
566
320
1379
46
568
816
58
567
55
10
913
562
816
58
568
568
10
1729
816
314
560
318
868
46
562
816
314
561
309
10
868
864
816
314
562
52
10
1380
46
564
816
314
563
824
10
612
46
564
816
314
564
825
10
868
46
562
816
314
566
50
10
1124
863
816
314
567
308
10
658
569
816
314
568
824
10
1426
568
816
314
569
57
10
613
558
562
816
570
561
562
10
1125
46
563
816
570
562
823
10
1381
46
561
816
570
563
569
10
613
558
564
816
570
565
59
869
868
816
570
566
562
10
1125
302
564
816
570
567
51
10
915
567
816
570
568
822
10
1427
562
816
570
569
53
10
614
558
565
816
826
561
562
10
870
608
816
826
562
568
10
1382
302
563
816
826
563
52
10
1382
862
816
826
564
51
10
614
558
562
816
826
564
313
10
870
46
569
816
826
566
305
10
1126
558
569
816
826
567
817
10
660
562
816
826
568
313
10
1172
564
816
58
560
561
10
615
558
563
816
58
561
562
10
871
302
561
816
58
562
816
10
1127
558
568
816
58
563
309
10
1383
612
816
58
564
51
10
871
608
816
58
566
563
10
1127
866
816
58
567
54
10
1429
560
816
58
568
567
10
1173
566
816
314
560
304
10
616
302
560
816
314
561
562
10
872
867
816
314
562
819
10
1128
615
816
314
563
53
10
616
302
560
816
314
564
563
10
872
558
561
816
314
565
55
10
1128
46
563
816
314
566
54
10
1384
46
563
816
314
567
323
1224
816
314
569
566
10
612
302
569
48
58
560
567
10
868
814
562
48
58
561
323
1124
46
560
48
58
562
569
10
1380
814
562
48
58
563
567
10
612
558
566
48
58
564
64
868
302
566
48
58
565
312
10
1124
558
562
48
58
566
311
10
1380
558
567
48
58
567
313
10
914
568
48
58
569
562
10
613
46
563
48
314
560
822
10
869
558
569
48
314
562
561
10
1125
814
566
48
314
563
304
10
1381
613
48
314
564
53
10
613
814
564
48
314
565
48
10
869
302
566
48
314
566
304
10
1125
558
563
48
314
567
562
10
1381
558
560
48
314
567
66
915
565
48
314
569
59
1427
568
48
570
560
820
10
614
558
564
48
570
561
561
10
870
814
562
48
570
562
566
10
1382
46
568
48
570
563
320
614
558
569
48
570
564
54
10
870
558
566
48
570
565
569
10
1126
46
563
48
570
566
66
1382
558
564
48
570
568
306
10
660
560
48
570
569
816
10
1428
561
48
826
560
48
10
615
46
565
48
826
561
562
10
871
608
48
826
562
62
1383
814
562
48
826
563
53
10
615
814
568
48
826
564
67
871
612
48
826
566
564
10
1127
863
48
826
567
51
10
1383
871
48
826
568
567
10
616
46
563
48
58
560
566
10
616
862
48
58
561
315
872
606
48
58
562
563
10
1128
612
48
58
564
315
616
46
560
48
58
565
305
10
872
814
566
48
58
566
52
10
1384
46
564
48
58
568
49
10
1174
568
48
58
569
49
10
1174
563
48
314
560
310
10
873
302
560
48
314
561
309
10
1129
302
568
48
314
562
566
10
1385
558
563
48
314
564
560
10
617
558
569
48
314
565
818
10
1129
302
564
48
314
566
823
10
1129
866
48
314
567
564
10
1385
862
48
314
569
563
10
1431
566
304
58
560
51
10
613
607
304
58
561
318
1125
558
563
304
58
562
57
10
1381
814
567
304
58
564
820
10
613
868
304
58
565
565
10
1125
46
565
304
58
566
566
10
1381
46
568
304
58
567
565
10
1171
565
304
58
568
309
10
1222
304
58
569
566
10
614
814
561
304
314
560
824
10
870
302
569
304
314
562
562
10
1382
46
561
304
314
563
316
614
46
560
304
314
564
62
870
558
565
304
314
565
825
10
1126
814
568
304
314
567
560
10
1382
862
304
314
568
566
10
1684
568
304
570
560
564
10
615
558
564
304
570
561
818
10
871
302
569
304
570
562
49
10
1127
814
563
304
570
563
563
10
615
814
561
304
570
564
319
871
46
560
304
570
565
821
10
1127
302
562
304
570
566
310
10
1383
46
569
304
570
567
54
10
661
565
304
570
568
569
10
1685
560
304
826
560
565
10
872
302
567
304
826
562
560
10
1128
302
564
304
826
563
561
10
1384
46
562
304
826
564
817
10
616
868
304
826
565
318
872
864
304
826
566
564
10
1128
814
563
304
826
566
569
10
1384
558
566
304
826
568
563
10
1229
304
826
569
308
10
617
814
569
304
58
560
311
10
873
558
566
304
58
562
561
10
1129
608
304
58
563
62
617
814
565
304
58
564
312
10
873
46
562
304
58
566
48
10
1129
558
569
304
58
567
51
10
1385
612
304
58
568
564
10
1230
304
58
569
564
10
1744
304
314
560
819
10
874
46
564
304
314
562
820
10
1386
558
568
304
314
563
66
618
302
566
304
314
564
57
10
874
607
304
314
566
54
10
1130
609
304
314
567
59
1386
607
304
314
568
51
10
1228
304
314
569
568
10
614
302
567
560
58
560
57
10
870
814
565
560
58
562
563
10
1382
866
560
58
564
61
614
608
560
58
565
306
10
870
558
564
560
58
566
60
1126
871
560
58
567
63
916
561
560
58
568
312
10
1428
565
560
58
569
822
10
615
46
569
560
314
560
567
10
871
814
560
560
314
561
66
1127
46
568
560
314
563
318
1383
814
564
560
314
564
305
10
615
814
563
560
314
565
819
10
1127
558
565
560
314
566
568
10
1383
814
565
560
314
567
823
10
1429
560
560
314
568
568
10
917
567
560
314
569
568
10
616
558
567
560
570
560
323
872
46
564
560
570
562
562
10
1128
814
564
560
570
563
48
10
1384
302
566
560
570
564
315
872
814
561
560
570
566
50
10
1128
613
560
570
567
61
662
569
560
570
568
309
10
1174
563
560
570
569
54
10
617
558
563
560
826
560
320
873
46
564
560
826
562
48
10
1129
558
560
560
826
563
562
10
1385
867
560
826
564
65
873
46
566
560
826
565
822
10
1129
302
560
560
826
566
62
1385
558
566
560
826
567
66
663
563
560
826
568
310
10
919
564
560
826
569
567
10
618
46
564
560
58
561
58
874
302
561
560
58
562
560
10
1130
46
562
560
58
562
569
10
1386
46
569
560
58
564
817
10
618
558
566
560
58
565
49
10
874
558
566
560
58
566
818
10
1130
302
564
560
58
566
824
10
1386
558
565
560
58
567
313
10
664
566
560
58
568
64
619
302
560
560
314
561
824
10
1131
302
566
560
314
563
48
10
1387
46
567
560
314
563
55
10
619
46
564
560
314
564
57
10
875
814
568
560
314
566
564
10
1387
302
561
560
314
567
63
1387
608
560
314
568
307
10
1490
560
314
569
65
615
302
564
816
58
561
50
10
871
814
565
816
58
562
61
1127
863
816
58
563
309
10
615
302
566
816
58
564
568
10
871
46
562
816
58
565
55
10
1127
302
566
816
58
567
308
10
1383
814
562
816
58
568
565
10
1478
816
58
569
64
616
558
565
816
314
560
569
10
872
866
816
314
562
56
10
1384
302
562
816
314
563
55
10
616
302
569
816
314
564
63
872
46
566
816
314
565
309
10
1128
558
566
816
314
566
824
10
1384
46
561
816
314
567
313
10
918
564
816
314
568
67
1739
816
570
560
65
873
558
568
816
570
561
312
10
1129
46
569
816
570
562
821
10
1385
302
569
816
570
564
60
617
46
569
816
570
564
66
873
46
564
816
570
566
49
10
1129
558
564
816
570
566
569
10
1385
613
816
570
568
51
10
1431
569
816
570
569
50
10
1687
560
816
826
560
50
10
618
558
569
816
826
561
59
1130
302
560
816
826
562
51
10
1130
606
816
826
563
819
10
618
46
565
816
826
564
323
1130
558
564
816
826
566
568
10
1386
302
561
816
826
567
823
10
1432
561
816
826
568
568
10
1688
564
816
58
560
48
10
619
46
566
816
58
560
67
1131
302
563
816
58
562
310
10
1387
46
561
816
58
563
568
10
619
46
562
816
58
564
67
875
46
561
816
58
565
66
1131
558
567
816
58
567
51
10
921
568
816
58
568
822
10
921
567
816
58
569
51
10
1738
816
314
560
563
10
620
868
816
314
561
66
1132
302
563
816
314
562
821
10
1132
814
566
816
314
563
51
10
620
814
569
816
314
564
57
10
876
302
562
816
314
565
307
10
1132
814
563
816
314
566
323
1388
814
568
816
314
568
316
1178
567
816
314
569
822
10
872
46
563
106
561
64
1128
558
560
106
562
318
1128
814
568
106
563
49
10
1384
870
106
564
63
616
870
106
565
52
10
1128
46
568
106
566
821
10
1128
607
106
567
51
10
662
566
106
568
57
10
918
568
106
569
65
617
302
564
362
560
568
10
873
46
564
362
561
825
10
1129
302
567
362
563
59
1385
613
362
564
53
10
873
302
560
362
565
55
10
1129
46
562
362
566
51
10
1129
606
362
567
59
1385
46
563
362
567
567
10
919
565
362
569
817
10
1687
563
618
560
818
10
618
607
618
561
564
10
874
869
618
562
61
1130
868
618
563
308
10
618
814
567
618
564
57
10
874
46
564
618
565
568
10
1130
558
561
618
566
321
1386
814
563
618
567
312
10
920
562
618
569
562
10
1432
568
874
560
560
10
619
814
569
874
561
56
10
1131
558
562
874
562
323
1387
814
565
874
564
561
10
875
46
562
874
565
52
10
1131
302
565
874
566
824
10
1387
46
564
874
567
312
10
1177
566
874
568
310
10
1689
565
874
569
312
10
620
558
568
106
561
564
10
1132
46
560
106
562
53
10
1388
46
569
106
563
309
10
1388
606
106
564
819
10
620
614
106
565
315
876
814
564
106
566
316
1132
862
106
567
817
10
1388
614
106
568
59
666
565
106
569
48
10
1434
560
362
560
561
10
877
46
565
362
561
569
10
1133
814
560
362
562
319
1389
302
562
362
563
823
10
621
302
562
362
565
58
877
814
564
362
566
51
10
1389
46
560
362
567
54
10
1179
563
362
568
823
10
1435
560
362
569
57
10
617
558
562
362
561
317
1129
46
566
362
562
65
1385
814
561
362
564
816
10
617
302
560
362
565
59
873
302
560
362
566
560
10
1129
607
362
567
61
1385
862
362
568
60
1175
568
362
569
49
10
919
564
362
569
313
10
618
46
560
618
561
60
874
814
564
618
561
569
10
1130
814
562
618
562
57
10
1386
46
560
618
564
562
10
618
814
564
618
565
821
10
1130
302
569
618
566
311
10
1386
558
564
618
567
65
1432
561
618
569
562
10
1742
874
560
823
10
875
814
562
874
561
56
10
1131
46
561
874
562
323
1387
558
561
874
564
563
10
875
46
564
874
565
317
1131
46
569
874
566
309
10
1387
558
566
874
568
58
1177
565
874
569
307
10
1689
566
1130
560
52
10
620
558
568
1130
560
569
10
876
302
560
1130
561
823
10
1132
612
1130
563
64
620
46
562
1130
564
822
10
876
558
567
1130
566
48
10
1132
867
1130
567
62
1388
863
1130
568
819
10
1231
1130
569
317
621
302
568
362
560
311
10
877
814
563
362
561
57
10
1133
302
566
362
563
52
10
1389
871
362
564
63
877
46
564
362
565
822
10
1133
46
562
362
566
313
10
1389
46
568
362
568
564
10
1435
568
362
569
48
10
1179
564
362
569
568
10
622
814
566
618
561
560
10
878
814
568
618
562
52
10
1134
614
618
563
317
1390
870
618
564
567
10
878
302
569
618
565
567
10
1134
302
566
618
567
818
10
1390
814
567
618
568
52
10
1692
562
618
569
322
608
46
565
49
58
561
308
266
864
862
49
58
562
564
266
1376
558
569
49
58
564
306
266
608
606
49
58
565
57
266
1120
558
564
49
58
567
563
266
1376
863
49
58
568
564
266
910
567
49
58
569
308
266
609
558
568
49
314
561
50
266
865
46
562
49
314
562
817
266
1121
46
564
49
314
563
52
266
609
302
567
49
314
564
567
266
865
302
568
49
314
565
824
266
1121
558
561
49
314
566
567
266
1377
558
562
49
314
567
321
1167
565
49
314
568
568
266
1167
564
49
570
560
48
266
610
558
562
49
570
561
314
866
302
563
49
570
562
49
266
1122
610
49
570
563
316
610
558
565
49
570
564
56
266
866
814
568
49
570
566
315
1424
564
49
826
561
818
266
867
613
49
826
562
565
266
1123
613
49
826
563
311
266
1379
870
49
826
564
317
611
608
49
826
565
307
266
867
558
565
49
826
566
309
266
1123
862
49
826
567
320
1379
869
49
826
568
54
266
1425
567
49
826
569
568
266
612
814
566
49
58
561
562
266
868
814
563
49
58
562
316
1380
46
561
49
58
563
53
266
612
302
567
49
58
565
50
266
868
46
569
49
58
565
824
266
1380
302
565
49
58
567
566
266
914
564
49
58
569
817
266
1426
560
49
314
560
48
266
613
46
567
49
314
561
314
869
814
563
49
314
562
53
266
1381
814
568
49
314
563
567
266
613
46
561
49
314
564
565
266
869
302
560
49
314
565
567
266
1125
302
560
49
314
566
821
266
1381
302
562
49
314
567
311
266
915
560
49
314
569
560
266
1171
565
305
58
560
305
266
609
609
305
58
561
53
266
1121
46
564
305
58
562
569
266
1377
558
566
305
58
564
304
266
609
558
563
305
58
565
306
266
865
302
564
305
58
566
818
266
1121
614
305
58
567
573
1377
558
569
305
58
568
561
266
1218
305
58
569
52
266
1728
305
314
560
318
866
302
560
305
314
561
577
1122
558
569
305
314
563
306
266
1378
302
568
305
314
563
57
266
610
558
561
305
314
564
311
266
866
814
565
305
314
565
56
266
1122
558
564
305
314
566
320
1378
302
564
305
314
567
57
266
912
568
305
314
569
562
266
1731
305
570
561
51
266
1123
46
563
305
570
562
318
1379
46
566
305
570
563
567
266
611
814
566
305
570
565
563
266
867
862
305
570
566
821
266
1379
46
562
305
570
567
823
266
1425
564
305
570
569
561
266
1481
305
826
562
818
266
1380
302
568
305
826
563
57
266
868
302
568
305
826
565
564
266
868
814
564
305
826
566
316
1124
302
567
305
826
566
824
266
1380
46
562
305
826
567
579
1426
569
305
826
568
321
914
569
305
826
569
57
266
613
558
564
305
58
560
55
266
869
558
567
305
58
561
823
266
1125
558
561
305
58
562
56
266
1381
814
561
305
58
563
56
266
613
558
562
305
58
564
569
266
869
814
562
305
58
565
568
266
1125
46
566
305
58
566
569
266
1381
302
567
305
58
567
564
266
1381
814
568
305
58
568
319
915
569
305
58
569
821
266
614
46
563
305
314
560
54
266
870
814
568
305
314
561
569
266
1126
814
566
305
314
563
561
266
1382
558
566
305
314
564
308
266
614
814
563
305
314
565
307
266
1126
814
566
305
314
566
823
266
1382
302
562
305
314
567
51
266
1382
302
564
305
314
568
817
266
1428
564
305
314
568
55
266
1172
564
305
314
569
819
266
1428
561
305
314
569
568
266
610
558
563
561
58
561
305
266
866
302
561
561
58
562
53
266
1378
302
568
561
58
563
822
266
610
302
569
561
58
564
55
266
866
558
562
561
58
565
320
1122
302
564
561
58
566
566
266
1378
46
561
561
58
567
824
266
656
569
561
58
568
825
266
611
46
569
561
314
560
309
266
611
862
561
314
561
318
1123
46
564
561
314
562
822
266
1379
302
569
561
314
563
311
266
611
558
560
561
314
564
311
266
867
814
566
561
314
566
52
266
1379
558
567
561
314
567
578
913
562
561
314
569
816
266
913
565
561
314
569
568
266
612
302
560
561
570
561
560
266
868
558
564
561
570
562
49
266
1124
606
561
570
563
50
266
1380
606
561
570
564
820
266
612
866
561
570
565
54
266
1124
814
562
561
570
566
57
266
1380
302
568
561
570
568
317
914
566
561
570
569
567
266
613
814
564
561
826
560
823
266
869
558
560
561
826
562
50
266
1125
814
565
561
826
563
54
266
613
302
569
561
826
564
824
266
869
558
569
561
826
566
51
266
1125
814
568
561
826
567
563
266
1381
862
561
826
568
313
266
1683
564
561
58
560
818
266
614
558
566
561
58
561
564
266
1126
46
565
561
58
562
55
266
1382
46
564
561
58
564
817
266
614
302
566
561
58
565
314
870
46
569
561
58
566
51
266
1126
869
561
58
567
54
266
1428
564
561
58
568
565
266
1172
562
561
58
569
825
266
615
302
569
561
314
560
579
871
864
561
314
563
566
266
1383
610
561
314
564
318
871
46
560
561
314
565
308
266
1127
46
562
561
314
566
823
266
1383
814
569
561
314
567
569
266
1429
564
561
314
569
52
266
611
302
560
817
58
560
567
266
867
46
560
817
58
561
569
266
1123
302
563
817
58
563
816
266
1379
302
560
817
58
564
562
266
611
866
817
58
565
308
266
867
863
817
58
566
568
266
1379
302
569
817
58
568
50
266
1425
562
817
58
569
567
266
612
558
566
817
314
560
568
266
868
46
561
817
314
561
824
266
1124
302
564
817
314
563
308
266
1380
864
817
314
564
823
266
868
302
569
817
314
565
55
266
1124
302
567
817
314
567
315
1380
611
817
314
568
561
266
1426
562
817
314
569
52
266
1477
817
570
560
565
266
869
46
568
817
570
561
574
1125
814
562
817
570
562
321
1381
814
566
817
570
564
561
266
613
558
568
817
570
565
574
869
814
561
817
570
566
821
266
1381
46
569
817
570
567
57
266
915
566
817
570
569
305
266
614
302
568
817
826
560
577
870
814
563
817
826
562
560
266
1126
558
564
817
826
562
579
1382
558
565
817
826
563
54
266
614
558
560
817
826
564
56
266
870
814
565
817
826
565
568
266
1126
814
568
817
826
567
314
1382
558
560
817
826
568
561
266
1172
565
817
826
569
818
266
1428
562
817
58
560
52
266
615
866
817
58
561
52
266
871
612
817
58
562
563
266
1127
609
817
58
563
55
266
615
46
567
817
58
564
57
266
871
46
565
817
58
566
817
266
1127
814
563
817
58
567
562
266
1383
558
568
817
58
568
566
266
1429
569
817
58
569
322
616
558
562
817
314
561
315
872
814
565
817
314
562
51
266
1128
814
564
817
314
563
305
266
1384
558
560
817
314
564
49
266
616
558
568
817
314
565
563
266
872
864
817
314
566
309
266
1384
302
565
817
314
567
57
266
918
568
817
314
569
49
266
1430
566
49
58
560
562
266
868
302
560
49
58
561
568
266
1124
558
568
49
58
564
561
266
612
606
49
58
565
306
266
1124
46
562
49
58
566
565
266
1380
558
560
49
58
567
824
266
1170
561
49
58
568
310
266
914
564
49
314
560
304
266
613
46
563
49
314
560
323
869
302
565
49
314
562
818
266
1125
615
49
314
563
564
266
613
302
564
49
314
564
565
266
869
814
564
49
314
565
577
1125
814
560
49
314
566
321
1381
302
566
49
314
568
48
266
1427
568
49
314
569
306
266
1483
49
570
560
563
266
870
46
561
49
570
561
318
1126
46
568
49
570
562
311
266
1382
612
49
570
564
565
266
614
863
49
570
565
573
1126
302
560
49
570
566
576
1382
558
568
49
570
568
304
266
1428
560
49
570
569
53
266
615
814
568
49
826
560
321
871
814
568
49
826
562
49
266
1127
863
49
826
563
53
266
615
46
564
49
826
564
821
266
871
302
562
49
826
565
564
266
1127
302
562
49
826
566
309
266
1383
302
564
49
826
567
566
266
661
567
49
826
568
822
266
1173
567
49
826
569
567
266
616
814
564
49
58
560
57
266
872
558
560
49
58
562
562
266
1128
610
49
58
563
306
266
616
46
561
49
58
564
319
616
865
49
58
565
309
266
1128
558
562
49
58
566
823
266
1384
814
560
49
58
567
57
266
1430
566
49
58
568
55
266
1430
568
49
58
569
55
266
617
558
567
49
314
560
320
873
814
560
49
314
561
568
266
1129
302
566
49
314
562
566
266
1385
611
49
314
564
51
266
617
611
49
314
565
818
266
873
814
560
49
314
566
561
266
1129
302
568
49
314
567
316
1385
610
49
314
568
317
919
562
49
314
569
822
266
613
46
562
305
58
560
52
266
613
611
305
58
561
318
1125
46
566
305
58
562
53
266
1381
302
567
305
58
563
311
266
613
814
561
305
58
564
57
266
869
46
562
305
58
565
578
1125
814
564
305
58
567
307
266
1381
814
566
305
58
568
53
266
1427
562
305
58
569
578
614
46
564
305
314
560
313
266
870
558
564
305
314
562
50
266
1126
610
305
314
563
52
266
1382
614
305
314
564
310
266
870
302
567
305
314
565
55
266
870
867
305
314
566
820
266
1382
46
561
305
314
567
821
266
660
567
305
314
568
57
266
1172
566
305
570
560
314
615
814
562
305
570
561
817
266
871
814
567
305
570
562
308
266
1383
814
563
305
570
563
566
266
615
814
568
305
570
564
824
266
871
46
569
305
570
565
569
266
1127
46
569
305
570
567
818
266
1383
606
305
570
568
306
266
1173
568
305
570
569
823
266
616
558
566
305
826
560
569
266
872
46
562
305
826
561
578
1128
558
562
305
826
563
305
266
1384
46
564
305
826
564
314
616
608
305
826
565
318
1128
46
560
305
826
566
312
266
1384
558
566
305
826
567
567
266
1174
563
305
826
569
562
266
1686
567
305
58
560
309
266
873
558
561
305
58
561
567
266
1129
302
569
305
58
563
818
266
1385
814
565
305
58
564
564
266
617
611
305
58
565
308
266
873
614
305
58
566
819
266
1129
814
569
305
58
567
819
266
1385
613
305
58
568
51
266
1231
305
58
569
575
618
302
564
305
314
560
55
266
874
558
568
305
314
562
305
266
1130
302
562
305
314
563
48
266
1386
46
567
305
314
564
560
266
618
558
568
305
314
565
305
266
874
558
567
305
314
566
306
266
1130
610
305
314
567
574
1386
869
305
314
568
53
266
920
561
305
314
569
565
266
614
302
568
561
58
560
575
870
46
563
561
58
561
565
266
1126
46
566
561
58
562
569
266
1382
302
561
561
58
564
817
266
614
302
568
561
58
564
579
870
558
564
561
58
565
565
266
1126
814
564
561
58
567
561
266
1382
46
569
561
58
567
312
266
1428
566
561
58
569
560
266
1428
564
561
58
569
309
266
615
558
562
561
314
560
312
266
871
46
565
561
314
562
570
1127
558
562
561
314
563
50
266
1383
46
566
561
314
563
576
615
46
568
561
314
565
50
266
871
558
560
561
314
565
323
1127
46
560
561
314
567
816
266
1383
814
567
561
314
568
816
266
1173
563
561
314
569
318
1741
561
570
560
309
266
872
46
568
561
570
561
821
266
1128
814
565
561
570
562
320
1128
868
561
570
563
566
266
616
558
560
561
570
565
305
266
872
302
568
561
570
566
314
1128
612
561
570
567
318
1384
863
561
570
568
820
266
1174
564
561
826
560
560
266
617
814
569
561
826
561
573
1129
46
561
561
826
562
563
266
1385
46
566
561
826
563
821
266
617
814
568
561
826
565
816
266
873
46
569
561
826
566
304
266
1129
558
564
561
826
567
816
266
1385
558
561
561
826
568
51
266
919
566
561
826
569
822
266
618
558
561
561
58
560
575
874
302
563
561
58
562
560
266
1130
302
568
561
58
562
57
266
1386
558
563
561
58
563
822
266
618
302
560
561
58
564
819
266
874
302
565
561
58
565
319
1130
302
565
561
58
566
577
1386
46
562
561
58
567
562
266
1386
871
561
58
568
52
266
1432
568
561
58
568
323
1432
562
561
58
569
52
266
1688
563
561
314
560
317
619
558
560
561
314
561
818
266
875
862
561
314
562
564
266
1131
814
565
561
314
563
560
266
1387
302
562
561
314
564
565
266
619
608
561
314
565
561
266
875
558
564
561
314
566
318
1387
558
565
561
314
568
817
266
1433
564
561
314
569
56
266
615
558
566
817
58
560
825
266
871
558
566
817
58
562
52
266
1383
46
567
817
58
563
819
266
1383
814
564
817
58
564
51
266
615
814
567
817
58
565
817
266
1127
302
568
817
58
566
56
266
1383
814
564
817
58
568
308
266
1429
566
817
58
569
322
616
814
564
817
314
561
315
872
558
561
817
314
562
561
266
1128
870
817
314
563
564
266
616
46
560
817
314
564
52
266
872
558
568
817
314
565
311
266
1128
558
562
817
314
566
313
266
1384
558
561
817
314
568
818
266
918
562
817
314
568
312
266
1430
568
817
314
569
824
266
617
302
566
817
570
560
57
266
873
46
560
817
570
562
561
266
1129
558
567
817
570
563
52
266
1385
612
817
570
564
317
873
302
567
817
570
565
567
266
1129
302
564
817
570
566
825
266
1385
814
569
817
570
568
317
1231
817
570
569
52
266
1735
817
826
560
565
266
874
302
566
817
826
561
575
1130
46
560
817
826
562
53
266
1386
46
562
817
826
563
574
618
46
560
817
826
564
52
266
874
46
560
817
826
565
567
266
1130
814
566
817
826
566
313
266
1386
302
568
817
826
568
562
266
1482
817
826
569
309
266
619
302
562
817
58
560
307
266
619
610
817
58
561
51
266
1131
46
568
817
58
562
52
266
1131
863
817
58
563
320
619
302
564
817
58
564
566
266
875
46
566
817
58
565
569
266
1131
814
566
817
58
567
51
266
1387
814
568
817
58
568
563
266
921
568
817
58
569
821
266
620
302
561
817
314
560
322
876
814
567
817
314
562
819
266
1132
814
567
817
314
563
318
620
46
563
817
314
564
52
266
876
302
569
817
314
565
312
266
1132
46
566
817
314
566
57
266
1388
814
566
817
314
567
56
266
922
564
817
314
569
49
266
1434
562
107
560
49
266
616
558
560
107
561
314
872
302
565
107
562
50
266
1128
609
107
563
562
266
1384
558
566
107
564
49
266
616
814
568
107
565
573
872
862
107
566
317
1128
611
107
567
307
266
1384
870
107
568
822
266
1174
560
107
569
567
266
617
558
566
363
560
567
266
873
558
567
363
562
570
1129
558
568
363
563
51
266
1385
868
363
564
54
266
873
814
566
363
565
55
266
1129
302
560
363
567
563
266
1385
865
363
568
567
266
1175
568
363
569
824
266
618
814
569
619
561
560
266
874
46
567
619
561
322
1130
558
569
619
562
320
1386
814
567
619
564
562
266
618
608
619
565
564
266
1130
46
568
619
566
310
266
1386
46
566
619
567
318
1386
865
619
568
563
266
1226
619
569
307
266
619
46
568
875
560
321
875
558
567
875
561
321
1131
558
569
875
562
568
266
1387
863
875
564
819
266
619
613
875
565
563
266
875
864
875
566
565
266
1387
46
565
875
567
309
266
1433
562
875
568
55
266
1689
560
875
569
321
620
558
562
107
560
569
266
876
302
566
107
562
572
1132
865
107
563
310
266
620
302
568
107
564
55
266
876
46
565
107
565
825
266
1132
558
569
107
567
561
266
1388
302
564
107
568
564
266
1490
107
569
567
266
621
814
564
363
560
825
266
877
302
569
363
562
51
266
1133
814
563
363
563
49
266
1389
558
564
363
564
561
266
621
615
363
565
564
266
1133
46
567
363
566
576
1389
46
568
363
567
53
266
1389
870
363
568
567
266
1179
562
363
569
577
617
46
560
363
561
571
873
610
363
562
50
266
1129
814
567
363
563
317
1385
606
363
564
315
617
814
564
363
565
307
266
1129
46
562
363
566
308
266
1129
615
363
567
52
266
663
564
363
569
561
266
1486
619
560
820
266
618
867
619
561
320
1130
558
569
619
562
569
266
1386
558
565
619
564
572
618
607
619
565
564
266
874
866
619
566
566
266
1386
302
560
619
568
305
266
1229
619
569
318
619
302
564
875
560
563
266
619
814
564
875
561
306
266
875
608
875
562
305
266
1131
558
561
875
563
53
266
1387
865
875
564
577
875
302
561
875
565
579
1131
302
560
875
567
560
266
1387
814
566
875
568
316
921
562
875
569
567
266
620
558
563
1131
560
569
266
876
814
562
1131
562
562
266
1388
302
564
1131
563
567
266
620
814
567
1131
565
316
876
607
1131
566
306
266
1388
46
565
1131
567
321
922
568
1131
569
571
1690
569
363
560
50
266
621
558
562
363
561
51
266
877
862
363
562
565
266
1389
46
568
363
563
53
266
621
558
561
363
564
575
877
558
569
363
565
824
266
1133
814
560
363
566
824
266
1389
814
565
363
567
569
266
1179
567
363
569
561
266
1435
566
619
560
307
266
878
302
565
619
562
561
266
1134
606
619
563
564
266
622
302
562
619
564
569
266
878
558
565
619
566
316
1390
46
563
619
567
823
266
924
565
619
569
48
266
1692
562
50
58
560
305
522
608
814
569
50
58
561
51
522
864
814
569
50
58
562
310
522
1376
302
568
50
58
563
822
522
608
302
560
50
58
564
832
864
814
562
50
58
566
307
522
1120
613
50
58
567
310
522
1166
561
50
58
568
57
522
1166
565
50
314
560
305
522
609
613
50
314
561
53
522
1121
46
565
50
314
562
565
522
1377
558
561
50
314
563
832
609
558
560
50
314
565
48
522
865
558
569
50
314
566
48
522
1121
814
568
50
314
567
306
522
1377
866
50
314
568
309
522
911
565
50
314
569
830
610
814
566
50
570
560
313
522
866
558
563
50
570
562
561
522
1122
302
565
50
570
563
562
522
1378
610
50
570
564
575
866
46
566
50
570
565
54
522
1122
558
561
50
570
566
313
522
1378
302
561
50
570
568
561
522
912
565
50
570
569
560
522
1424
561
50
826
560
50
522
611
814
562
50
826
561
308
522
1123
814
560
50
826
562
567
522
1379
814
561
50
826
564
560
522
611
558
567
50
826
565
574
1123
558
565
50
826
566
834
1379
302
569
50
826
568
310
522
1219
50
826
569
564
522
612
46
566
50
58
560
567
522
868
46
568
50
58
561
313
522
1124
814
560
50
58
563
561
522
1380
610
50
58
564
565
522
612
870
50
58
565
308
522
1124
46
562
50
58
566
566
522
1380
46
562
50
58
567
824
522
1170
568
50
58
569
309
522
613
302
568
50
314
560
567
522
869
302
561
50
314
561
835
1125
612
50
314
563
565
522
613
46
564
50
314
564
821
522
869
46
560
50
314
565
54
522
1125
558
566
50
314
566
568
522
1381
302
565
50
314
568
560
522
915
564
50
314
569
816
522
1479
306
58
560
573
865
302
563
306
58
561
57
522
1121
814
567
306
58
563
52
522
1377
615
306
58
564
820
522
609
865
306
58
565
822
522
1121
302
563
306
58
567
50
522
1377
867
306
58
568
311
522
1423
568
306
58
569
312
522
610
558
561
306
314
561
49
522
866
558
568
306
314
562
53
522
1378
814
566
306
314
564
304
522
610
558
562
306
314
565
565
522
1122
46
565
306
314
566
56
522
1378
46
562
306
314
568
560
522
656
568
306
314
569
829
611
558
562
306
570
560
57
522
867
558
565
306
570
562
561
522
1123
814
562
306
570
563
50
522
1379
612
306
570
564
49
522
611
558
568
306
570
564
825
522
867
46
562
306
570
565
568
522
1123
814
562
306
570
567
817
522
1379
814
566
306
570
568
53
522
1477
306
570
569
311
522
612
814
560
306
826
560
57
522
868
814
565
306
826
562
54
522
1380
46
567
306
826
563
568
522
612
46
563
306
826
565
304
522
868
814
565
306
826
566
565
522
1380
46
564
306
826
567
566
522
1170
562
306
826
569
571
1426
561
306
826
569
568
522
613
302
564
306
58
561
49
522
869
814
566
306
58
562
52
522
1381
46
567
306
58
563
567
522
613
302
569
306
58
565
819
522
1125
814
562
306
58
567
561
522
659
566
306
58
568
312
522
915
562
306
314
560
826
614
558
568
306
314
561
830
1126
302
561
306
314
562
310
522
1382
46
560
306
314
563
53
522
614
302
569
306
314
564
835
870
558
563
306
314
566
51
522
1126
869
306
314
567
562
522
1382
558
564
306
314
568
305
522
1226
306
314
569
51
522
1684
561
562
58
560
306
522
610
814
568
562
58
561
565
522
1122
302
567
562
58
562
577
1378
558
566
562
58
563
832
610
302
569
562
58
565
52
522
1122
46
564
562
58
566
53
522
1122
814
560
562
58
566
57
522
1378
814
565
562
58
568
816
522
1424
562
562
58
569
819
522
1424
569
562
314
560
306
522
611
814
563
562
314
560
569
522
867
612
562
314
562
562
522
1379
558
565
562
314
563
566
522
611
46
565
562
314
564
578
867
558
560
562
314
566
827
1123
814
560
562
314
567
50
522
1379
865
562
314
568
564
522
913
564
562
314
569
830
612
46
562
562
570
560
53
522
612
870
562
570
561
574
1124
46
560
562
570
562
56
522
1380
46
562
562
570
564
48
522
612
302
569
562
570
565
50
522
868
814
563
562
570
566
305
522
1124
302
569
562
570
567
306
522
658
563
562
570
568
55
522
1426
561
562
570
569
822
522
613
46
568
562
826
560
822
522
869
46
569
562
826
561
311
522
1125
46
562
562
826
563
571
1381
869
562
826
564
55
522
869
814
561
562
826
565
823
522
1125
302
560
562
826
567
50
522
1381
615
562
826
568
563
522
1171
561
562
826
569
832
614
302
560
562
58
561
560
522
870
302
568
562
58
562
573
1382
302
568
562
58
563
313
522
614
814
563
562
58
565
572
870
606
562
58
566
51
522
1126
615
562
58
567
564
522
660
566
562
58
568
824
522
1684
560
562
58
569
577
615
302
563
562
314
561
562
522
871
814
569
562
314
562
308
522
1383
302
565
562
314
563
56
522
615
558
569
562
314
564
835
871
46
568
562
314
566
48
522
1127
558
568
562
314
567
305
522
1383
612
562
314
568
563
522
1224
562
314
569
51
522
1484
818
58
560
308
522
867
558
568
818
58
561
834
1123
46
568
818
58
562
57
522
1379
814
568
818
58
563
578
611
46
561
818
58
565
305
522
867
608
818
58
566
574
1379
302
563
818
58
567
831
657
566
818
58
568
574
913
566
818
58
569
567
522
612
46
566
818
314
560
569
522
868
610
818
314
562
828
1380
46
560
818
314
563
820
522
612
46
567
818
314
564
822
522
868
558
562
818
314
565
567
522
1124
814
565
818
314
567
305
522
1380
558
564
818
314
567
825
522
914
566
818
314
569
560
522
1170
560
818
570
560
571
613
614
818
570
561
53
522
1125
814
566
818
570
562
569
522
1381
302
564
818
570
564
829
869
46
569
818
570
565
567
522
1125
46
562
818
570
567
304
522
1381
612
818
570
568
563
522
1427
564
818
570
569
563
522
1731
818
826
560
575
870
302
563
818
826
561
825
522
1126
558
564
818
826
563
51
522
1382
612
818
826
564
830
870
46
567
818
826
565
53
522
1126
46
564
818
826
566
579
1382
814
565
818
826
568
572
1221
818
826
569
564
522
1733
818
58
560
819
522
615
814
561
818
58
561
53
522
1127
46
564
818
58
562
822
522
1383
302
568
818
58
563
834
615
46
561
818
58
565
816
522
871
558
563
818
58
566
49
522
1127
558
564
818
58
567
561
522
1383
302
563
818
58
568
566
522
1173
560
818
58
569
834
616
814
569
818
314
561
829
1128
302
565
818
314
562
822
522
1384
558
564
818
314
564
570
616
302
564
818
314
565
52
522
872
867
818
314
566
53
522
1384
46
560
818
314
567
53
522
918
568
818
314
569
817
522
1485
50
58
560
309
522
868
302
564
50
58
561
54
522
1124
814
562
50
58
563
307
522
612
46
565
50
58
564
824
522
868
46
564
50
58
565
825
522
1124
46
564
50
58
567
562
522
1380
863
50
58
568
573
1220
50
58
569
563
522
1738
50
314
560
567
522
869
558
562
50
314
562
562
522
1125
814
566
50
314
563
563
522
613
46
561
50
314
564
54
522
869
302
564
50
314
565
310
522
1125
46
566
50
314
566
567
522
1381
302
560
50
314
568
304
522
1171
568
50
314
569
818
522
1740
50
570
560
566
522
870
558
567
50
570
561
577
1126
558
562
50
570
562
579
1382
558
566
50
570
564
564
522
614
868
50
570
565
573
870
607
50
570
566
50
522
1126
558
566
50
570
567
562
522
1382
814
569
50
570
568
51
522
1479
50
570
569
821
522
615
302
562
50
826
560
825
522
871
46
564
50
826
561
313
522
1127
814
561
50
826
562
313
522
1383
302
562
50
826
564
50
522
615
814
563
50
826
565
575
1127
302
561
50
826
566
822
522
1383
558
564
50
826
567
313
522
917
562
50
826
568
831
1173
566
50
826
569
577
616
302
561
50
58
561
572
872
609
50
58
562
829
1384
46
569
50
58
563
578
616
302
568
50
58
565
52
522
1128
46
569
50
58
566
57
522
1384
302
569
50
58
568
51
522
1430
564
50
58
569
823
522
617
814
560
50
314
561
307
522
873
607
50
314
562
573
1129
614
50
314
563
563
522
1385
612
50
314
564
574
873
46
569
50
314
565
831
1129
814
566
50
314
566
312
522
1385
814
562
50
314
567
313
522
1175
565
50
314
569
562
522
1175
560
306
58
560
562
522
613
611
306
58
561
308
522
1125
558
566
306
58
562
311
522
1381
558
563
306
58
563
566
522
613
558
560
306
58
564
825
522
869
302
562
306
58
565
825
522
1125
558
566
306
58
567
49
522
1381
302
567
306
58
568
304
522
915
563
306
58
568
825
522
1683
569
306
58
569
313
522
614
814
561
306
314
561
561
522
870
302
566
306
314
561
825
522
1126
302
566
306
314
563
561
522
1382
814
561
306
314
564
821
522
870
46
567
306
314
565
823
522
1126
46
562
306
314
566
825
522
1382
46
566
306
314
567
311
522
1428
569
306
314
569
560
522
1737
306
570
560
53
522
871
558
566
306
570
561
57
522
1127
46
568
306
570
562
835
1383
302
565
306
570
564
828
615
864
306
570
565
829
1127
302
563
306
570
566
313
522
1383
302
565
306
570
568
826
917
566
306
570
569
305
522
1685
563
306
826
560
573
872
558
568
306
826
561
56
522
1128
46
561
306
826
563
49
522
1384
558
562
306
826
564
306
522
872
46
566
306
826
565
574
872
614
306
826
566
52
522
1384
46
562
306
826
567
820
522
1174
562
306
826
568
822
522
1430
568
306
826
569
578
617
558
560
306
58
561
562
522
873
609
306
58
562
820
522
1385
46
563
306
58
563
309
522
617
46
568
306
58
564
834
873
46
563
306
58
566
563
522
1385
46
560
306
58
567
831
919
569
306
58
568
824
522
1431
565
306
58
569
313
522
618
46
566
306
314
560
579
874
302
567
306
314
562
817
522
1130
814
560
306
314
563
818
522
1386
610
306
314
564
566
522
874
46
565
306
314
565
309
522
1130
46
567
306
314
566
822
522
1386
558
566
306
314
567
57
522
664
567
306
314
569
49
522
1688
566
562
58
560
306
522
614
606
562
58
561
307
522
1126
46
565
562
58
563
48
522
1382
302
564
562
58
564
826
614
46
562
562
58
564
568
522
870
814
565
562
58
565
568
522
1126
814
562
562
58
567
53
522
916
560
562
58
568
575
1480
562
58
569
52
522
615
302
569
562
314
560
311
522
871
814
560
562
314
561
833
1127
814
560
562
314
563
827
1383
814
564
562
314
564
562
522
615
814
569
562
314
565
818
522
871
814
566
562
314
566
819
522
1127
614
562
314
567
572
917
560
562
314
568
833
1173
560
562
570
560
570
616
558
560
562
570
561
561
522
872
814
560
562
570
562
819
522
1128
868
562
570
563
821
522
616
46
564
562
570
564
565
522
616
615
562
570
565
55
522
1128
46
566
562
570
567
51
522
1384
862
562
570
568
574
918
569
562
570
569
579
617
46
566
562
826
561
572
873
865
562
826
562
832
1385
814
563
562
826
564
49
522
873
302
560
562
826
565
310
522
1129
302
565
562
826
567
560
522
1385
814
567
562
826
568
821
522
919
564
562
826
569
822
522
618
558
564
562
58
561
305
522
874
814
567
562
58
562
574
1386
46
568
562
58
563
55
522
618
46
563
562
58
564
578
874
302
569
562
58
565
569
522
1130
302
566
562
58
567
828
1386
869
562
58
568
565
522
920
561
562
58
569
313
522
619
814
563
562
314
561
820
522
1131
46
560
562
314
563
562
522
619
302
561
562
314
564
566
522
875
46
568
562
314
565
825
522
1131
302
566
562
314
567
817
522
1387
558
566
562
314
568
571
1177
561
562
314
569
563
522
615
46
561
818
58
560
822
522
871
558
564
818
58
561
56
522
1127
558
565
818
58
562
835
1383
46
569
818
58
563
824
522
615
814
568
818
58
564
313
522
871
814
564
818
58
566
560
522
1127
302
566
818
58
567
819
522
1383
558
566
818
58
568
48
522
1173
569
818
58
569
51
522
1685
566
818
314
560
53
522
872
814
561
818
314
561
824
522
1128
46
563
818
314
562
57
522
1384
558
561
818
314
564
48
522
616
868
818
314
565
831
1128
302
560
818
314
566
569
522
1384
302
560
818
314
568
562
522
1485
818
314
569
564
522
1743
818
570
560
822
522
873
558
561
818
570
562
818
522
1385
302
564
818
570
563
579
617
46
565
818
570
565
561
522
873
814
568
818
570
566
563
522
1129
868
818
570
567
830
919
568
818
570
569
563
522
1687
567
818
826
560
54
522
874
46
564
818
826
562
304
522
1130
814
567
818
826
563
819
522
1386
606
818
826
564
826
618
609
818
826
565
572
874
302
565
818
826
567
816
522
1386
814
562
818
826
568
828
1488
818
826
569
568
522
619
814
563
818
58
561
561
522
875
814
567
818
58
562
575
1387
46
560
818
58
563
567
522
619
814
564
818
58
564
824
522
875
814
566
818
58
566
50
522
1131
869
818
58
567
52
522
1387
864
818
58
568
574
921
568
818
58
569
821
522
620
46
562
818
314
560
565
522
876
46
567
818
314
561
53
522
876
606
818
314
562
570
1132
863
818
314
563
52
522
1388
870
818
314
564
52
522
620
868
818
314
565
822
522
1132
302
562
818
314
566
568
522
1388
302
565
818
314
568
560
522
922
563
818
314
569
826
1178
561
108
560
562
522
616
870
108
561
567
522
1128
302
569
108
562
56
522
1384
302
569
108
564
560
522
616
558
569
108
565
830
1128
302
564
108
566
55
522
1384
46
568
108
568
817
522
1430
566
364
560
49
522
617
609
364
561
53
522
1129
46
568
364
562
54
522
1385
814
568
364
564
571
617
814
567
364
565
818
522
873
814
569
364
566
51
522
1129
615
364
567
308
522
663
564
364
569
49
522
1481
620
560
53
522
618
869
620
561
53
522
1130
46
564
620
562
566
522
1386
814
560
620
564
48
522
618
302
562
620
565
564
522
874
867
620
566
834
1386
302
562
620
568
304
522
920
566
620
568
57
522
1432
564
876
560
304
522
619
558
560
876
561
307
522
1131
558
561
876
562
56
522
1387
46
564
876
564
561
522
619
558
564
876
565
52
522
875
614
876
566
51
522
1131
606
876
567
819
522
665
568
876
568
312
522
1433
561
108
560
561
522
620
814
568
108
561
564
522
876
871
108
562
832
1388
302
564
108
563
824
522
620
814
568
108
564
56
522
876
558
568
108
565
825
522
1132
46
568
108
567
818
522
1388
814
566
108
568
307
522
922
568
108
569
55
522
621
558
566
364
560
567
522
877
46
567
364
562
48
522
1133
302
568
364
562
313
522
1389
46
563
364
564
305
522
621
558
568
364
565
561
522
877
814
565
364
566
562
522
1133
558
567
364
567
52
522
1389
612
364
568
818
522
1228
364
569
564
522
1747
364
560
52
522
617
866
364
561
574
1129
558
567
364
562
54
522
1385
46
561
364
563
825
522
617
558
560
364
565
561
522
873
558
562
364
566
570
1129
558
563
364
567
50
522
919
564
364
568
567
522
1431
562
364
569
576
618
814
562
620
560
56
522
874
46
564
620
562
571
1130
614
620
563
830
618
46
567
620
564
576
874
814
562
620
565
833
1130
46
569
620
567
49
522
1386
606
620
568
574
920
568
620
569
309
522
619
46
569
876
560
833
875
558
568
876
561
834
1131
558
569
876
563
51
522
619
46
563
876
564
576
875
558
569
876
565
310
522
1131
814
560
876
566
824
522
1387
814
564
876
567
569
522
1177
560
876
569
51
522
1489
1132
560
831
876
558
561
1132
561
568
522
1132
46
561
1132
562
825
522
1388
558
566
1132
564
52
522
620
611
1132
565
572
876
814
560
1132
566
49
522
1132
814
568
1132
567
571
1388
814
562
1132
568
572
1434
568
1132
569
310
522
621
302
568
364
560
825
522
877
302
560
364
562
561
522
1133
614
364
563
564
522
1389
870
364
564
565
522
877
302
569
364
565
567
522
1133
302
560
364
566
565
522
1389
46
563
364
567
830
667
560
364
568
310
522
1179
561
364
569
312
522
622
814
565
620
561
570
878
558
563
620
561
569
522
1134
46
568
620
562
55
522
1390
558
566
620
564
304
522
622
558
564
620
565
53
522
1134
46
568
620
567
818
522
924
564
620
568
822
522
1180
563
620
569
54
778
608
302
567
51
58
560
568
778
864
558
564
51
58
562
306
778
1120
611
51
58
563
1088
608
814
560
51
58
564
824
778
864
46
562
51
58
565
824
778
1120
814
564
51
58
566
567
778
1376
302
563
51
58
567
821
778
1422
562
51
58
568
1090
1678
563
51
314
560
50
778
865
46
560
51
314
561
565
778
1121
558
562
51
314
562
832
1377
46
563
51
314
564
562
778
609
814
564
51
314
565
308
778
1121
302
560
51
314
566
567
778
1377
814
562
51
314
567
56
778
1423
560
51
314
568
825
778
1679
568
51
570
560
1088
866
302
562
51
570
561
831
866
866
51
570
562
53
778
1378
46
564
51
570
563
55
778
610
302
569
51
570
564
822
778
866
814
568
51
570
565
834
1122
814
565
51
570
566
55
778
1378
558
564
51
570
567
569
778
912
567
51
570
568
566
778
1474
51
826
560
1086
611
814
566
51
826
561
48
778
867
302
568
51
826
562
562
778
1123
814
561
51
826
562
835
1379
870
51
826
564
311
778
867
814
562
51
826
565
57
778
1123
46
561
51
826
567
817
778
1379
814
568
51
826
568
565
778
1681
560
51
826
569
569
778
612
46
566
51
58
561
817
778
868
558
560
51
58
562
305
778
1124
612
51
58
563
308
778
1380
866
51
58
564
830
612
863
51
58
565
311
778
1124
302
564
51
58
566
569
778
1380
46
567
51
58
568
49
778
1220
51
58
569
309
778
613
46
560
51
314
561
49
778
869
302
567
51
314
562
560
778
1125
610
51
314
563
52
778
613
46
565
51
314
564
822
778
869
302
562
51
314
566
51
778
1381
302
562
51
314
567
569
778
659
563
51
314
569
51
778
609
302
569
307
58
560
57
778
865
302
567
307
58
562
305
778
1121
302
566
307
58
563
818
778
609
46
564
307
58
564
567
778
865
558
565
307
58
565
312
778
1121
558
566
307
58
566
313
778
1377
558
563
307
58
568
560
778
911
567
307
314
560
562
778
866
46
568
307
314
561
568
778
1122
46
569
307
314
562
313
778
1378
46
565
307
314
564
560
778
610
814
560
307
314
565
561
778
866
558
565
307
314
566
562
778
1378
46
565
307
314
567
832
912
564
307
314
568
833
1680
562
307
570
560
560
778
611
302
562
307
570
560
313
778
867
46
560
307
570
562
560
778
1123
302
566
307
570
563
819
778
1379
613
307
570
564
