48
58
561
560
10
1120
46
564
48
58
563
560
10
608
46
569
48
58
565
561
10
1120
302
565
48
58
567
817
10
1166
560
48
58
569
818
10
609
558
566
48
314
561
60
1121
814
560
48
314
563
51
10
609
814
560
48
314
565
316
1121
558
569
48
314
567
60
1167
568
48
314
569
818
10
610
558
567
48
570
561
818
10
1122
558
562
48
570
563
59
610
302
567
48
570
565
561
10
1122
302
564
48
570
567
561
10
912
561
48
570
569
305
10
611
302
560
48
826
561
561
10
1123
302
563
48
826
563
561
10
611
558
560
48
826
565
818
10
1123
558
568
48
826
567
307
10
1425
566
48
826
569
52
10
612
46
565
48
58
561
53
10
1124
302
564
48
58
563
63
612
558
562
48
58
565
64
1124
814
562
48
58
567
311
10
1218
48
58
569
824
10
613
613
48
314
561
57
10
1125
867
48
314
563
67
869
46
563
48
314
566
58
1381
302
563
48
314
568
315
1427
564
304
58
560
51
10
865
814
564
304
58
562
52
10
1377
46
564
304
58
564
318
865
302
564
304
58
566
54
10
1377
558
566
304
58
568
311
10
1679
566
304
314
560
568
10
866
613
304
314
562
569
10
1378
869
304
314
565
560
10
1122
46
565
304
314
567
49
10
912
565
304
314
569
59
611
558
562
304
570
561
50
10
867
46
566
304
570
562
818
10
1379
814
560
304
570
564
563
10
867
814
563
304
570
566
51
10
1379
814
564
304
570
568
563
10
1681
567
304
826
560
52
10
868
46
562
304
826
562
52
10
1380
46
567
304
826
564
53
10
868
302
563
304
826
566
309
10
1380
302
568
304
826
568
310
10
1426
565
304
58
560
822
10
869
814
561
304
58
562
55
10
1381
814
562
304
58
564
311
10
869
558
566
304
58
566
55
10
1381
814
560
304
58
568
320
1427
569
304
314
560
55
10
870
558
569
304
314
562
567
10
1382
814
562
304
314
564
311
10
870
814
566
304
314
566
65
1382
606
304
314
568
824
10
1481
560
58
560
824
10
866
615
560
58
562
313
10
1378
865
560
58
564
825
10
1122
46
561
560
58
567
560
10
912
562
560
58
569
59
611
558
565
560
314
561
563
10
1123
814
568
560
314
563
820
10
611
46
568
560
314
565
821
10
1123
302
566
560
314
567
821
10
913
568
560
314
569
54
10
612
302
569
560
570
561
63
1124
302
566
560
570
563
53
10
612
302
562
560
570
565
309
10
1124
46
568
560
570
567
820
10
658
567
560
570
569
62
613
46
569
560
826
561
309
10
1125
302
564
560
826
563
565
10
613
302
567
560
826
565
319
1125
558
561
560
826
567
566
10
1171
563
560
826
569
566
10
614
558
562
560
58
561
54
10
1126
302
569
560
58
563
821
10
614
302
566
560
58
565
53
10
1126
302
563
560
58
567
565
10
916
562
560
58
569
309
10
615
46
568
560
314
561
564
10
1127
46
565
560
314
563
52
10
615
46
564
560
314
565
564
10
1127
46
567
560
314
567
62
917
561
560
314
569
53
10
611
302
567
816
58
561
319
1123
558
562
816
58
563
822
10
611
558
566
816
58
565
310
10
1123
558
564
816
58
567
54
10
1169
564
816
58
569
566
10
612
558
561
816
314
561
63
1124
302
567
816
314
563
53
10
612
302
560
816
314
565
564
10
1124
46
561
816
314
567
819
10
1426
561
816
314
569
306
10
613
302
568
816
570
561
49
10
1125
46
563
816
570
562
313
10
1381
613
816
570
564
321
869
814
561
816
570
566
822
10
1381
302
564
816
570
568
564
10
1683
568
816
826
560
51
10
870
558
562
816
826
562
49
10
1382
46
566
816
826
563
67
614
615
816
826
565
568
10
1126
814
565
816
826
567
64
1172
562
816
826
569
565
10
615
302
562
816
58
561
564
10
1127
46
562
816
58
563
563
10
615
814
561
816
58
565
562
10
1127
558
561
816
58
567
561
10
917
561
816
58
569
560
10
616
46
561
816
314
560
569
10
872
863
816
314
562
568
10
1384
608
816
314
564
823
10
872
814
563
816
314
566
64
1384
558
565
816
314
568
566
10
1174
568
48
58
560
309
10
868
302
561
48
58
562
62
1380
46
564
48
58
564
52
10
868
814
566
48
58
566
307
10
1380
558
568
48
58
568
562
10
1170
567
48
314
560
49
10
869
46
565
48
314
562
48
10
1125
866
48
314
563
322
613
610
48
314
565
56
10
1125
814
564
48
314
567
320
1171
563
48
314
569
54
10
614
302
566
48
570
561
309
10
1126
46
566
48
570
563
308
10
614
814
566
48
570
565
819
10
1126
558
569
48
570
567
562
10
1172
561
48
570
569
817
10
615
302
562
48
826
561
314
1127
46
564
48
826
562
54
10
1383
814
563
48
826
564
567
10
871
814
560
48
826
566
64
1383
558
568
48
826
568
310
10
1429
564
48
58
560
566
10
872
558
560
48
58
562
63
1384
302
564
48
58
564
309
10
872
302
560
48
58
566
564
10
1384
46
563
48
58
568
52
10
1686
567
48
314
560
563
10
873
558
568
48
314
562
50
10
1385
302
568
48
314
564
49
10
873
46
568
48
314
566
304
10
1129
868
48
314
567
57
10
1228
48
314
569
65
613
814
563
304
58
561
566
10
1125
558
562
304
58
563
53
10
613
302
560
304
58
565
820
10
1125
814
569
304
58
567
51
10
1171
566
304
58
569
59
614
302
562
304
314
561
560
10
1126
46
561
304
314
562
57
10
1382
607
304
314
564
822
10
870
302
566
304
314
566
308
10
1382
814
562
304
314
568
306
10
916
568
304
314
569
323
615
612
304
570
561
567
10
1127
558
562
304
570
563
565
10
615
814
569
304
570
565
316
1127
302
566
304
570
567
58
1383
868
304
570
568
66
1685
566
304
826
560
64
872
302
566
304
826
562
62
1384
814
567
304
826
564
316
872
302
568
304
826
566
314
1384
46
560
304
826
567
313
10
1226
304
826
569
311
10
617
558
567
304
58
561
319
1129
302
560
304
58
563
820
10
617
814
562
304
58
565
818
10
1129
302
564
304
58
567
48
10
1385
864
304
58
568
568
10
1687
560
304
314
560
54
10
874
46
566
304
314
562
51
10
1386
302
569
304
314
564
304
10
618
864
304
314
565
823
10
1130
558
563
304
314
567
53
10
1432
566
304
314
569
562
10
614
46
568
560
58
560
57
10
870
607
560
58
562
822
10
1382
302
565
560
58
564
52
10
870
814
562
560
58
566
562
10
1382
302
562
560
58
568
48
10
1226
560
58
569
311
10
615
558
565
560
314
561
821
10
1127
46
567
560
314
563
317
615
814
562
560
314
565
50
10
1127
302
569
560
314
567
561
10
661
566
560
314
569
304
10
1738
560
570
560
57
10
872
609
560
570
562
65
1384
814
562
560
570
564
566
10
872
302
569
560
570
566
821
10
1384
46
565
560
570
568
52
10
1686
563
560
826
560
316
873
558
563
560
826
562
315
1385
302
564
560
826
564
49
10
873
46
563
560
826
565
825
10
1129
615
560
826
567
824
10
1431
564
560
826
569
822
10
618
302
568
560
58
561
309
10
1130
46
561
560
58
563
51
10
618
558
563
560
58
565
305
10
1130
46
565
560
58
566
569
10
1386
612
560
58
568
567
10
1432
566
560
314
560
565
10
875
46
566
560
314
562
51
10
1387
558
564
560
314
563
308
10
619
302
560
560
314
564
313
10
875
611
560
314
566
55
10
1131
866
560
314
567
822
10
921
561
560
314
569
61
615
558
566
816
58
561
561
10
871
870
816
58
562
565
10
1127
612
816
58
563
311
10
615
46
568
816
58
564
63
871
46
566
816
58
566
819
10
1383
558
562
816
58
568
58
1482
816
58
569
824
10
616
558
568
816
314
561
565
10
1128
46
561
816
314
563
316
616
302
564
816
314
565
304
10
872
613
816
314
566
55
10
1384
558
561
816
314
568
564
10
1686
564
816
570
560
59
873
46
564
816
570
561
312
10
1129
814
560
816
570
563
565
10
617
814
567
816
570
565
50
10
1129
46
563
816
570
566
568
10
1385
558
569
816
570
568
309
10
1687
564
816
826
560
817
10
874
46
560
816
826
561
56
10
1130
558
568
816
826
563
565
10
618
814
564
816
826
565
817
10
1130
46
561
816
826
566
56
10
1386
558
568
816
826
568
309
10
1688
566
816
58
560
59
875
46
562
816
58
561
568
10
1131
558
568
816
58
563
309
10
619
814
563
816
58
565
817
10
875
871
816
58
566
312
10
1387
558
564
816
58
568
564
10
1433
567
816
314
560
58
620
862
816
314
561
55
10
1132
302
563
816
314
563
563
10
620
302
564
816
314
564
57
10
876
814
564
816
314
566
565
10
1388
814
563
816
314
568
561
10
1484
816
314
569
311
10
616
302
562
106
561
307
10
1128
302
562
106
562
57
10
1384
814
560
106
564
318
872
814
560
106
566
314
1128
862
106
567
64
918
560
106
569
60
617
302
560
362
560
66
873
558
568
362
562
564
10
1385
558
568
362
564
816
10
617
862
362
565
55
10
1129
302
563
362
567
562
10
919
565
362
568
67
1479
618
560
822
10
874
46
563
618
562
818
10
1386
46
568
618
563
313
10
618
814
564
618
565
821
10
1130
46
560
618
567
50
10
664
567
618
568
313
10
1176
566
618
569
55
10
619
558
560
874
560
322
875
46
564
874
562
60
1131
615
874
563
49
10
1387
870
874
564
568
10
875
558
564
874
565
56
10
1131
46
567
874
567
60
921
560
874
568
820
10
1484
874
569
311
10
620
302
567
106
561
61
1132
558
562
106
563
560
10
1388
611
106
564
314
620
558
566
106
565
53
10
1132
814
563
106
567
561
10
1388
870
106
568
824
10
1434
566
362
560
53
10
877
814
564
362
562
315
1389
46
562
362
563
66
621
558
568
362
565
53
10
1133
814
562
362
567
305
10
1389
870
362
568
321
1435
561
362
560
564
10
873
558
568
362
562
561
10
1129
866
362
563
65
617
558
561
362
565
563
10
1129
558
566
362
567
49
10
1385
864
362
568
311
10
1175
569
618
560
564
10
874
558
566
618
562
560
10
1130
612
618
563
64
618
46
566
618
565
818
10
1130
46
565
618
566
568
10
1386
558
563
618
568
52
10
1432
561
874
560
304
10
619
814
568
874
561
821
10
1131
814
564
874
563
49
10
1387
865
874
564
55
10
875
302
560
874
566
316
1387
46
568
874
567
312
10
1177
565
874
569
819
10
620
302
569
1130
560
57
10
876
814
566
1130
562
53
10
1388
814
563
1130
564
58
620
613
1130
565
64
1132
302
561
1130
567
307
10
922
564
1130
568
825
10
1690
565
362
560
309
10
877
814
568
362
562
59
1389
46
561
362
563
321
621
558
561
362
565
52
10
1133
558
562
362
567
560
10
1389
608
362
568
54
10
923
562
618
560
818
10
878
46
561
618
561
312
10
1134
558
561
618
563
563
10
622
558
562
618
565
48
10
878
608
618
566
319
1390
46
560
618
568
50
10
924
560
618
569
312
266
608
558
560
49
58
561
564
266
1120
558
561
49
58
563
560
266
1376
608
49
58
564
822
266
864
46
564
49
58
566
562
266
1376
46
566
49
58
567
57
266
1422
560
49
58
569
821
266
609
814
563
49
314
561
561
266
865
869
49
314
562
56
266
1377
558
561
49
314
564
52
266
865
558
564
49
314
566
816
266
1121
614
49
314
567
576
911
560
49
314
569
563
266
610
302
564
49
570
560
313
266
866
814
566
49
570
562
565
266
1378
814
566
49
570
564
561
266
610
869
49
570
565
577
1122
558
562
49
570
567
308
266
1168
568
49
570
569
314
1728
49
826
560
55
266
867
302
564
49
826
562
51
266
1379
302
568
49
826
563
579
611
608
49
826
565
54
266
1123
46
566
49
826
567
316
913
561
49
826
568
825
266
1681
565
49
58
560
821
266
868
46
560
49
58
562
562
266
1380
46
565
49
58
563
578
612
814
562
49
58
565
319
1124
46
563
49
58
567
818
266
914
562
49
58
568
569
266
1475
49
314
560
566
266
869
46
567
49
314
562
51
266
1381
302
567
49
314
564
560
266
613
615
49
314
565
567
266
1125
302
568
49
314
567
564
266
1171
566
49
314
569
305
266
1737
305
58
560
823
266
865
558
561
305
58
562
820
266
1377
558
567
305
58
564
314
609
864
305
58
565
823
266
1121
302
565
305
58
567
563
266
911
568
305
58
569
48
266
1471
305
314
560
54
266
866
46
567
305
314
562
307
266
1378
302
563
305
314
563
569
266
610
606
305
314
565
54
266
1122
46
567
305
314
567
563
266
912
566
305
314
569
560
266
1480
305
570
560
311
266
867
558
561
305
570
562
820
266
1379
814
564
305
570
564
571
867
46
566
305
570
565
313
266
1123
814
568
305
570
567
566
266
657
568
305
570
569
51
266
612
302
567
305
826
561
816
266
868
612
305
826
562
823
266
1380
302
567
305
826
564
820
266
868
558
567
305
826
566
49
266
1124
870
305
826
567
56
266
1170
567
305
826
568
825
266
914
568
305
58
560
563
266
869
302
564
305
58
561
569
266
1125
814
567
305
58
563
54
266
613
46
561
305
58
565
50
266
1125
46
564
305
58
566
312
266
1381
558
566
305
58
568
820
266
1427
569
305
314
560
305
266
614
864
305
314
561
567
266
1126
302
564
305
314
563
51
266
614
302
567
305
314
564
579
870
606
305
314
566
566
266
1382
46
563
305
314
568
50
266
916
566
305
314
569
568
266
610
558
568
561
58
561
574
1122
814
560
561
58
563
561
266
1378
865
561
58
564
311
266
866
302
565
561
58
566
317
1378
302
567
561
58
568
48
266
1216
561
58
569
566
266
611
46
564
561
314
561
562
266
1123
46
569
561
314
562
57
266
1379
814
564
561
314
564
565
266
867
814
568
561
314
566
50
266
1379
46
560
561
314
567
568
266
1169
563
561
314
569
564
266
612
558
566
561
570
561
304
266
868
615
561
570
562
567
266
1380
302
564
561
570
564
563
266
868
302
568
561
570
566
560
266
1124
612
561
570
567
822
266
914
561
561
570
569
819
266
613
302
566
561
826
560
579
869
608
561
826
562
310
266
1381
46
568
561
826
564
307
266
869
302
565
561
826
565
323
1125
609
561
826
567
566
266
915
561
561
826
569
819
266
614
302
568
561
58
561
48
266
870
611
561
58
562
55
266
1382
302
564
561
58
564
317
870
558
561
561
58
566
304
266
1126
613
561
58
567
55
266
916
562
561
58
569
307
266
615
302
567
561
314
560
323
871
607
561
314
562
310
266
1383
46
564
561
314
564
306
266
871
46
568
561
314
565
57
266
1127
814
563
561
314
567
53
266
1429
568
561
314
569
50
266
611
46
563
817
58
560
568
266
867
558
569
817
58
562
309
266
1379
814
564
817
58
564
561
266
611
871
817
58
565
577
1123
558
562
817
58
567
564
266
1169
564
817
58
569
48
266
1479
817
314
560
566
266
868
46
567
817
314
562
562
266
1380
46
567
817
314
563
312
266
612
558
567
817
314
565
820
266
1124
558
568
817
314
567
816
266
1380
615
817
314
568
55
266
1170
562
817
570
560
51
266
869
302
562
817
570
561
568
266
1125
814
560
817
570
563
318
613
814
561
817
570
565
561
266
869
867
817
570
566
321
1381
558
560
817
570
568
820
266
1427
566
817
826
560
49
266
614
866
817
826
561
577
1126
558
562
817
826
563
308
266
614
558
569
817
826
565
305
266
870
868
817
826
566
321
1382
558
562
817
826
568
820
266
1428
566
817
58
560
314
615
613
817
58
561
55
266
1127
302
561
817
58
563
563
266
615
302
563
817
58
564
57
266
871
814
566
817
58
566
319
1383
46
561
817
58
568
50
266
917
560
817
58
569
312
266
616
558
562
817
314
561
820
266
1128
558
564
817
314
563
560
266
1384
614
817
314
564
55
266
872
302
560
817
314
566
563
266
1384
302
564
817
314
567
569
266
1430
566
817
314
569
575
612
814
569
49
58
561
562
266
1124
46
562
49
58
562
56
266
1380
558
564
49
58
564
564
266
868
558
567
49
58
566
816
266
1124
613
49
58
567
320
658
568
49
58
569
572
613
46
568
49
314
560
322
869
558
568
49
314
562
820
266
1381
558
567
49
314
564
816
266
613
614
49
314
565
55
266
1125
302
561
49
314
567
563
266
915
565
49
314
568
569
266
1475
49
570
560
54
266
870
46
563
49
570
562
818
266
1382
46
568
49
570
563
313
266
614
814
562
49
570
565
53
266
1126
814
564
49
570
567
561
266
1382
868
49
570
568
321
1485
49
570
569
821
266
615
814
568
49
826
561
315
1127
46
560
49
826
562
56
266
1383
302
569
49
826
564
564
266
871
558
565
49
826
566
48
266
1127
612
49
826
567
566
266
661
568
49
826
569
572
616
302
562
49
58
560
825
266
872
814
566
49
58
562
53
266
1384
814
565
49
58
564
49
266
616
868
49
58
565
55
266
1128
302
566
49
58
567
307
266
918
564
49
58
568
569
266
1686
563
49
314
560
309
266
873
814
563
49
314
562
305
266
1129
866
49
314
563
311
266
617
302
564
49
314
565
819
266
1129
302
563
49
314
566
825
266
1385
814
562
49
314
568
53
266
1687
567
305
58
560
315
869
46
561
305
58
561
312
266
1125
558
565
305
58
563
820
266
613
814
560
305
58
565
570
869
863
305
58
566
567
266
1381
302
563
305
58
568
51
266
1171
563
305
58
569
313
266
614
814
565
305
314
561
821
266
1126
814
567
305
314
563
571
614
46
560
305
314
564
568
266
870
558
566
305
314
566
318
1382
814
562
305
314
568
561
266
1481
305
314
569
55
266
615
302
567
305
570
561
317
1127
558
560
305
570
563
560
266
1383
610
305
570
564
310
266
871
46
566
305
570
566
316
1383
302
560
305
570
567
569
266
661
566
305
570
568
55
266
1173
566
305
826
560
563
266
872
302
569
305
826
561
323
1128
606
305
826
563
310
266
616
46
563
305
826
565
562
266
1128
46
565
305
826
566
312
266
1384
558
566
305
826
568
820
266
1430
568
305
826
569
312
266
617
46
567
305
58
560
824
266
873
558
566
305
58
562
564
266
1385
558
567
305
58
564
304
266
617
612
305
58
565
54
266
1129
46
565
305
58
567
50
266
663
564
305
58
568
824
266
1175
564
305
58
569
310
266
618
46
563
305
314
561
306
266
1130
46
563
305
314
562
56
266
1386
558
564
305
314
564
52
266
874
558
564
305
314
566
560
266
1130
612
305
314
567
320
664
568
305
314
569
572
614
302
560
561
58
560
569
266
870
814
563
561
58
562
309
266
1382
814
566
561
58
564
571
870
46
560
561
58
565
568
266
1126
558
563
561
58
567
308
266
1172
568
561
58
569
49
266
1734
561
314
560
567
266
871
302
564
561
314
562
307
266
1383
302
567
561
314
563
323
615
607
561
314
565
54
266
1127
46
567
561
314
567
51
266
917
564
561
314
568
825
266
1477
561
570
560
822
266
872
46
566
561
570
562
316
1384
302
560
561
570
563
313
266
616
814
563
561
570
565
821
266
1128
814
565
561
570
567
561
266
1384
869
561
570
568
321
1174
568
561
826
560
317
873
302
569
561
826
562
48
266
1129
606
561
826
563
54
266
617
46
562
561
826
565
306
266
1129
46
567
561
826
566
57
266
1385
814
564
561
826
568
565
266
1687
569
561
58
560
562
266
874
46
564
561
58
561
322
1130
814
560
561
58
563
53
266
618
814
566
561
58
565
571
874
871
561
58
566
312
266
1386
302
568
561
58
568
52
266
1176
569
561
58
569
579
619
814
568
561
314
561
319
1131
814
567
561
314
563
561
266
1387
867
561
314
564
55
266
875
302
562
561
314
566
51
266
1387
46
569
561
314
567
568
266
1177
564
561
314
569
52
266
615
302
568
817
58
560
313
266
871
814
563
817
58
562
53
266
1383
558
568
817
58
564
48
266
615
608
817
58
565
319
1127
814
566
817
58
567
817
266
1383
863
817
58
568
822
266
917
566
817
314
560
306
266
872
46
560
817
314
561
55
266
1128
302
563
817
314
563
51
266
616
46
567
817
314
564
312
266
872
558
560
817
314
566
573
1384
302
566
817
314
567
313
266
1430
562
817
314
568
57
266
1174
562
817
570
560
572
873
46
561
817
570
561
312
266
1129
558
565
817
570
563
817
266
617
558
560
817
570
564
569
266
873
814
565
817
570
566
565
266
1385
558
569
817
570
568
49
266
1232
817
570
569
55
266
618
302
560
817
826
561
307
266
1130
302
562
817
826
562
57
266
1386
814
564
817
826
564
309
266
874
814
564
817
826
566
561
266
1130
868
817
826
567
567
266
920
567
817
826
569
317
619
302
568
817
58
560
323
875
814
568
817
58
562
319
1387
814
567
817
58
564
817
266
619
868
817
58
565
823
266
1131
302
568
817
58
567
317
921
569
817
58
569
48
266
1689
568
817
314
560
575
876
814
568
817
314
562
571
1132
870
817
314
563
321
620
302
566
817
314
565
563
266
1132
302
565
817
314
566
313
266
1388
814
563
817
314
568
821
266
1690
561
107
560
49
266
616
613
107
561
566
266
1128
46
563
107
563
562
266
616
46
560
107
564
823
266
872
302
565
107
566
51
266
1384
46
568
107
567
321
918
569
107
569
307
266
617
302
564
363
560
313
266
873
558
567
363
562
564
266
1385
558
563
363
564
48
266
617
608
363
565
54
266
1129
46
563
363
567
306
266
663
566
363
568
322
1687
560
619
560
565
266
874
814
565
619
562
561
266
1386
46
561
619
563
824
266
618
558
568
619
565
53
266
1130
814
565
619
567
315
664
564
619
568
322
1688
563
875
560
821
266
875
46
563
875
562
818
266
1387
302
562
875
563
825
266
619
607
875
565
822
266
1131
302
561
875
567
317
1177
562
875
569
49
266
1741
107
560
312
266
876
558
568
107
562
53
266
1388
46
562
107
564
572
876
302
567
107
566
816
266
1132
864
107
567
321
1178
567
107
569
53
266
621
46
562
363
561
316
1133
302
566
363
563
304
266
1389
615
363
564
55
266
877
558
560
363
566
564
266
1389
814
562
363
568
571
923
566
363
569
825
266
617
606
363
561
566
266
1129
302
562
363
563
317
617
558
563
363
565
49
266
873
868
363
566
56
266
1385
558
568
363
568
821
266
1687
568
619
560
50
266
874
46
568
619
561
57
266
1130
814
569
619
563
822
266
618
46
568
619
565
572
1130
302
562
619
566
313
266
1386
814
568
619
568
310
266
920
564
875
560
316
875
302
561
875
561
569
266
1131
814
566
875
563
310
266
619
46
563
875
565
316
1131
302
562
875
566
313
266
1387
608
875
568
55
266
1177
566
1131
560
52
266
876
814
562
1131
562
50
266
1388
46
569
1131
563
825
266
620
609
1131
565
576
1132
302
566
1131
567
564
266
1178
569
1131
569
817
266
621
46
560
363
560
568
266
877
558
569
363
562
53
266
1389
814
568
363
564
562
266
877
46
568
363
565
578
1133
814
564
363
567
821
266
667
562
363
569
50
266
622
46
569
619
560
57
266
878
814
564
619
562
821
266
1390
46
561
619
564
562
266
878
46
566
619
565
322
1134
814
562
619
567
53
266
1436
568
619
569
50
522
608
46
563
50
58
560
312
522
864
558
569
50
58
562
830
1376
814
563
50
58
564
49
522
608
868
50
58
565
567
522
1120
302
569
50
58
567
829
1166
562
50
58
569
560
522
1476
50
314
560
822
522
865
302
560
50
314
562
51
522
1377
302
564
50
314
563
569
522
609
814
565
50
314
565
565
522
1121
814
567
50
314
567
571
655
560
50
314
568
56
522
1423
564
50
570
560
564
522
866
558
569
50
570
562
561
522
1122
868
50
570
563
56
522
610
558
564
50
570
565
574
1122
814
562
50
570
567
305
522
1378
871
50
570
568
56
522
1424
566
50
826
560
53
522
867
814
562
50
826
562
817
522
1379
46
560
50
826
563
56
522
611
558
567
50
826
565
309
522
1123
814
562
50
826
567
305
522
1379
867
50
826
568
577
1169
567
50
58
560
829
868
302
569
50
58
562
304
522
1124
608
50
58
563
54
522
612
46
565
50
58
565
572
1124
46
568
50
58
566
57
522
1380
814
562
50
58
568
565
522
1682
565
50
314
560
561
522
613
871
50
314
561
56
522
1125
558
564
50
314
563
574
613
814
561
50
314
565
561
522
869
871
50
314
566
56
522
1381
558
565
50
314
568
574
1683
560
306
58
560
561
522
609
866
306
58
561
311
522
1121
302
569
306
58
563
52
522
609
558
562
306
58
565
48
522
865
614
306
58
566
832
1377
302
562
306
58
568
51
522
1167
568
306
314
560
48
522
610
610
306
314
561
832
1122
302
561
306
314
563
563
522
610
302
567
306
314
565
304
522
866
610
306
314
566
822
522
1378
46
569
306
314
568
819
522
1168
564
306
314
569
579
611
607
306
570
561
310
522
1123
46
567
306
570
563
307
522
611
302
563
306
570
564
569
522
867
606
306
570
566
822
522
1379
46
566
306
570
568
572
1169
563
306
570
569
569
522
612
607
306
826
561
822
522
1124
46
568
306
826
563
51
522
612
302
565
306
826
564
825
522
868
606
306
826
566
822
522
1380
46
567
306
826
568
307
522
1170
564
306
826
569
825
522
613
607
306
58
561
822
522
1125
46
566
306
58
563
51
522
613
302
562
306
58
564
569
522
869
607
306
58
566
566
522
1381
302
562
306
58
568
573
1427
562
306
314
560
560
522
614
862
306
314
561
55
522
1126
302
566
306
314
563
308
522
614
558
564
306
314
565
826
870
864
306
314
566
567
522
1382
302
568
306
314
568
829
1428
563
562
58
560
304
522
610
615
562
58
561
311
522
1122
302
565
562
58
563
563
522
610
558
560
562
58
565
304
522
866
610
562
58
566
54
522
1378
46
568
562
58
568
828
1168
562
562
58
569
313
522
611
814
564
562
314
561
565
522
1123
814
569
562
314
563
306
522
611
46
562
562
314
564
56
522
867
558
566
562
314
566
830
1379
814
560
562
314
568
305
522
1474
562
314
569
823
522
612
302
564
562
570
561
563
522
1124
302
563
562
570
562
57
522
1380
814
566
562
570
564
821
522
868
46
560
562
570
566
571
1124
871
562
570
567
56
522
914
568
562
570
569
52
522
613
302
567
562
826
560
579
869
814
567
562
826
562
831
1381
814
568
562
826
564
827
613
870
562
826
565
567
522
1125
302
568
562
826
567
52
522
915
569
562
826
569
304
522
1476
562
58
560
822
522
870
46
562
562
58
562
818
522
1382
46
563
562
58
563
56
522
614
558
565
562
58
565
820
522
1126
558
569
562
58
567
561
522
1382
863
562
58
568
823
522
1172
564
562
314
560
563
522
871
302
566
562
314
561
579
1127
814
569
562
314
563
310
522
615
46
563
562
314
565
562
522
1127
46
567
562
314
566
57
522
1383
814
560
562
314
568
309
522
1429
569
818
58
560
49
522
611
614
818
58
561
576
1123
46
566
818
58
563
306
522
611
46
564
818
58
564
56
522
867
558
562
818
58
566
52
522
1379
302
568
818
58
567
569
522
1425
564
818
58
569
821
522
612
814
561
818
314
561
826
868
612
818
314
562
54
522
1380
46
563
818
314
564
50
522
612
870
818
314
565
823
522
1124
302
566
818
314
567
51
522
914
561
818
314
568
57
522
1426
568
818
570
560
564
522
869
558
564
818
570
562
816
522
1125
606
818
570
563
831
613
814
566
818
570
565
305
522
869
863
818
570
566
832
1381
46
566
818
570
568
562
522
915
561
818
570
569
823
522
614
302
566
818
826
561
563
522
1126
302
560
818
826
562
834
1382
558
568
818
826
564
820
522
870
558
564
818
826
566
816
522
1126
606
818
826
567
54
522
1428
568
818
826
569
817
522
1739
818
58
560
55
522
871
302
564
818
58
562
563
522
1383
302
562
818
58
563
569
522
615
814
560
818
58
565
309
522
1127
814
560
818
58
567
49
522
1383
862
818
58
568
311
522
1173
561
818
314
560
563
522
872
302
561
818
314
561
569
522
1128
814
562
818
314
563
821
522
616
814
562
818
314
565
561
522
872
864
818
314
566
567
522
1384
302
563
818
314
568
563
522
1174
563
818
314
569
57
522
612
814
566
50
58
561
575
1124
46
562
50
58
563
306
522
612
46
569
50
58
564
57
522
868
814
568
50
58
566
822
522
1380
46
567
50
58
568
818
522
914
566
50
58
569
578
613
558
569
50
314
561
53
522
1125
814
561
50
314
563
561
522
1381
863
50
314
564
832
869
46
569
50
314
566
306
522
1381
46
561
50
314
567
577
915
566
50
314
569
307
522
614
302
563
50
570
560
825
522
870
814
560
50
570
562
574
1382
558
567
50
570
564
560
522
614
612
50
570
565
54
522
1126
46
564
50
570
567
306
522
660
561
50
570
568
56
522
1172
568
50
826
560
563
522
871
302
565
50
826
561
569
522
1127
814
561
50
826
563
830
615
558
567
50
826
565
304
522
871
610
50
826
566
566
522
1383
814
568
50
826
568
305
522
1480
50
826
569
822
522
616
46
566
50
58
561
50
522
1128
46
561
50
58
562
577
1384
302
568
50
58
564
307
522
872
302
566
50
58
565
57
522
1128
814
565
50
58
567
309
522
1430
565
50
58
569
827
617
46
562
50
314
560
568
522
873
814
560
50
314
562
309
522
1385
46
560
50
314
564
306
522
873
302
560
50
314
565
57
522
1129
814
568
50
314
567
310
522
663
565
50
314
569
572
613
302
560
306
58
561
567
522
1125
302
561
306
58
563
307
522
613
302
561
306
58
564
57
522
869
814
561
306
58
566
821
522
1381
814
561
306
58
568
561
522
1480
306
58
569
311
522
614
302
568
306
314
561
308
522
1126
558
561
306
314
563
48
522
1382
613
306
314
564
576
870
302
561
306
314
566
563
522
1382
302
564
306
314
567
57
522
1428
565
306
314
569
53
522
615
814
566
306
570
561
49
522
871
866
306
570
562
567
522
1383
302
561
306
570
564
307
522
871
46
569
306
570
565
578
1127
558
567
306
570
567
52
522
1173
564
306
570
569
304
522
1685
565
306
826
560
575
872
814
568
306
826
562
571
1128
871
306
826
563
577
616
302
569
306
826
565
829
1128
302
569
306
826
567
48
522
1384
606
306
826
568
566
522
918
564
306
58
560
306
522
873
46
568
306
58
561
313
522
1129
814
564
306
58
563
821
522
617
46
561
306
58
565
306
522
1129
46
564
306
58
566
568
522
1385
558
565
306
58
568
564
522
1431
567
306
314
560
570
618
862
306
314
561
567
522
1130
302
564
306
314
563
819
522
618
558
560
306
314
565
816
522
874
612
306
314
566
822
522
1386
46
566
306
314
568
572
920
566
306
314
569
578
614
558
568
562
58
561
574
1126
558
568
562
58
563
49
522
1382
614
562
58
564
55
522
870
302
562
562
58
566
563
522
1382
302
562
562
58
567
313
522
1172
560
562
58
568
55
522
1172
567
562
314
560
573
871
302
569
562
314
562
48
522
1127
608
562
314
563
566
522
615
46
564
562
314
565
306
522
871
863
562
314
566
578
1383
558
568
562
314
568
53
522
1685
562
562
570
560
305
522
616
868
562
570
561
833
1128
558
562
562
570
563
52
522
616
558
568
562
570
565
49
522
872
866
562
570
566
577
1384
558
561
562
570
568
52
522
1430
566
562
826
560
816
522
617
615
562
826
561
311
522
1129
302
562
562
826
563
51
522
617
302
565
562
826
564
569
522
873
814
567
562
826
566
54
522
1385
46
562
562
826
568
306
522
919
568
562
826
569
313
522
618
814
563
562
58
561
821
522
1130
814
568
562
58
563
306
522
618
46
562
562
58
564
56
522
874
558
566
562
58
566
830
1386
814
560
562
58
568
561
522
1484
562
58
569
567
522
619
302
568
562
314
561
52
522
1131
558
563
562
314
563
560
522
1387
862
562
314
564
55
522
875
302
564
562
314
566
307
522
1387
302
568
562
314
567
835
1229
562
314
569
566
522
615
302
561
818
58
561
819
522
1127
302
568
818
58
563
560
522
1383
612
818
58
564
567
522
871
558
560
818
58
566
564
522
1383
814
564
818
58
568
306
522
917
568
818
58
569
313
522
616
608
818
314
561
822
522
1128
302
562
818
314
563
819
522
616
558
562
818
314
565
304
522
872
614
818
314
566
823
522
1384
302
566
818
314
568
308
522
1430
564
818
570
560
570
617
865
818
570
561
823
522
1129
558
562
818
570
563
820
522
617
814
562
818
570
565
827
1129
46
564
818
570
566
57
522
1385
814
566
818
570
568
566
522
919
568
818
826
560
563
522
874
302
568
818
826
562
48
522
1130
862
818
826
563
567
522
618
558
562
818
826
565
830
1130
814
566
818
826
567
818
522
920
561
818
826
568
310
522
1487
818
58
560
561
522
875
558
560
818
58
561
824
522
1387
865
818
58
565
570
875
814
568
818
58
566
54
522
1131
608
818
58
567
576
921
565
818
58
569
564
522
620
558
568
818
314
561
817
522
876
867
818
314
562
56
522
1388
558
563
818
314
564
574
876
814
564
818
314
566
827
1388
46
565
818
314
567
57
522
1434
565
818
314
569
54
522
616
814
569
108
561
818
522
1128
46
562
108
562
824
522
1384
558
563
108
564
820
522
872
558
560
108
566
48
522
1128
610
108
567
576
918
562
108
569
819
522
617
558
564
364
561
49
522
1129
46
561
364
562
578
1385
814
566
364
564
822
522
873
302
562
364
566
829
1385
558
568
364
568
561
522
919
564
364
569
313
522
618
610
620
561
311
522
1130
558
566
620
563
821
522
618
46
568
620
564
577
874
814
568
620
566
572
1386
302
565
620
568
304
522
1482
620
569
577
619
558
566
876
560
822
522
875
302
566
876
562
52
522
1387
814
563
876
564
562
522
875
302
560
876
565
835
1131
612
876
567
55
522
1177
561
876
569
820
522
620
814
563
108
561
817
522
1132
46
561
108
562
568
522
1388
814
563
108
564
54
522
876
46
566
108
566
563
522
1388
302
568
108
568
304
522
1229
108
569
54
522
621
46
567
364
561
51
522
1133
302
565
364
562
835
1389
611
364
564
55
522
877
302
568
364
566
52
522
1389
814
562
364
568
571
923
566
364
569
569
522
617
606
364
561
822
522
1129
302
565
364
563
564
522
617
814
560
364
565
817
522
1129
46
564
364
566
312
522
1385
814
562
364
568
821
522
1687
567
620
560
817
522
874
46
560
620
561
312
522
1130
558
564
620
563
308
522
618
558
568
620
565
49
522
874
866
620
566
311
522
1386
558
560
620
568
564
522
1432
567
876
560
570
619
866
876
561
567
522
1131
558
561
876
563
308
522
619
814
562
876
565
817
522
1131
46
564
876
566
569
522
1387
606
876
568
576
1177
567
1132
560
820
522
876
814
567
1132
562
572
1388
302
569
1132
564
49
522
876
46
560
1132
565
57
522
1132
608
1132
567
567
522
1178
564
1132
569
821
522
621
46
563
364
561
51
522
1133
302
569
364
563
304
522
1389
865
364
564
56
522
877
558
568
364
566
565
522
1389
46
564
364
568
563
522
1435
560
620
560
826
622
868
620
561
312
522
1134
814
560
620
563
565
522
622
46
561
620
565
828
1134
302
565
620
567
816
522
1390
863
620
568
833
1436
568
51
58
560
309
778
864
46
564
51
58
562
819
778
1376
558
560
51
58
564
560
778
608
867
51
58
565
568
778
1120
814
561
51
58
567
1087
654
568
51
58
569
819
778
609
558
566
51
314
561
561
778
1121
46
563
51
314
562
825
778
1377
608
51
314
564
567
778
865
558
563
51
314
566
53
778
1377
46
566
51
314
568
819
778
1423
566
51
570
560
827
866
46
566
51
570
561
569
778
1122
611
51
570
563
55
778
610
558
562
51
570
565
308
778
1122
558
569
51
570
567
48
778
1378
615
51
570
568
832
1168
561
51
826
560
563
778
867
302
563
51
826
561
835
1123
606
51
826
563
566
778
611
302
562
51
826
565
819
778
1123
558
564
51
826
567
48
778
1379
870
51
826
568
50
778
1223
51
826
569
832
612
302
566
51
58
561
52
778
1124
558
564
51
58
563
1082
1380
866
51
58
564
56
778
868
558
566
51
58
566
53
778
1380
46
562
51
58
568
307
778
1426
560
51
314
560
826
613
870
51
314
561
568
778
613
302
564
51
314
565
564
778
1125
558
569
51
314
567
1083
659
567
51
314
568
569
778
915
561
307
58
560
55
778
1121
302
563
307
58
563
52
778
609
814
563
307
58
565
50
778
1121
302
564
307
58
567
48
778
1377
867
307
58
568
821
778
866
302
568
307
314
562
828
1378
814
569
307
314
564
51
778
866
558
561
307
314
566
561
778
1378
46
562
307
314
567
313
778
1216
307
314
569
55
778
611
302
568
307
570
560
568
778
1379
558
562
307
570
564
49
778
611
869
307
570
565
56
778
1123
302
563
307
570
566
1088
1379
302
567
307
570
568
52
778
1681
560
307
826
560
561
778
868
46
562
307
826
561
834
1124
814
563
307
826
563
821
778
612
46
562
307
826
565
562
778
1124
46
569
307
826
566
569
778
1380
814
564
307
826
568
563
778
869
814
568
307
58
562
831
1381
814
568
307
58
564
827
613
870
307
58
565
823
778
1125
302
567
307
58
567
819
778
915
566
307
58
568
569
778
1683
566
307
314
560
565
778
870
814
566
307
314
561
831
614
302
566
307
314
565
563
778
870
302
567
307
314
566
835
1382
814
568
307
314
568
1087
916
560
563
58
560
306
778
866
46
563
563
58
561
56
778
1122
558
565
563
58
563
564
778
610
558
568
563
58
565
1082
866
863
563
58
566
1088
1378
302
563
563
58
568
51
778
1168
566
563
58
569
825
778
611
814
568
563
314
566
52
778
1379
558
565
563
314
568
560
778
1225
563
314
569
55
778
612
302
561
563
570
561
51
778
1124
302
565
563
570
562
569
778
1380
814
568
563
570
564
308
778
868
46
561
563
570
566
818
778
1380
46
