48
58
561
817
10
1120
814
569
48
58
563
310
10
608
609
48
58
565
569
10
1376
302
563
48
58
568
306
10
1678
562
48
314
560
52
10
865
46
569
48
314
562
63
1377
302
569
48
314
564
309
10
865
302
565
48
314
566
62
1377
46
565
48
314
568
52
10
911
562
48
570
560
308
10
866
46
564
48
570
562
53
10
1378
302
566
48
570
564
822
10
866
558
569
48
570
566
567
10
1378
610
48
570
568
57
10
611
46
560
48
826
561
58
1123
302
567
48
826
563
562
10
611
814
560
48
826
565
563
10
1123
46
563
48
826
567
53
10
1169
564
48
826
569
55
10
612
814
563
48
58
561
567
10
1124
607
48
58
563
56
10
612
614
48
58
565
57
10
1124
866
48
58
568
304
10
914
568
48
314
560
817
10
613
610
48
314
562
50
10
1381
302
565
48
314
564
561
10
869
46
568
48
314
566
560
10
1381
46
560
48
314
568
48
10
1483
48
314
569
67
865
46
561
304
58
562
48
10
1121
870
304
58
563
825
10
609
868
304
58
565
825
10
1121
870
304
58
567
569
10
1477
304
58
569
67
866
46
565
304
314
562
560
10
1378
302
562
304
314
564
59
866
558
564
304
314
566
316
1378
46
561
304
314
568
53
10
1424
568
304
570
560
568
10
867
870
304
570
563
305
10
611
814
561
304
570
565
318
1123
558
561
304
570
567
311
10
1475
304
570
569
323
868
302
564
304
826
562
50
10
1380
814
565
304
826
564
53
10
868
302
569
304
826
566
311
10
1380
869
304
826
569
817
10
613
814
563
304
58
561
318
1125
558
568
304
58
563
568
10
869
46
564
304
58
566
59
1381
814
565
304
58
568
821
10
1683
562
304
314
560
57
10
1126
46
567
304
314
563
562
10
614
46
562
304
314
565
54
10
1126
814
569
304
314
568
304
10
1428
562
560
58
560
564
10
866
558
565
560
58
562
824
10
610
46
567
560
58
565
316
1122
302
562
560
58
567
567
10
1477
560
314
560
59
867
814
568
560
314
562
566
10
1379
613
560
314
565
49
10
1123
814
564
560
314
567
565
10
1425
568
560
570
560
48
10
868
302
568
560
570
562
61
1380
302
567
560
570
564
311
10
868
868
560
570
567
817
10
1426
568
560
570
569
310
10
613
814
568
560
826
562
560
10
1381
558
562
560
826
564
52
10
869
558
560
560
826
566
56
10
1381
862
560
826
569
560
10
614
558
560
560
58
561
563
10
1126
46
569
560
58
563
566
10
614
814
569
560
58
566
304
10
1382
302
568
560
58
568
564
10
1428
566
560
314
560
322
1127
302
564
560
314
563
52
10
615
558
564
560
314
565
313
10
1383
302
567
560
314
568
52
10
1429
566
816
58
560
57
10
1123
302
564
816
58
563
308
10
611
558
563
816
58
565
568
10
1379
46
567
816
58
568
306
10
913
562
816
314
560
309
10
868
814
560
816
314
562
322
612
46
564
816
314
565
50
10
1124
46
560
816
314
567
309
10
1426
561
816
314
569
321
613
865
816
570
562
560
10
1381
302
568
816
570
564
307
10
869
46
566
816
570
566
820
10
1381
46
566
816
570
568
820
10
1171
562
816
826
560
566
10
870
814
566
816
826
562
322
614
46
568
816
826
565
60
1126
46
565
816
826
567
566
10
1228
816
58
560
560
10
871
558
567
816
58
562
564
10
1383
558
563
816
58
564
824
10
1127
46
560
816
58
567
59
1429
568
816
58
569
821
10
616
814
563
816
314
561
313
10
1384
46
568
816
314
564
50
10
872
46
561
816
314
566
63
1384
558
569
816
314
568
65
1736
48
58
561
48
10
868
302
562
48
58
562
53
10
1380
814
564
48
58
564
563
10
868
814
568
48
58
566
308
10
1380
46
566
48
58
568
308
10
914
563
48
314
560
564
10
869
814
569
48
314
562
819
10
1381
46
562
48
314
564
564
10
869
558
560
48
314
566
311
10
1381
814
562
48
314
568
52
10
1171
567
48
314
569
567
10
1382
46
562
48
570
563
307
10
1126
614
48
570
567
306
10
1382
302
566
48
570
567
568
10
1428
568
48
570
568
65
1485
48
570
569
318
1481
48
826
560
566
10
871
46
568
48
826
561
316
871
558
566
48
826
562
305
10
1383
46
561
48
826
563
564
10
615
46
569
48
826
564
308
10
615
814
564
48
826
565
59
871
46
561
48
826
565
311
10
1127
46
564
48
826
566
566
10
1383
302
569
48
826
567
569
10
1429
560
48
826
569
50
10
1483
48
58
560
50
10
872
302
566
48
58
562
314
1128
814
564
48
58
563
58
1384
814
563
48
58
564
560
10
616
612
48
58
565
569
10
1128
867
48
58
567
569
10
1487
48
314
560
560
10
873
46
569
48
314
562
305
10
1385
302
569
48
314
564
50
10
873
558
568
48
314
566
307
10
1385
814
566
48
314
568
820
10
919
568
304
58
560
821
10
869
558
563
304
58
562
55
10
1381
814
568
304
58
564
312
10
869
864
304
58
567
48
10
659
566
304
58
569
305
10
614
302
566
304
314
561
314
1126
302
566
304
314
566
312
10
916
568
304
314
569
49
10
615
302
567
304
570
561
562
10
1127
558
562
304
570
562
821
10
615
814
568
304
570
566
817
10
1127
46
567
304
570
567
51
10
1173
560
304
570
569
306
10
1429
567
304
826
560
53
10
872
814
566
304
826
562
56
10
1384
615
304
826
564
569
10
1128
46
562
304
826
567
560
10
918
561
304
826
569
58
617
46
566
304
58
561
58
1129
46
567
304
58
563
560
10
617
46
565
304
58
565
48
10
873
870
304
58
566
825
10
1385
866
304
58
568
569
10
1735
304
314
560
66
874
612
304
314
562
824
10
1386
863
304
314
564
67
1130
46
564
304
314
567
305
10
920
568
304
314
569
306
10
614
814
560
560
58
561
819
10
1126
814
564
560
58
563
316
614
558
560
560
58
565
59
1126
302
568
560
58
567
59
1172
565
560
58
569
306
10
615
814
560
560
314
561
51
10
1127
814
569
560
314
563
52
10
615
46
568
560
314
565
820
10
1127
46
569
560
314
567
821
10
917
562
560
314
569
53
10
616
302
569
560
570
561
54
10
1128
558
562
560
570
563
54
10
616
558
563
560
570
565
54
10
1128
558
562
560
570
567
319
918
569
560
570
569
53
10
617
302
560
560
826
561
62
1129
46
564
560
826
563
61
617
814
566
560
826
565
317
1129
814
569
560
826
567
52
10
663
565
560
826
569
309
10
618
302
565
560
58
561
822
10
1130
558
564
560
58
563
310
10
618
558
566
560
58
565
566
10
1130
558
566
560
58
567
310
10
1176
566
560
58
569
64
619
814
560
560
314
561
823
10
1131
814
566
560
314
563
567
10
619
814
568
560
314
565
312
10
1131
612
560
314
567
313
10
1488
816
58
560
560
10
871
302
561
816
58
562
315
1383
558
568
816
58
564
61
871
46
562
816
58
566
318
1383
302
566
816
58
568
822
10
1429
568
816
314
560
567
10
872
606
816
314
562
56
10
1384
614
816
314
564
313
10
872
866
816
314
566
57
10
1384
614
816
314
568
57
10
1487
816
570
560
312
10
873
610
816
570
562
312
10
1385
610
816
570
564
312
10
873
607
816
570
566
56
10
1385
814
569
816
570
568
312
10
1687
569
816
826
560
824
10
874
610
816
826
562
312
10
1386
609
816
826
564
56
10
874
558
560
816
826
565
567
10
1130
606
816
826
567
568
10
1230
816
826
569
312
10
619
863
816
58
561
565
10
875
868
816
58
563
48
10
619
46
562
816
58
565
560
10
1131
302
563
816
58
567
561
10
921
562
816
58
569
305
10
620
302
560
816
314
560
567
10
876
302
560
816
314
562
314
1388
46
568
816
314
564
560
10
876
46
564
816
314
565
323
1132
867
816
314
567
824
10
1227
816
314
569
823
10
616
814
561
106
561
64
1128
558
565
106
563
310
10
616
558
562
106
565
319
1128
302
569
106
567
565
10
918
564
106
569
309
10
617
302
563
362
561
565
10
1129
302
560
362
563
52
10
617
814
563
362
565
316
1129
558
561
362
567
49
10
663
560
362
568
569
10
1483
618
560
311
10
874
558
568
618
562
310
10
1386
302
567
618
564
53
10
874
814
568
618
566
562
10
1386
302
566
618
568
560
10
1484
618
569
569
10
619
864
874
561
66
1131
611
874
563
321
619
814
560
874
565
566
10
1131
302
560
874
567
61
1177
565
874
569
49
10
1745
106
560
56
10
876
814
560
106
562
565
10
1388
46
560
106
564
562
10
876
302
561
106
566
48
10
1132
862
106
567
64
1178
563
106
569
309
10
621
814
566
362
561
50
10
1133
302
560
362
562
57
10
1389
606
362
564
822
10
877
302
561
362
566
61
1389
558
563
362
568
560
10
1483
362
569
567
10
617
302
567
362
561
563
10
1129
558
565
362
563
305
10
617
46
564
362
564
66
873
814
562
362
566
63
1385
46
563
362
568
306
10
919
569
362
569
313
10
618
814
567
618
561
566
10
1130
46
567
618
563
51
10
618
302
567
618
565
560
10
874
611
618
566
55
10
1386
302
565
618
568
819
10
1432
561
874
560
304
10
619
615
874
561
55
10
1131
302
562
874
563
563
10
619
558
560
874
565
560
10
875
610
874
566
566
10
1387
46
566
874
568
60
1177
560
874
569
322
620
814
560
1130
561
309
10
1132
814
560
1130
563
561
10
1388
862
1130
564
311
10
876
302
563
1130
566
51
10
1388
302
564
1130
567
569
10
1434
568
1130
569
319
621
814
569
362
561
59
877
869
362
562
311
10
1389
302
564
362
564
563
10
877
46
569
362
565
824
10
1133
558
564
362
567
564
10
1179
562
362
568
67
1691
561
618
560
565
10
878
814
565
618
562
49
10
1134
865
618
563
311
10
622
46
568
618
565
306
10
1134
46
562
618
566
65
1390
302
564
618
568
819
10
1180
563
618
569
313
266
608
814
562
49
58
561
565
266
1120
814
564
49
58
563
49
266
1376
867
49
58
564
311
266
864
302
566
49
58
566
563
266
1376
302
565
49
58
567
313
266
1422
566
49
58
569
53
266
609
814
567
49
314
561
571
1121
46
562
49
314
562
824
266
1377
558
564
49
314
564
52
266
865
558
566
49
314
566
816
266
1121
614
49
314
567
576
911
560
49
314
569
563
266
610
558
560
49
570
561
560
266
866
865
49
570
562
577
1378
558
561
49
570
564
308
266
866
814
561
49
570
566
561
266
1122
870
49
570
567
824
266
1424
562
49
570
569
319
611
558
565
49
826
561
51
266
1123
302
568
49
826
563
560
266
1379
610
49
826
564
320
867
302
561
49
826
566
563
266
1379
302
566
49
826
567
569
266
1425
563
49
826
569
819
266
1425
560
49
58
560
573
868
302
569
49
58
561
323
1124
814
567
49
58
563
319
612
814
568
49
58
564
823
266
868
814
564
49
58
566
567
266
1380
302
568
49
58
568
314
658
560
49
58
568
822
266
1427
567
49
314
569
572
865
302
567
305
314
566
568
266
1378
46
562
305
314
567
575
1424
568
305
314
569
817
266
1734
305
570
560
577
867
46
564
305
570
561
310
266
1123
46
565
305
570
563
307
266
611
302
562
305
570
564
825
266
867
814
566
305
570
566
575
1379
46
562
305
570
568
563
266
1425
566
305
570
569
53
266
612
302
566
305
826
561
49
266
868
871
305
826
562
57
266
1380
814
562
305
826
563
322
1124
558
568
305
826
567
565
266
658
567
305
826
569
52
266
613
558
568
305
58
561
562
266
1125
302
566
305
58
563
49
266
1381
814
564
305
58
565
816
266
1125
46
560
305
58
566
57
266
1381
609
305
58
568
567
266
1427
561
561
58
567
817
266
656
561
561
58
568
312
266
611
558
560
561
314
561
563
266
867
814
560
561
314
562
56
266
1379
814
569
561
314
564
54
266
867
46
560
561
314
566
48
266
1379
46
561
561
314
567
54
266
1681
568
561
570
560
50
266
868
46
564
561
570
561
312
266
1124
558
564
561
570
563
50
266
612
302
568
561
570
565
568
266
1124
558
567
561
570
567
564
266
1170
564
561
570
569
816
266
1474
561
826
560
319
869
814
568
561
826
562
305
266
1125
302
560
561
826
562
57
266
1381
302
567
561
826
565
49
266
1125
558
564
561
826
566
311
266
1381
46
569
561
826
568
817
266
915
562
561
826
569
321
870
814
560
561
58
564
307
266
614
871
561
58
565
824
266
1126
558
562
561
58
567
819
266
916
564
561
58
568
57
266
1428
566
561
314
560
52
266
871
302
568
561
314
561
569
266
1127
814
564
561
314
563
309
266
615
558
569
561
314
565
560
266
1127
46
566
561
314
567
818
266
917
562
561
314
568
322
1429
566
817
58
560
564
266
867
302
569
817
58
561
569
266
1123
814
563
817
58
563
821
266
611
814
562
817
58
565
570
867
612
817
58
566
54
266
1379
46
560
817
58
567
323
1425
565
817
314
560
318
868
870
817
314
562
55
266
1380
46
566
817
314
563
572
1380
607
817
314
565
566
266
868
866
817
314
566
823
266
1380
302
562
817
314
568
307
266
1170
560
817
314
569
824
266
613
558
565
817
570
560
312
266
1125
870
817
570
563
321
613
302
565
817
570
565
819
266
1125
302
562
817
570
566
322
1381
558
564
817
570
568
564
266
1171
567
817
570
569
57
266
1126
558
562
817
826
562
323
1382
814
564
817
826
564
574
870
558
564
817
826
565
579
1126
814
565
817
826
567
53
266
1428
560
817
826
569
49
266
1734
817
58
560
567
266
871
302
567
817
58
562
52
266
1383
302
569
817
58
564
48
266
615
610
817
58
565
310
266
1127
46
563
817
58
567
50
266
661
564
817
58
568
568
266
1429
561
817
314
560
573
872
302
566
817
314
561
569
266
1128
814
560
817
314
563
564
266
616
558
564
817
314
565
304
266
872
814
568
817
314
566
565
266
1384
814
562
817
314
568
49
266
1478
817
314
569
320
612
46
569
49
58
561
307
266
868
614
49
58
562
824
266
1380
558
564
49
58
564
564
266
868
46
568
49
58
566
320
1380
302
564
49
58
568
563
266
1170
564
49
58
569
566
266
613
558
566
49
314
561
564
266
1125
558
566
49
314
563
304
266
1381
46
568
49
314
563
824
266
613
558
561
49
314
565
573
869
862
49
314
566
825
266
1381
814
562
49
314
568
821
266
1427
568
49
314
569
822
266
614
46
568
49
570
560
55
266
870
558
566
49
570
562
560
266
870
46
569
49
570
566
820
266
1126
867
49
570
568
824
266
615
870
49
826
562
55
266
1383
302
568
49
826
564
48
266
871
558
560
49
826
565
323
1383
302
564
49
826
568
51
266
1429
567
49
826
569
824
266
616
558
563
49
58
561
52
266
1128
302
564
49
58
562
313
266
1384
558
568
49
58
564
820
266
872
814
560
49
58
566
305
266
1128
865
49
58
567
321
1174
560
49
58
569
564
266
617
558
565
49
314
561
816
266
873
614
49
314
562
320
1385
46
567
49
314
564
316
873
46
566
49
314
565
312
266
1129
558
566
49
314
567
52
266
1175
562
49
314
568
569
266
1687
568
305
58
560
53
266
869
814
562
305
58
562
314
1125
611
305
58
563
820
266
613
46
560
305
58
565
817
266
869
870
305
58
566
823
266
1381
302
566
305
58
568
819
266
1171
565
305
58
569
313
266
614
814
565
305
314
561
565
266
1126
814
560
305
314
563
570
1382
610
305
314
564
54
266
870
814
567
305
314
566
49
266
1126
867
305
314
567
567
266
916
564
305
314
569
307
266
615
302
566
305
570
560
57
266
871
814
564
305
570
562
565
266
1383
814
567
305
570
564
315
871
46
562
305
570
565
56
266
1127
558
564
305
570
567
53
266
1429
562
305
570
569
49
266
616
46
561
305
826
560
56
266
872
814
566
305
826
562
54
266
1384
46
566
305
826
563
566
266
616
558
568
305
826
564
825
266
872
862
305
826
566
576
1384
46
565
305
826
568
51
266
1430
566
305
826
569
817
266
1686
566
305
826
569
323
617
46
569
305
58
561
574
1129
46
561
305
58
565
560
266
873
864
305
58
566
307
266
1129
558
560
305
58
567
318
1385
814
564
305
58
568
314
1486
305
58
569
566
266
618
46
564
305
314
562
825
266
618
814
566
305
314
564
569
266
874
46
564
305
314
566
820
266
1386
558
566
305
314
568
561
266
1176
564
305
314
568
313
266
1483
561
58
560
311
266
870
302
565
561
58
562
564
266
1382
558
560
561
58
563
565
266
614
302
560
561
58
564
322
870
302
563
561
58
565
576
1126
610
561
58
567
55
266
916
564
561
58
569
308
266
615
814
568
561
314
561
560
266
871
558
569
561
314
562
571
1127
814
567
561
314
563
821
266
1383
867
561
314
564
308
266
615
814
563
561
314
565
55
266
1127
558
562
561
314
567
318
1429
566
561
314
569
50
266
616
46
562
561
570
560
568
266
872
558
565
561
570
562
564
266
1384
814
566
561
570
564
306
266
872
46
569
561
570
565
313
266
1128
608
561
570
567
565
266
918
562
561
570
568
56
266
1686
563
561
826
560
49
266
617
867
561
826
561
577
1129
558
560
561
826
563
48
266
1385
46
561
561
826
564
562
266
873
46
565
561
826
565
313
266
1129
608
561
826
567
321
1431
562
561
826
569
576
618
558
568
561
58
561
566
266
1130
558
568
561
58
563
54
266
618
558
565
561
58
565
310
266
1130
302
567
561
58
567
53
266
664
567
561
58
569
52
266
619
814
566
561
314
561
316
1131
558
560
561
314
563
817
266
619
302
563
561
314
565
314
1131
46
568
561
314
567
304
266
1387
866
561
314
568
322
1482
817
58
560
576
871
558
560
817
58
562
318
1383
814
562
817
58
564
305
266
615
865
817
58
565
578
1127
814
560
817
58
567
309
266
1173
568
817
58
569
571
616
46
563
817
314
560
322
872
558
569
817
314
562
53
266
1384
814
567
817
314
564
817
266
872
46
561
817
314
565
568
266
1128
558
567
817
314
567
53
266
1430
562
817
314
569
561
266
1737
817
570
560
55
266
873
302
563
817
570
562
563
266
1385
558
562
817
570
564
560
266
617
614
817
570
565
823
266
1129
302
567
817
570
567
573
1175
565
817
570
569
561
266
1739
817
826
560
824
266
874
814
561
817
826
562
565
266
1386
46
563
817
826
564
51
266
874
302
563
817
826
566
304
266
1130
814
568
817
826
567
567
266
920
562
817
826
569
563
266
619
302
569
817
58
560
323
875
606
817
58
563
820
266
619
558
564
817
58
565
48
266
875
609
817
58
566
320
1387
302
560
817
58
568
563
266
1177
567
817
58
569
323
620
608
817
314
561
822
266
1132
46
564
817
314
562
574
1388
814
562
817
314
563
323
876
46
561
817
314
565
312
266
1132
302
562
817
314
567
53
266
1388
610
817
314
568
51
266
1178
563
817
314
569
57
266
616
814
562
107
561
565
266
1128
814
563
107
563
49
266
1384
866
107
564
567
266
872
558
568
107
565
53
266
1128
558
560
107
567
49
266
1384
867
107
568
311
266
1174
566
107
569
825
266
617
814
565
363
561
49
266
873
814
564
363
562
567
266
1385
302
569
363
564
572
873
558
567
363
566
561
266
1129
865
363
567
50
266
1385
814
568
363
568
319
1687
569
619
560
50
266
874
46
564
619
561
824
266
1130
558
566
619
563
564
266
618
558
567
619
565
560
266
874
611
619
566
566
266
1130
615
107
568
52
266
1434
566
107
569
562
266
621
46
569
363
560
53
266
621
864
363
561
823
266
1133
302
565
363
562
825
266
621
868
363
565
567
266
1133
302
565
363
567
562
266
923
560
363
568
313
266
1691
566
363
560
821
266
873
814
564
363
562
305
266
1129
868
363
563
562
266
1385
814
568
363
563
323
617
302
567
363
565
52
266
873
865
363
567
48
266
1385
613
363
568
566
266
1175
560
619
560
561
266
874
302
566
619
562
48
266
1130
607
619
563
822
266
618
302
560
619
565
560
266
1131
302
565
875
562
323
1387
814
569
875
565
565
266
665
567
875
568
312
266
1484
1131
560
311
266
876
302
567
1131
562
53
266
1388
46
562
1131
564
316
876
558
560
1131
566
314
1132
866
1131
567
563
266
1178
564
1131
569
309
266
621
814
563
363
561
304
266
1133
46
566
363
562
824
266
1389
814
563
363
564
319
877
46
561
363
566
316
1389
302
567
363
567
579
1234
363
569
55
266
622
302
568
619
561
574
1134
814
561
619
563
561
266
622
46
562
619
564
322
878
814
561
619
566
309
266
1390
46
560
619
567
822
266
1180
565
619
569
314
1692
569
50
58
560
567
522
864
558
563
50
58
562
821
522
1376
814
566
50
58
564
561
522
864
46
567
50
58
565
824
522
1120
558
569
50
58
567
564
522
1422
567
50
58
569
817
522
910
565
50
58
569
835
609
608
50
314
561
821
522
1121
46
566
50
314
563
51
522
609
302
562
50
314
564
569
522
865
814
567
50
314
566
821
522
1377
46
564
50
314
568
50
522
911
567
50
314
569
57
522
610
814
560
50
570
561
308
522
1122
558
568
50
570
563
49
522
610
46
562
50
570
564
57
522
866
814
564
50
570
566
53
522
1378
558
562
50
570
568
816
522
1475
50
570
569
576
611
302
564
50
826
561
307
522
1123
302
563
50
826
562
56
522
1379
814
564
50
826
564
309
522
867
558
569
50
826
566
560
522
1123
608
50
826
567
831
1425
564
50
826
569
570
1477
50
58
560
575
868
814
564
50
58
562
826
1124
610
50
58
563
54
522
612
814
566
50
58
565
561
522
868
863
50
58
566
832
1380
46
569
50
58
568
51
522
914
569
50
58
569
568
522
613
558
566
50
314
561
52
522
1125
558
562
50
314
563
560
522
1381
606
50
314
564
566
522
869
46
564
50
314
566
818
522
1381
46
568
50
314
567
569
522
1427
565
50
314
569
54
522
609
46
563
306
58
561
562
522
1121
302
560
306
58
562
313
522
1377
814
562
306
58
564
53
522
865
814
562
306
58
566
49
522
1121
814
563
306
314
563
830
610
558
564
306
314
565
564
522
1122
558
564
306
314
566
575
1378
608
306
314
568
822
522
912
562
306
314
569
57
522
611
558
563
306
570
561
48
522
867
610
306
570
562
55
522
1379
302
563
306
570
564
51
522
611
814
569
306
570
565
817
522
1123
46
560
306
570
566
312
522
1379
814
560
306
570
568
565
522
1681
564
306
826
560
571
612
870
306
826
561
312
522
1124
558
561
306
826
563
52
522
612
558
564
306
826
564
313
522
868
612
306
826
566
566
522
1380
46
566
306
826
568
562
522
914
564
306
826
569
312
522
613
558
563
306
58
561
564
522
1125
558
565
306
58
563
560
522
1381
614
306
58
564
576
869
46
567
306
58
566
306
522
1381
46
563
306
58
567
824
522
1171
560
306
58
569
829
614
558
560
306
314
560
579
870
606
306
314
562
310
522
1382
46
560
306
314
564
827
614
870
306
314
565
55
522
1126
302
563
306
314
567
307
522
660
568
306
314
568
568
522
1172
568
562
58
560
563
522
866
46
569
562
58
561
824
522
1122
558
563
562
58
563
564
522
610
558
563
562
58
565
304
522
866
609
562
58
566
566
522
1378
46
564
562
58
568
562
522
912
567
562
58
569
313
522
611
814
564
562
314
561
575
1123
46
568
562
314
563
819
522
611
558
562
562
314
565
305
522
1123
46
561
562
314
566
569
522
1379
606
562
314
568
55
522
1425
564
562
570
560
309
522
868
46
561
562
570
562
818
522
1380
302
565
562
570
564
560
522
612
863
562
570
565
833
1124
814
561
562
570
567
575
658
567
562
570
569
307
522
613
558
564
562
826
561
49
522
1125
46
562
562
826
562
313
522
1381
610
562
826
564
55
522
869
558
560
562
826
566
564
522
1381
814
563
562
826
568
305
522
915
565
562
826
569
313
522
614
606
562
58
561
310
522
1126
302
568
562
58
563
564
522
614
814
563
562
58
565
50
522
1126
46
568
562
58
567
304
522
1382
862
562
58
568
577
1684
561
562
314
560
831
871
46
568
562
314
562
563
522
1383
558
560
562
314
564
826
871
46
560
562
314
565
568
522
1127
814
568
562
314
567
822
522
917
562
562
314
569
308
522
611
558
566
818
58
561
305
522
1123
46
561
818
58
562
578
1379
814
565
818
58
564
310
522
867
302
560
818
58
566
820
522
1379
814
561
818
58
568
306
522
913
568
818
58
569
313
522
612
614
818
314
561
567
522
1124
558
566
818
314
563
52
522
612
46
560
818
314
565
562
522
1124
302
560
818
314
566
825
522
1380
607
818
314
568
54
522
1170
560
818
570
560
829
869
558
564
818
570
562
570
1125
869
818
570
563
56
522
613
558
562
818
570
565
574
1125
814
562
818
570
567
49
522
1381
871
818
570
568
56
522
1427
566
818
826
560
821
522
870
814
568
818
826
562
306
522
1382
46
569
818
826
563
825
522
614
609
818
826
565
576
1126
302
562
818
826
567
819
522
916
569
818
826
568
579
1477
818
58
560
310
522
871
46
566
818
58
562
51
522
1383
302
562
818
58
564
48
522
615
610
818
58
565
832
1127
302
562
818
58
567
573
1173
563
818
58
569
48
522
1485
818
314
560
55
522
872
302
563
818
314
562
52
522
1384
558
562
818
314
564
48
522
616
863
818
314
565
567
522
1128
302
569
818
314
567
52
522
1174
565
818
314
569
816
522
1734
50
58
560
576
868
46
568
50
58
562
818
522
1380
46
564
50
58
563
312
522
612
302
567
50
58
568
563
522
1426
560
50
58
569
579
613
814
563
50
314
561
309
522
1125
558
567
50
314
563
560
522
1381
606
50
314
564
821
522
869
814
563
50
314
566
305
522
1125
615
50
314
567
310
522
659
563
50
314
569
818
522
1740
50
570
560
577
870
558
560
50
570
562
573
1382
302
569
50
570
564
48
522
614
814
569
50
570
565
310
522
1126
814
566
50
570
567
305
522
1382
814
562
50
570
568
567
522
1172
561
50
826
560
828
871
46
566
50
826
561
311
522
1127
302
569
50
826
563
819
522
615
302
561
50
826
564
578
871
558
564
50
826
566
573
1383
302
566
50
826
567
313
522
1429
560
50
826
569
574
616
558
564
50
58
561
304
522
872
607
50
58
562
310
522
1384
46
563
50
58
564
306
522
872
46
565
50
58
565
824
522
1128
558
565
50
58
567
52
522
1174
567
50
58
569
826
1430
569
50
58
569
834
617
814
564
50
314
561
565
522
1129
814
565
50
314
563
305
522
617
46
560
50
314
564
568
522
873
558
565
50
314
566
309
522
1385
302
568
50
314
568
817
522
919
560
50
314
569
312
522
613
558
563
306
58
561
52
522
1125
814
560
306
58
563
561
522
1381
870
306
58
564
312
522
869
558
566
306
58
566
574
1381
558
569
306
58
568
826
1475
306
58
569
311
522
614
302
564
306
314
561
307
522
1126
302
567
306
314
562
569
522
1382
606
306
314
564
310
522
870
46
561
306
314
566
50
522
1382
46
563
306
314
567
312
522
1172
566
306
314
569
564
522
615
558
569
306
570
561
570
871
615
306
570
562
567
522
1383
302
563
306
570
564
563
522
871
302
565
306
570
565
825
522
1127
814
560
306
570
567
574
1173
564
306
570
569
560
522
1477
306
826
560
821
522
872
814
567
306
826
562
305
522
1128
865
306
826
563
311
522
616
302
564
306
826
565
51
522
1128
302
566
306
826
566
57
522
1384
46
562
306
826
567
55
522
918
565
306
826
569
819
522
617
302
563
306
58
560
569
522
873
302
563
306
58
563
49
522
1385
612
306
58
568
816
522
1231
306
58
569
576
618
46
569
306
314
561
51
522
1130
46
568
306
314
562
312
522
1386
558
560
306
314
564
829
874
302
568
306
314
566
560
522
1130
613
306
314
567
832
920
567
306
314
569
52
522
614
558
566
562
58
560
576
614
870
562
58
561
568
522
1126
558
567
562
58
563
309
522
614
46
564
562
58
565
306
522
874
612
562
58
562
49
522
1130
46
560
562
58
562
825
522
1386
302
566
562
58
564
562
522
618
558
563
562
58
565
309
522
1130
814
567
562
58
567
306
522
664
568
562
58
568
57
522
1688
568
562
314
560
565
522
875
46
568
562
314
562
51
522
1387
302
565
562
314
564
304
522
619
611
562
314
565
832
1131
302
563
562
314
567
573
921
569
562
314
569
48
522
1737
818
58
560
567
522
871
302
568
818
58
562
820
522
1383
814
564
818
58
564
571
871
46
566
818
58
565
569
522
1127
814
566
818
58
567
54
522
661
568
818
58
569
307
522
616
302
568
818
314
561
816
522
872
612
818
314
562
576
1384
302
562
818
314
564
51
522
872
302
566
818
314
565
579
1128
608
818
314
567
54
522
662
565
818
314
569
562
522
617
46
569
818
570
560
313
522
873
814
562
818
570
562
53
522
1385
814
567
818
570
564
50
522
873
46
563
818
570
565
56
522
1129
558
568
818
570
567
830
1175
568
818
570
569
570
1735
818
826
560
567
522
874
302
563
818
826
562
51
522
1386
302
567
818
826
563
835
618
558
569
818
826
565
566
522
1130
46
569
818
826
567
563
522
920
566
818
826
568
579
1481
818
58
560
822
522
875
814
564
818
58
562
306
522
1387
46
569
818
58
563
57
522
619
610
818
58
565
311
522
1131
302
569
818
58
567
830
1433
568
818
58
569
50
522
620
302
561
818
314
560
825
522
876
608
818
314
562
576
1388
302
563
818
314
564
307
522
876
302
569
818
314
566
304
522
1132
610
818
314
567
576
922
560
818
314
569
819
522
616
302
565
108
560
569
522
872
814
567
108
562
310
522
1384
46
564
108
564
828
872
46
565
108
565
569
522
1128
814
568
108
567
54
522
662
560
108
569
50
522
617
46
562
364
560
312
522
873
558
569
364
562
53
522
1385
814
568
364
564
50
522
873
302
562
364
565
835
1129
862
364
567
833
1175
568
364
569
575
618
46
566
620
561
563
522
1130
558
562
620
563
49
522
1386
814
564
620
564
56
522
874
558
569
620
566
309
522
1386
814
569
620
568
562
522
920
565
620
569
834
619
814
563
876
561
53
522
1131
814
566
876
563
571
619
46
561
876
564
56
522
875
558
561
876
566
52
522
1387
558
565
876
568
304
522
1230
876
569
566
522
620
46
560
108
561
561
522
876
864
108
562
55
522
1388
46
568
108
564
572
876
46
569
108
565
833
1132
614
108
567
817
522
1388
609
108
568
567
522
1690
562
364
560
822
522
877
558
564
364
562
566
522
1389
302
567
364
564
565
522
877
46
568
364
566
564
522
1389
814
565
364
568
562
522
1179
567
364
560
561
522
873
46
569
364
562
48
522
1385
46
560
364
563
825
522
617
609
364
565
577
1129
814
564
364
567
55
522
1175
563
364
569
565
522
618
46
563
620
561
572
1130
302
566
620
563
48
522
1386
865
620
564
568
522
874
558
569
620
566
821
522
1386
46
561
620
568
818
522
1176
566
876
560
816
522
619
866
876
561
568
522
1131
814
566
876
563
54
522
619
302
565
876
565
52
522
1131
558
567
876
567
50
522
921
563
876
569
570
1745
1132
560
834
876
608
1132
562
823
522
1388
814
560
1132
564
566
522
876
558
564
1132
566
575
1388
46
569
1132
568
829
1690
560
364
560
562
522
877
302
568
364
562
49
522
1389
46
566
364
563
569
522
621
611
364
565
833
1133
814
562
364
567
566
522
1179
561
364
569
53
522
622
46
566
620
561
819
522
1134
814
560
620
563
571
622
302
560
620
565
48
522
878
870
620
566
578
1390
608
620
568
567
522
1436
566
51
58
560
54
778
864
302
565
51
58
562
820
778
1376
814
565
51
58
564
50
778
864
302
565
51
58
566
304
778
1120
867
51
58
567
824
778
1422
567
51
58
569
566
778
609
302
567
51
314
561
564
778
1121
814
560
51
314
563
817
778
609
46
561
51
314
564
824
778
865
558
567
51
314
566
53
778
1377
814
568
51
314
568
562
778
1477
51
570
560
48
778
610
868
51
570
561
568
778
1122
814
562
51
570
563
566
778
610
302
560
51
570
565
52
778
1122
558
567
51
570
567
305
778
656
562
51
570
568
824
778
1680
567
51
826
560
822
778
867
302
566
51
826
562
1086
1379
814
566
51
826
564
562
778
867
46
563
51
826
565
568
778
1123
558
567
51
826
567
566
778
913
562
51
826
569
52
778
612
814
564
51
58
561
306
778
1124
302
566
51
58
563
48
778
1380
863
51
58
564
567
778
868
558
561
51
58
566
53
778
1380
814
568
51
58
568
562
778
1170
564
51
314
560
304
778
613
614
51
314
561
567
778
1125
302
568
51
314
563
564
778
613
558
569
51
314
564
55
778
869
302
566
51
314
566
56
778
1381
558
568
51
314
568
565
778
1683
563
51
314
569
831
609
46
566
307
58
560
835
865
814
568
307
58
562
831
609
302
569
307
58
565
48
778
865
814
569
307
58
566
819
778
1121
558
563
307
58
567
49
778
911
562
307
58
568
824
778
911
569
307
314
560
48
778
610
46
560
307
314
561
305
778
866
863
307
314
562
832
1378
46
568
307
314
564
827
866
46
564
307
314
565
56
778
1122
558
564
307
314
567
820
778
1168
564
307
314
569
560
778
1480
307
570
560
1088
867
302
564
307
570
562
1085
1379
558
562
307
570
564
826
611
862
307
570
565
823
778
1123
558
561
307
570
567
830
913
560
307
570
569
50
778
612
46
564
307
826
560
834
868
814
561
307
826
562
821
778
1380
814
564
307
826
564
827
612
871
307
826
565
568
778
1124
558
566
307
826
567
830
1426
560
307
826
569
49
778
1736
307
58
560
833
869
558
562
307
58
562
820
778
1381
558
567
307
58
564
49
778
613
865
307
58
565
833
1125
558
562
307
58
567
820
778
1427
563
307
58
569
817
778
614
46
563
307
314
560
824
778
870
558
569
307
314
562
565
778
1382
814
567
307
314
564
562
778
870
46
564
307
314
565
834
1126
814
561
307
314
567
821
778
660
560
307
314
569
818
778
610
302
564
563
58
560
825
778
866
608
563
58
562
54
778
1378
46
565
563
58
564
50
778
866
46
566
563
58
565
568
778
1122
558
567
563
58
567
830
1168
568
563
58
569
49
778
1729
563
314
560
55
778
867
302
564
563
314
562
1085
1379
558
560
563
314
564
304
778
611
612
563
314
565
311
778
1123
558
560
563
314
567
564
778
1425
566
563
314
569
50
778
612
302
560
563
570
560
569
778
868
814
569
563
570
562
566
778
1380
46
563
563
570
564
818
778
868
302
560
563
570
565
569
778
1124
814
569
563
570
567
566
778
658
568
563
570
569
819
778
1738
563
826
560
1091
869
606
563
826
562
54
778
1381
46
563
563
826
564
306
778
869
46
567
563
826
565
569
778
1125
814
567
563
826
567
822
778
915
566
563
826
569
52
778
614
814
567
563
58
561
51
778
1126
558
564
563
58
563
1083
614
302
564
563
58
565
49
778
1126
46
565
563
58
566
1091
1382
615
563
58
568
56
778
1428
568
563
314
560
831
871
46
567
563
314
562
51
778
1383
558
565
563
314
564
49
778
615
870
563
314
565
568
778
1127
814
561
563
314
567
54
778
661
565
563
314
569
563
778
611
302
567
819
58
561
560
778
867
615
819
58
562
55
778
1379
302
567
819
58
564
829
867
302
567
819
58
565
569
778
1123
814
565
819
58
567
831
657
562
819
58
569
819
778
612
558
561
819
314
561
49
778
1124
46
567
819
314
562
835
1380
615
819
314
564
568
778
868
814
564
819
314
566
566
778
1380
302
562
819
314
568
308
778
1682
560
819
570
560
562
778
869
302
560
819
570
562
48
778
1125
612
819
570
563
311
778
613
302
566
819
570
565
564
778
1125
558
567
819
570
567
305
778
1381
868
819
570
568
568
778
1427
567
819
826
560
53
778
870
46
562
819
826
562
828
1382
302
566
819
826
564
304
778
614
868
819
826
565
57
778
1126
609
819
826
567
567
778
1172
560
819
826
569
309
778
615
814
568
819
58
561
50
778
1127
302
561
819
58
562
825
778
1383
607
819
58
564
832
871
302
562
819
58
566
307
778
1383
302
568
819
58
567
1091
1223
819
58
569
54
778
616
46
566
819
314
561
563
778
1128
558
562
819
314
563
305
778
616
302
560
819
314
565
304
778
872
302
568
819
314
565
825
778
1128
814
565
819
314
568
561
778
1430
569
819
314
569
311
778
612
558
569
51
58
561
566
778
1124
558
561
51
58
563
53
778
612
302
562
51
58
565
820
778
1124
46
560
51
58
567
308
778
1426
568
51
58
569
829
613
814
569
51
314
561
307
778
1125
814
563
51
314
563
307
778
613
558
565
51
314
565
1083
1125
302
565
51
314
567
560
778
659
560
51
314
568
825
778
1736
51
570
560
834
870
609
51
570
562
56
778
1382
814
569
51
570
564
311
778
870
814
564
51
570
566
567
778
1382
814
564
51
570
568
55
778
1428
568
51
826
560
566
778
871
558
562
51
826
562
54
778
1383
302
566
51
826
564
53
778
871
46
565
51
826
566
563
778
1383
558
569
51
826
568
818
778
1429
560
51
58
560
561
778
872
46
568
51
58
562
560
778
1128
869
51
58
563
569
778
616
609
51
58
565
567
778
1128
558
560
51
58
567
821
778
918
561
51
58
569
564
778
617
814
566
51
314
561
307
778
1129
558
568
51
314
563
306
778
617
558
564
51
314
565
50
778
1129
558
562
51
314
567
562
778
1175
563
51
314
569
50
778
613
558
560
307
58
561
306
778
1125
558
562
307
58
563
818
778
613
558
560
307
58
565
817
778
1125
302
566
307
58
567
817
778
659
568
307
58
569
560
778
614
46
562
307
314
560
569
778
870
862
307
314
562
312
778
1382
814
565
307
314
564
1088
870
558
561
307
314
566
821
778
1382
302
560
307
314
568
564
778
1684
566
307
570
560
1084
871
302
566
307
570
562
816
778
1383
46
560
307
570
563
834
615
607
307
570
565
823
778
1127
558
564
307
570
567
53
778
661
568
307
570
569
564
778
616
814
568
307
826
561
819
778
1128
814
566
307
826
563
51
778
616
814
560
307
826
565
828
1128
558
566
307
826
567
306
778
918
567
307
826
569
49
778
617
46
567
307
58
561
304
778
873
868
307
58
562
312
778
1385
607
307
58
564
823
778
873
558
563
307
58
566
821
778
1385
302
560
307
58
568
564
778
1687
562
307
314
560
818
778
874
302
566
307
314
562
560
778
1130
871
307
314
563
313
778
618
611
307
314
565
56
778
1130
609
307
314
567
56
778
1228
307
314
569
568
778
614
610
563
58
561
56
778
1126
608
563
58
563
824
778
614
610
563
58
565
312
778
1126
606
563
58
567
56
778
1428
565
563
58
569
55
778
615
558
564
563
314
561
54
778
1127
302
569
563
314
563
565
778
615
302
566
563
314
565
1087
1127
302
567
563
314
567
831
917
569
563
314
569
310
778
616
558
561
563
570
561
566
778
1128
302
569
563
570
563
565
778
616
302
564
563
570
565
53
778
1128
46
564
563
570
567
52
778
1430
565
563
570
569
818
778
617
302
567
563
826
560
565
778
873
870
563
826
562
567
778
1385
302
560
563
826
564
56
778
873
606
563
826
566
311
778
1385
814
565
563
826
568
832
1175
569
563
58
560
565
778
874
46
568
563
58
562
52
778
1386
814
566
563
58
564
563
778
874
814
560
563
58
566
818
778
1386
302
568
563
58
568
561
778
920
568
563
58
569
835
619
864
563
314
561
1090
1131
607
563
314
563
823
778
619
814
564
563
314
565
567
778
1131
814
562
563
314
567
55
778
1177
568
563
314
569
832
615
558
568
819
58
561
55
778
1127
814
565
819
58
563
311
778
615
814
568
819
58
565
56
778
1127
608
819
58
567
834
1478
819
58
569
835
616
871
819
314
562
48
778
1384
46
566
819
314
564
1082
872
302
562
819
314
566
817
778
1384
302
562
819
314
568
49
778
918
568
819
570
560
816
778
873
46
561
819
570
561
835
1129
866
819
570
563
834
617
814
568
819
570
565
311
778
1129
558
564
819
570
567
821
778
663
564
819
570
569
829
618
814
560
819
826
561
50
778
1130
558
561
819
826
563
305
778
618
302
560
819
826
565
826
1130
46
563
819
826
567
304
778
664
562
819
826
568
835
619
46
560
819
58
561
304
778
875
868
819
58
562
313
778
1387
862
819
58
564
824
778
875
612
819
58
566
568
778
1387
606
819
58
568
567
778
1433
569
819
314
560
822
778
876
558
562
819
314
562
565
778
1388
302
563
819
314
564
830
876
46
564
819
314
566
308
778
1388
814
566
819
314
568
563
778
1434
567
109
560
306
778
872
302
568
109
562
49
778
1384
302
562
109
564
561
778
872
46
568
109
566
826
1384
46
562
109
568
304
778
1486
109
569
825
778
617
864
365
561
569
778
1129
862
365
563
834
617
609
365
565
823
778
1129
814
564
365
567
1088
1175
561
365
569
821
778
618
46
569
621
561
308
778
1130
814
569
621
563
819
778
618
814
561
621
565
1084
1130
814
561
621
567
563
778
1432
566
621
569
819
778
619
46
562
877
561
564
778
1131
46
569
877
563
53
778
619
302
565
877
565
1087
1131
558
562
877
567
566
778
921
569
877
569
309
778
620
46
568
109
561
52
778
1132
814
562
109
563
818
778
620
558
562
109
565
561
778
1132
46
567
109
567
560
778
1388
866
109
568
568
778
1484
365
560
833
877
814
567
365
562
833
1389
814
567
365
564
1089
877
814
568
365
566
567
778
1389
558
568
365
568
566
778
1179
564
365
560
564
778
873
46
560
365
562
563
778
1385
558
568
365
564
306
778
873
558
563
365
566
561
778
1385
302
562
365
568
1082
919
561
365
569
835
618
864
621
561
833
1130
558
564
621
563
831
618
46
564
621
565
52
778
1130
814
561
621
567
562
778
1176
563
621
569
1083
619
302
569
877
561
818
778
1131
558
562
877
563
562
778
619
302
569
877
565
827
1131
302
563
877
567
49
778
921
560
877
569
304
778
620
46
561
1133
560
1091
876
868
1133
562
313
778
1388
863
1133
564
57
778
876
863
1133
566
834
1388
862
1133
568
834
1490
365
560
313
778
877
615
365
562
834
1389
609
365
564
56
778
877
814
564
365
566
566
778
1389
302
567
365
568
819
778
1691
566
621
560
828
878
558
560
621
561
832
1390
302
564
621
564
49
778
878
302
