48
58
560
564
10
864
302
567
48
58
561
57
10
1120
46
562
48
58
563
50
10
1376
814
564
48
58
564
62
864
814
563
48
58
566
48
10
1120
610
48
58
567
823
10
654
566
48
58
568
67
1166
560
48
314
560
816
10
609
558
562
48
314
561
818
10
1121
46
565
48
314
562
54
10
1377
46
567
48
314
564
308
10
865
46
562
48
314
565
319
1121
46
560
48
314
567
560
10
1377
302
560
48
314
567
569
10
1423
562
48
314
569
55
10
610
814
564
48
570
561
561
10
1122
46
566
48
570
562
821
10
1378
46
568
48
570
564
50
10
610
814
563
48
570
565
54
10
1122
558
560
48
570
566
312
10
1378
46
568
48
570
568
304
10
1424
562
48
570
569
53
10
611
46
564
48
826
560
568
10
867
302
565
48
826
562
306
10
1123
612
48
826
563
61
611
46
568
48
826
564
65
867
302
567
48
826
565
569
10
1123
814
561
48
826
567
821
10
1169
560
48
826
568
565
10
1425
563
48
826
569
560
10
1425
568
48
826
569
54
10
1479
48
58
560
308
10
612
867
48
58
561
306
10
1124
46
560
48
58
562
50
10
1124
302
562
48
58
562
55
10
1380
46
563
48
58
563
51
10
1380
608
48
58
564
58
612
814
562
48
58
564
63
612
610
48
58
565
49
10
868
302
568
48
58
566
560
10
1124
814
560
48
58
566
65
1380
46
563
48
58
567
60
658
561
48
58
568
306
10
658
569
48
58
568
567
10
1481
48
58
569
50
10
914
564
48
58
569
64
1731
48
314
563
306
10
1381
814
568
48
314
564
317
613
868
48
314
565
55
10
1125
302
566
48
314
567
817
10
1381
558
567
48
314
568
568
10
1427
569
304
58
560
61
865
302
564
304
58
561
56
10
1121
46
565
304
58
563
48
10
1377
302
564
304
58
564
817
10
609
606
304
58
565
564
10
1121
814
561
304
58
566
313
10
1377
558
568
304
58
568
59
1220
304
58
569
52
10
1479
304
314
560
63
866
814
566
304
314
561
56
10
1122
46
560
304
314
563
48
10
1378
302
566
304
314
564
315
610
871
304
314
565
56
10
1122
302
562
304
314
567
304
10
1378
558
569
304
314
568
55
10
1680
566
304
314
569
57
10
611
302
564
304
570
561
560
10
867
302
567
304
570
562
564
10
1379
302
564
304
570
563
56
10
611
302
564
304
570
565
817
10
1123
302
563
304
570
566
311
10
1379
814
567
304
570
568
560
10
1473
304
570
569
321
612
46
562
304
826
561
562
10
868
871
304
826
562
821
10
1380
302
560
304
826
563
321
612
302
563
304
826
565
50
10
868
814
564
304
826
566
564
10
1380
302
562
304
826
567
54
10
1426
565
304
826
568
567
10
1170
568
304
826
569
313
10
613
46
569
304
58
561
561
10
869
814
566
304
58
562
565
10
1381
814
565
304
58
564
562
10
613
606
304
58
565
63
1125
814
566
304
58
566
569
10
915
568
304
58
568
64
1171
568
304
58
569
67
614
46
564
304
314
560
322
870
302
569
304
314
562
58
1126
302
564
304
314
562
323
614
46
566
304
314
564
312
10
870
46
568
304
314
566
58
1126
814
562
304
314
567
817
10
1382
615
304
314
568
308
10
1225
304
314
569
561
10
610
302
568
560
58
562
49
10
1122
46
560
560
58
563
564
10
610
613
560
58
565
64
1122
302
564
560
58
566
825
10
1378
814
560
560
58
568
817
10
1219
560
58
569
315
611
302
566
560
314
561
58
867
814
561
560
314
562
48
10
1123
302
565
560
314
563
311
10
611
302
569
560
314
565
50
10
867
814
566
560
314
566
50
10
1123
558
566
560
314
567
562
10
1379
864
560
314
568
568
10
913
560
560
570
560
314
612
608
560
570
561
818
10
1124
46
564
560
570
562
311
10
1380
46
562
560
570
564
563
10
612
868
560
570
565
569
10
1124
558
563
560
570
566
822
10
1124
613
560
570
567
561
10
1380
814
567
560
570
568
63
1225
560
570
569
565
10
613
302
564
560
826
560
310
10
869
558
569
560
826
562
58
1125
614
560
826
563
565
10
613
46
569
560
826
564
567
10
869
558
566
560
826
565
313
10
1125
302
561
560
826
566
313
10
1381
814
565
560
826
567
567
10
1427
564
560
826
568
65
1427
568
560
826
569
67
614
46
560
560
58
561
50
10
870
814
560
560
58
562
315
1126
302
569
560
58
563
49
10
1382
814
561
560
58
564
562
10
614
610
560
58
565
561
10
870
606
560
58
566
50
10
1126
814
563
560
58
567
563
10
1382
606
560
58
568
60
1428
564
560
58
569
820
10
615
558
564
560
314
560
823
10
871
558
561
560
314
561
66
1127
558
561
560
314
563
60
1383
814
565
560
314
564
563
10
871
46
568
560
314
565
56
10
1127
558
565
560
314
567
49
10
1383
611
560
314
568
565
10
1173
560
560
314
569
320
611
558
565
816
58
560
567
10
867
814
561
816
58
561
64
1123
814
564
816
58
562
312
10
1379
558
566
816
58
564
315
611
814
563
816
58
565
307
10
867
866
816
58
566
821
10
1379
46
560
816
58
567
55
10
913
565
816
58
568
321
1425
560
816
314
560
304
10
612
814
566
816
314
561
63
1124
302
569
816
314
562
57
10
1380
302
561
816
314
564
816
10
612
558
562
816
314
565
307
10
868
612
816
314
566
567
10
1380
558
560
816
314
568
562
10
1170
568
816
314
569
308
10
613
302
562
816
570
561
48
10
869
558
561
816
570
562
316
1125
867
816
570
563
55
10
613
814
568
816
570
564
57
10
869
814
562
816
570
565
566
10
1125
302
561
816
570
566
54
10
1381
558
567
816
570
567
321
659
567
816
570
569
819
10
1738
816
826
560
52
10
614
871
816
826
561
55
10
1126
558
569
816
826
563
306
10
614
46
560
816
826
564
51
10
614
606
816
826
565
820
10
1126
814
560
816
826
566
322
916
565
816
826
569
58
1428
564
816
58
560
48
10
615
558
568
816
58
565
307
10
1127
302
565
816
58
566
313
10
1383
46
566
816
58
568
51
10
1486
816
58
569
65
616
558
569
816
314
561
817
10
1128
46
569
816
314
562
55
10
1384
814
566
816
314
564
63
872
814
568
816
314
566
568
10
1384
46
560
816
314
567
311
10
918
561
816
314
569
320
612
46
564
48
58
560
568
10
868
302
568
48
58
562
304
10
1124
558
567
48
58
563
565
10
612
558
561
48
58
564
308
10
868
814
568
48
58
565
320
1124
558
567
48
58
566
66
1380
814
568
48
58
567
57
10
1170
566
48
58
569
817
10
1474
48
314
560
51
10
613
867
48
314
561
568
10
1125
46
568
48
314
563
315
1381
814
566
48
314
564
306
10
613
558
568
48
314
565
49
10
869
558
560
48
314
565
67
1125
558
569
48
314
566
824
10
1381
558
569
48
314
568
816
10
1171
568
48
314
569
305
10
1683
563
48
570
560
817
10
614
46
562
48
570
560
824
10
870
608
48
570
562
567
10
1382
558
565
48
570
564
304
10
614
558
568
48
570
565
311
10
1126
814
564
48
570
566
825
10
1382
558
560
48
570
568
562
10
1484
48
570
569
567
10
615
46
568
48
826
561
314
871
608
48
826
562
307
10
1127
814
569
48
826
563
566
10
615
558
563
48
826
564
568
10
871
46
563
48
826
566
816
10
1127
302
568
48
826
567
61
917
564
48
826
568
568
10
1173
566
48
58
560
563
10
616
866
48
58
561
52
10
1128
46
563
48
58
562
57
10
1384
558
565
48
58
564
563
10
616
814
566
48
58
565
50
10
1128
46
562
48
58
566
824
10
1384
46
563
48
58
568
818
10
1227
48
58
569
54
10
617
558
560
48
314
560
311
10
873
558
560
48
314
561
568
10
1129
46
568
48
314
563
315
1385
814
564
48
314
564
55
10
873
302
561
48
314
566
60
1385
302
566
48
314
567
569
10
1483
48
314
569
565
10
613
302
562
304
58
560
566
10
869
814
566
304
58
561
824
10
1125
302
562
304
58
563
49
10
1381
558
565
304
58
564
818
10
613
558
568
304
58
565
822
10
1125
558
561
304
58
567
819
10
915
560
304
58
568
822
10
1683
563
304
58
569
56
10
614
302
566
304
314
561
819
10
870
868
304
314
562
564
10
1382
302
568
304
314
564
48
10
614
558
568
304
314
565
317
870
814
569
304
314
566
50
10
1126
866
304
314
567
566
10
660
565
304
314
569
816
10
1172
563
304
570
560
562
10
615
814
567
304
570
561
565
10
1127
46
569
304
570
562
822
10
1383
814
568
304
570
563
569
10
615
46
565
304
570
565
58
871
302
569
304
570
566
564
10
1383
46
563
304
570
568
563
10
1477
304
570
569
311
10
616
814
568
304
826
561
561
10
872
814
567
304
826
562
317
1384
46
568
304
826
563
322
616
302
566
304
826
565
562
10
872
558
568
304
826
566
308
10
1128
870
304
826
567
55
10
1430
562
304
826
568
825
10
1174
568
304
58
560
52
10
873
302
566
304
58
561
310
10
1129
814
560
304
58
563
305
10
1385
558
569
304
58
564
53
10
873
46
562
304
58
565
63
1129
558
565
304
58
566
56
10
1385
814
565
304
58
568
49
10
919
561
304
58
569
561
10
1738
304
314
560
820
10
874
46
569
304
314
561
567
10
1130
814
569
304
314
563
308
10
1386
866
304
314
564
61
874
558
560
304
314
565
321
1130
46
560
304
314
567
817
10
1386
814
569
304
314
568
564
10
1489
304
314
569
65
614
302
569
560
58
561
818
10
1126
302
560
560
58
562
568
10
1382
814
565
560
58
564
563
10
614
870
560
58
565
564
10
870
615
560
58
566
566
10
1382
558
563
560
58
567
57
10
1221
560
58
569
821
10
615
814
560
560
314
560
825
10
871
558
561
560
314
562
305
10
1127
558
568
560
314
563
564
10
615
46
562
560
314
564
567
10
871
814
564
560
314
565
66
1127
302
564
560
314
567
61
917
568
560
314
568
824
10
1429
563
560
570
560
818
10
616
869
560
570
561
566
10
872
615
560
570
562
307
10
1128
814
566
560
570
563
53
10
616
814
566
560
570
565
59
1128
46
560
560
570
566
54
10
1384
558
562
560
570
567
313
10
918
561
560
570
569
560
10
918
567
560
570
569
569
10
617
865
560
826
561
53
10
873
865
560
826
562
52
10
1385
302
568
560
826
563
568
10
617
558
566
560
826
565
567
10
1129
814
568
560
826
566
569
10
1385
302
561
560
826
568
48
10
919
564
560
826
569
308
10
618
46
564
560
58
560
822
10
874
302
562
560
58
561
565
10
1130
558
568
560
58
563
50
10
1386
868
560
58
564
66
874
46
560
560
58
566
817
10
1130
558
566
560
58
567
50
10
1386
558
564
560
58
568
562
10
1484
560
58
569
308
10
1737
560
314
560
53
10
875
46
567
560
314
561
52
10
1131
302
560
560
314
562
51
10
1387
46
563
560
314
563
822
10
619
46
561
560
314
565
817
10
875
558
568
560
314
566
305
10
1387
46
565
560
314
567
65
921
566
560
314
569
49
10
1741
816
58
560
52
10
871
302
565
816
58
561
313
10
1127
46
565
816
58
562
67
1383
302
564
816
58
564
563
10
615
869
816
58
565
61
871
870
816
58
566
568
10
1383
46
560
816
58
568
560
10
1429
563
816
58
569
561
10
917
566
816
314
560
50
10
616
611
816
314
561
564
10
1128
558
562
816
314
562
67
1384
302
564
816
314
564
60
872
302
561
816
314
565
319
1128
46
564
816
314
567
304
10
1384
302
564
816
314
568
816
10
1174
568
816
314
569
820
10
1736
816
570
560
822
10
873
302
561
816
570
561
64
1129
302
568
816
570
562
567
10
1385
46
568
816
570
563
569
10
617
46
565
816
570
564
67
873
302
564
816
570
566
560
10
1129
814
562
816
570
567
308
10
663
561
816
570
568
55
10
919
562
816
826
560
304
10
618
558
564
816
826
561
819
10
874
608
816
826
562
822
10
1386
46
565
816
826
564
561
10
618
302
569
816
826
565
820
10
1130
46
562
816
826
566
310
10
1386
302
560
816
826
567
565
10
1176
560
816
826
568
310
10
1432
569
816
58
560
308
10
619
867
816
58
561
64
1131
46
568
816
58
563
50
10
1387
608
816
58
564
308
10
619
864
816
58
565
49
10
875
46
564
816
58
565
323
1131
302
561
816
58
567
59
921
561
816
58
569
49
10
1484
816
314
560
55
10
876
46
568
816
314
562
560
10
1132
814
565
816
314
563
56
10
620
558
568
816
314
565
560
10
876
558
567
816
314
566
563
10
1132
612
816
314
568
560
10
1434
566
816
314
569
563
10
1488
106
560
565
10
872
46
565
106
561
566
10
1128
814
569
106
563
304
10
1384
865
106
564
64
872
814
562
106
566
49
10
1128
558
562
106
567
316
662
561
106
568
311
10
1174
569
106
569
54
10
617
302
566
362
561
816
10
873
814
568
362
562
566
10
1385
302
562
362
564
817
10
617
606
362
565
61
1129
46
564
362
566
825
10
1385
46
567
362
568
50
10
1227
362
569
308
10
618
302
564
618
560
310
10
874
558
564
618
562
561
10
1130
814
560
618
563
817
10
1386
870
618
564
824
10
874
302
564
618
566
50
10
1130
610
618
567
563
10
664
565
618
568
566
10
1688
565
618
569
825
10
619
614
874
561
819
10
875
612
874
562
61
1131
615
874
563
565
10
619
46
568
874
564
66
875
814
560
874
566
49
10
1131
863
874
567
53
10
665
566
874
568
567
10
1433
561
874
569
55
10
620
46
568
106
561
53
10
1132
302
569
106
562
568
10
1388
814
563
106
563
567
10
620
814
562
106
565
561
10
876
558
564
106
566
50
10
1132
814
567
106
567
822
10
922
568
106
568
56
10
1690
568
106
569
56
10
621
46
561
362
561
49
10
1133
46
560
362
562
566
10
1389
558
566
362
564
817
10
621
814
569
362
565
52
10
1133
46
567
362
566
63
1389
302
562
362
567
566
10
923
563
362
568
568
10
1179
560
362
560
50
10
617
863
362
561
825
10
1129
302
566
362
563
306
10
1385
862
362
564
63
873
302
561
362
566
307
10
1129
865
362
567
310
10
919
568
362
568
56
10
1687
564
618
560
317
874
302
563
618
561
568
10
1130
558
564
618
563
59
1386
613
618
564
52
10
618
865
618
565
821
10
1130
46
564
618
566
318
1386
46
568
618
567
54
10
1176
567
618
569
560
10
1432
562
874
560
61
619
613
874
561
66
1131
814
560
874
563
306
10
1387
612
874
564
317
619
866
874
565
52
10
1131
46
566
874
567
48
10
1387
558
566
874
568
306
10
921
560
874
569
822
10
620
558
563
1130
560
567
10
876
46
560
1130
562
315
1132
608
1130
563
820
10
1388
868
1130
564
567
10
876
302
567
1130
566
316
1132
814
567
1130
567
62
666
568
1130
568
568
10
1434
569
1130
569
825
10
621
558
563
362
561
563
10
1133
46
562
362
562
312
10
1389
46
563
362
564
49
10
621
302
566
362
565
566
10
1133
302
566
362
567
816
10
1389
558
563
362
568
49
10
923
569
362
569
60
1691
563
618
560
819
10
622
862
618
561
822
10
1134
302
563
618
562
323
1390
46
563
618
564
817
10
622
558
564
618
564
569
10
878
558
568
618
565
56
10
1134
558
563
618
566
67
1390
814
562
618
567
569
10
668
567
618
569
561
10
1436
567
49
58
560
562
266
608
814
566
49
58
561
317
1120
302
567
49
58
563
48
266
1376
814
566
49
58
564
308
266
608
608
49
58
565
822
266
1120
558
563
49
58
566
822
266
1376
814
567
49
58
568
819
266
910
569
49
58
569
54
266
609
46
569
49
314
560
822
266
865
302
563
49
314
561
310
266
1121
302
565
49
314
562
323
1377
302
560
49
314
564
560
266
609
814
562
49
314
565
820
266
865
612
49
314
566
312
266
1377
46
564
49
314
568
49
266
655
567
49
314
569
574
610
46
561
49
570
560
319
610
814
568
49
570
561
564
266
1122
302
562
49
570
563
49
266
610
46
562
49
570
564
575
866
814
560
49
570
565
568
266
1122
302
566
49
570
567
314
1378
862
49
570
568
575
912
565
49
826
560
304
266
611
558
562
49
826
561
818
266
867
611
49
826
562
819
266
1379
302
562
49
826
563
54
266
611
302
562
49
826
564
311
266
867
558
563
49
826
566
563
266
1123
608
49
826
567
53
266
913
560
49
826
568
57
266
1425
567
49
58
560
306
266
612
814
564
49
58
561
566
266
1124
558
562
49
58
562
566
266
1380
46
568
49
58
563
57
266
612
814
564
49
58
564
568
266
868
558
569
49
58
565
578
1124
46
560
49
58
567
48
266
1380
46
563
49
58
568
49
266
1170
565
49
58
569
818
266
1479
49
314
560
308
266
613
865
49
314
561
567
266
1125
558
568
49
314
562
313
266
1381
46
563
49
314
564
304
266
613
558
566
49
314
565
50
266
869
865
49
314
566
55
266
1381
46
565
49
314
568
48
266
915
561
49
314
569
560
266
1427
566
305
58
560
314
609
302
562
305
58
561
561
266
865
558
568
305
58
562
50
266
1121
863
305
58
563
56
266
609
615
305
58
565
54
266
1121
46
560
305
58
566
825
266
1377
46
564
305
58
568
305
266
1222
305
58
569
820
266
610
302
560
305
314
560
567
266
866
302
567
305
314
562
51
266
1122
862
305
314
563
52
266
610
814
560
305
314
564
569
266
866
302
568
305
314
566
561
266
1122
558
568
305
314
567
307
266
912
568
305
314
568
569
266
1168
567
305
570
560
51
266
611
865
305
570
561
319
1123
558
564
305
570
562
55
266
1379
302
564
305
570
563
56
266
611
46
568
305
570
565
306
266
1123
302
568
305
570
566
566
266
1379
302
569
305
570
567
569
266
1169
562
305
570
569
570
1169
566
305
826
560
51
266
868
558
560
305
826
561
311
266
1124
46
568
305
826
563
563
266
1380
866
305
826
564
308
266
868
46
563
305
826
565
312
266
1124
558
567
305
826
566
566
266
1380
302
568
305
826
567
576
914
569
305
826
568
823
266
1170
560
305
826
569
321
613
46
562
305
58
560
578
869
302
560
305
58
562
305
266
1125
863
305
58
563
565
266
1381
870
305
58
564
52
266
613
867
305
58
565
311
266
1125
46
564
305
58
567
314
1381
814
563
305
58
568
307
266
915
563
305
58
569
310
266
614
302
565
305
314
560
319
870
302
565
305
314
561
311
266
1126
814
563
305
314
563
304
266
1382
615
305
314
564
309
266
870
814
562
305
314
565
313
266
1126
814
568
305
314
566
569
266
1382
302
564
305
314
568
564
266
1172
563
305
314
569
569
266
610
302
564
561
58
561
816
266
1122
46
561
561
58
562
575
1378
558
568
561
58
563
569
266
610
558
566
561
58
565
315
1122
46
560
561
58
566
56
266
1378
46
566
561
58
567
323
1168
568
561
58
569
306
266
611
46
562
561
314
560
569
266
867
46
564
561
314
562
49
266
1123
558
563
561
314
563
563
266
1379
869
561
314
564
820
266
611
868
561
314
565
567
266
1123
302
569
561
314
566
57
266
1379
814
561
561
314
567
567
266
1425
568
561
314
569
560
266
1425
564
561
570
560
570
612
814
560
561
570
561
306
266
868
814
569
561
570
562
51
266
1124
606
561
570
563
822
266
612
814
562
561
570
564
823
266
868
302
561
561
570
566
48
266
1124
864
561
570
567
321
658
561
561
570
569
48
266
1733
561
826
560
308
266
613
871
561
826
561
56
266
1125
814
569
561
826
563
308
266
1381
867
561
826
564
821
266
869
46
567
561
826
565
568
266
1125
302
565
561
826
567
306
266
1381
814
565
561
826
568
565
266
915
567
561
826
569
54
266
614
46
565
561
58
560
320
870
46
561
561
58
562
305
266
1126
864
561
58
563
564
266
614
46
565
561
58
564
566
266
870
814
564
561
58
566
49
266
1126
558
569
561
58
567
52
266
916
564
561
58
568
53
266
1684
563
561
58
569
312
266
615
46
565
561
314
561
571
871
615
561
314
562
566
266
1383
302
569
561
314
563
566
266
615
814
560
561
314
564
57
266
871
558
565
561
314
566
561
266
1127
558
564
561
314
567
50
266
1383
608
561
314
568
317
1221
561
314
569
822
266
611
46
564
817
58
561
304
266
867
558
563
817
58
562
560
266
1123
862
817
58
563
823
266
611
558
568
817
58
564
56
266
867
814
564
817
58
565
825
266
1123
302
569
817
58
567
561
266
1379
609
817
58
568
320
1681
560
817
58
569
56
266
612
558
568
817
314
560
579
868
606
817
314
562
318
1380
46
567
817
314
563
309
266
612
558
561
817
314
564
311
266
868
558
563
817
314
566
50
266
1124
814
566
817
314
567
563
266
1380
614
817
314
568
823
266
1682
564
817
570
560
816
266
613
302
562
817
570
561
562
266
869
610
817
570
562
53
266
1381
46
565
817
570
563
56
266
613
814
569
817
570
565
560
266
1125
46
563
817
570
566
310
266
1381
302
568
817
570
567
567
266
1427
568
817
570
568
57
266
915
568
817
570
569
825
266
614
814
563
817
826
561
50
266
1126
302
569
817
826
562
568
266
1382
558
568
817
826
564
563
266
614
863
817
826
565
310
266
1126
814
562
817
826
566
825
266
1382
302
569
817
826
568
314
1172
564
817
826
569
819
266
1740
817
58
560
574
871
302
568
817
58
561
310
266
1127
302
566
817
58
563
51
266
615
46
562
817
58
564
824
266
871
46
562
817
58
566
49
266
1127
558
561
817
58
567
53
266
917
563
817
58
568
321
1173
563
817
314
560
817
266
616
814
563
817
314
561
564
266
1128
46
560
817
314
562
310
266
1384
814
564
817
314
563
568
266
616
814
562
817
314
565
563
266
872
870
817
314
566
823
266
1384
558
565
817
314
567
823
266
662
565
817
314
569
51
266
1686
565
49
58
560
53
266
868
302
562
49
58
561
320
1124
814
561
49
58
562
569
266
1380
46
567
49
58
563
57
266
612
814
564
49
58
565
560
266
1124
46
568
49
58
566
823
266
1380
46
560
49
58
567
569
266
1426
564
49
58
569
318
1735
49
314
560
310
266
869
302
564
49
314
561
57
266
1125
814
567
49
314
563
565
266
613
814
562
49
314
564
57
266
869
302
560
49
314
566
817
266
1125
615
49
314
567
308
266
915
568
49
314
568
568
266
1171
562
49
570
560
571
614
609
49
570
561
564
266
870
867
49
570
562
307
266
1126
608
49
570
563
54
266
614
46
568
49
570
565
315
870
863
49
570
566
567
266
1382
814
562
49
570
568
49
266
1428
564
49
570
569
572
1736
49
826
560
564
266
871
558
566
49
826
561
321
1127
814
568
49
826
563
561
266
1383
558
564
49
826
564
315
615
607
49
826
565
52
266
1127
46
566
49
826
566
54
266
1383
302
560
49
826
567
825
266
917
561
49
826
569
50
266
616
46
566
49
58
560
311
266
872
46
565
49
58
562
50
266
1384
558
564
49
58
563
578
616
302
568
49
58
565
49
266
872
814
569
49
58
566
52
266
1384
46
569
49
58
567
569
266
918
566
49
58
569
55
266
617
814
566
49
314
560
313
266
873
558
561
49
314
562
314
1129
814
560
49
314
563
316
617
302
561
49
314
564
312
266
873
46
560
49
314
566
50
266
1129
863
49
314
567
311
266
663
569
49
314
568
318
1687
563
305
58
560
48
266
613
814
561
305
58
561
819
266
1125
46
568
305
58
562
822
266
1381
302
568
305
58
564
49
266
613
611
305
58
565
308
266
869
862
305
58
566
317
1381
302
567
305
58
567
569
266
659
562
305
58
568
825
266
1427
560
305
314
560
49
266
614
863
305
314
561
567
266
1126
814
564
305
314
562
322
1382
46
566
305
314
564
560
266
614
558
564
305
314
565
52
266
1126
814
562
305
314
566
312
266
1382
302
567
305
314
568
817
266
1225
305
314
569
819
266
615
46
568
305
570
560
54
266
871
302
562
305
570
562
560
266
1127
302
561
305
570
563
49
266
1383
814
569
305
570
564
306
266
615
614
305
570
565
54
266
1127
46
567
305
570
567
563
266
1383
865
305
570
568
318
1429
567
305
570
569
321
616
558
562
305
826
560
566
266
872
814
567
305
826
561
313
266
1128
46
561
305
826
563
315
1384
606
305
826
564
53
266
872
46
569
305
826
565
56
266
1128
558
566
305
826
566
57
266
1384
46
561
305
826
567
312
266
1430
569
305
826
569
305
266
1430
566
305
58
560
53
266
873
302
562
305
58
561
322
1129
558
567
305
58
563
49
266
617
46
561
305
58
564
310
266
873
814
561
305
58
565
577
1129
814
568
305
58
567
561
266
1385
558
566
305
58
568
51
266
1431
566
305
58
569
566
266
618
302
564
305
314
560
567
266
874
814
560
305
314
561
56
266
1130
558
566
305
314
563
561
266
1386
558
564
305
314
564
564
266
874
302
560
305
314
565
821
266
1130
46
567
305
314
566
55
266
1386
46
562
305
314
568
49
266
1432
567
305
314
569
309
266
614
302
561
561
58
560
310
266
870
814
569
561
58
561
824
266
1126
814
566
561
58
562
568
266
1382
558
567
561
58
563
568
266
614
46
563
561
58
565
304
266
870
558
564
561
58
566
562
266
1126
814
560
561
58
567
318
660
560
561
58
568
318
1684
560
561
58
569
578
615
302
562
561
314
561
570
871
558
562
561
314
562
562
266
1127
558
569
561
314
563
318
1383
870
561
314
565
48
266
871
302
562
561
314
566
306
266
1383
46
568
561
314
567
310
266
1173
569
561
314
568
568
266
917
563
561
570
560
48
266
616
302
563
561
570
560
313
266
872
46
562
561
570
562
570
1128
558
560
561
570
563
304
266
1384
558
566
561
570
564
563
266
872
46
564
561
570
565
566
266
1128
558
566
561
570
567
560
266
1384
46
567
561
570
567
312
266
1174
566
561
570
569
570
1174
563
561
826
560
48
266
617
46
565
561
826
561
305
266
873
558
568
561
826
562
52
266
1385
302
563
561
826
563
822
266
617
302
566
561
826
564
319
617
871
561
826
565
55
266
1129
558
568
561
826
567
49
266
1385
863
561
826
568
55
266
1431
566
561
58
560
305
266
618
814
566
561
58
561
819
266
874
612
561
58
562
310
266
1386
302
561
561
58
563
54
266
618
302
562
561
58
564
320
874
302
564
561
58
566
304
266
1130
302
563
561
58
567
48
266
1386
612
561
58
568
574
1432
568
561
58
569
568
266
619
558
566
561
314
561
51
266
1131
46
567
561
314
562
321
1387
814
568
561
314
563
579
619
558
562
561
314
565
305
266
875
866
561
314
566
564
266
1387
814
561
561
314
568
48
266
1177
562
561
314
569
560
266
1737
817
58
560
574
871
302
562
817
58
561
320
1127
558
568
817
58
562
568
266
1383
46
568
817
58
564
306
266
615
862
817
58
565
54
266
1127
302
561
817
58
566
56
266
1383
302
562
817
58
567
579
917
563
817
58
568
313
266
1429
564
817
314
560
50
266
616
610
817
314
561
318
1128
302
566
817
314
562
320
1384
558
568
817
314
563
576
616
814
561
817
314
564
567
266
872
558
563
817
314
565
57
266
1128
302
563
817
314
567
560
266
1384
606
817
314
568
564
266
1174
569
817
314
569
825
266
617
46
563
817
570
561
50
266
873
606
817
570
562
51
266
1129
608
817
570
563
54
266
617
558
562
817
570
564
568
266
873
558
568
817
570
566
572
1129
558
564
817
570
567
54
266
1175
566
817
570
569
307
266
618
814
561
817
826
560
57
266
874
558
565
817
826
562
306
266
1130
814
569
817
826
563
314
1386
46
568
817
826
564
304
266
618
302
560
817
826
564
825
266
874
610
817
826
566
819
266
1130
868
817
826
567
53
266
920
567
817
826
568
564
266
619
46
567
817
58
560
320
875
814
566
817
58
561
569
266
1131
302
562
817
58
563
305
266
619
46
564
817
58
564
576
875
814
560
817
58
565
57
266
1131
558
566
817
58
567
574
1433
565
817
58
569
48
266
1689
561
817
314
560
317
620
866
817
314
561
52
266
1132
46
563
817
314
562
576
1388
302
560
817
314
564
564
266
876
302
560
817
314
565
54
266
1132
814
568
817
314
567
48
266
1388
46
568
817
314
568
49
266
922
567
817
314
569
307
266
616
46
563
107
560
824
266
872
558
566
107
562
317
1128
614
107
563
315
1384
869
107
564
319
872
46
565
107
565
319
1128
46
566
107
566
55
266
1384
558
566
107
567
311
266
662
562
107
568
57
266
1430
563
107
569
313
266
617
814
568
363
561
309
266
1129
302
565
363
562
55
266
1385
46
561
363
563
313
266
617
558
568
363
565
561
266
873
613
363
566
319
1385
558
560
363
567
320
663
569
363
568
57
266
1175
564
619
560
818
266
874
46
561
619
561
309
266
1130
814
560
619
562
313
266
1386
46
568
619
564
317
618
868
619
565
564
266
1130
814
566
619
566
57
266
1386
558
567
619
568
563
266
920
567
619
569
576
619
46
568
875
561
562
266
1131
46
565
875
562
55
266
1387
558
565
875
563
824
266
619
46
560
875
564
57
266
875
814
560
875
566
566
266
1387
46
560
875
568
570
1177
561
875
569
564
266
620
46
564
107
561
49
266
876
862
107
562
53
266
1388
46
568
107
563
567
266
620
302
569
107
565
561
266
876
870
107
566
310
266
1388
814
562
107
567
569
266
1232
107
569
564
266
1739
363
560
310
266
877
814
563
363
562
50
266
1133
868
363
563
566
266
621
302
560
363
564
822
266
877
302
560
363
565
323
1133
614
363
567
820
266
1389
862
363
568
575
1691
564
363
560
560
266
617
814
561
363
561
305
266
873
558
565
363
562
55
266
1385
558
569
363
563
823
266
617
558
567
363
564
577
873
814
565
363
565
579
1129
302
568
363
567
562
266
919
566
363
568
821
266
1687
567
363
569
56
266
618
814
567
619
561
561
266
874
814
560
619
562
562
266
1386
814
569
619
564
817
266
618
814
562
619
565
316
874
814
568
619
566
565
266
1386
46
560
619
567
566
266
664
569
619
568
53
266
1176
568
619
569
568
266
619
46
565
875
560
57
266
875
46
563
875
562
309
266
1131
871
875
563
820
266
619
46
566
875
564
320
875
302
567
875
566
819
266
1131
612
875
567
57
266
665
564
875
568
825
266
921
569
1131
560
48
266
620
558
564
1131
561
817
266
876
865
1131
562
54
266
1388
558
566
1131
564
562
266
620
610
1131
565
819
266
876
868
1131
566
576
1388
558
561
1131
567
823
266
922
566
1131
569
561
266
1483
363
560
820
266
877
46
567
363
561
310
266
1133
814
568
363
562
569
266
1389
302
565
363
564
561
266
621
558
565
363
565
566
266
1133
814
566
363
566
825
266
1389
814
568
363
567
825
266
1435
561
363
569
309
266
622
46
565
619
560
566
266
878
46
563
619
561
567
266
1134
558
569
619
562
56
266
1390
814
568
619
563
825
266
878
46
560
619
565
574
1134
46
567
619
566
57
266
1390
814
560
619
568
822
266
924
568
50
58
560
50
522
608
814
562
50
58
561
564
522
1120
302
569
50
58
562
311
522
1376
302
562
50
58
564
48
522
608
814
563
50
58
565
827
864
814
560
50
58
566
52
522
1120
870
50
58
568
49
522
1422
562
50
58
569
51
522
1728
50
314
560
833
865
814
563
50
314
561
568
522
1121
558
564
50
314
563
307
522
1377
614
50
314
564
573
865
46
563
50
314
565
566
522
1121
302
568
50
314
566
311
522
1377
814
566
50
314
568
304
522
1423
560
50
314
569
573
610
558
561
50
570
560
55
522
866
814
562
50
570
562
52
522
1378
558
567
50
570
563
55
522
610
302
562
50
570
565
560
522
866
814
562
50
570
566
51
522
1122
862
50
570
567
576
1168
560
50
570
568
55
522
1424
563
50
570
569
55
522
611
814
566
50
826
561
51
522
867
867
50
826
562
577
1379
46
569
50
826
564
48
522
611
558
568
50
826
565
830
867
870
50
826
566
573
1123
614
50
826
567
830
1425
567
50
826
568
569
522
1169
562
50
58
560
50
522
612
614
50
58
561
52
522
1124
558
560
50
58
562
578
1380
814
564
50
58
564
50
522
612
558
569
50
58
565
828
1124
302
568
50
58
566
577
1380
46
564
50
58
568
48
522
1426
560
50
58
569
52
522
1732
50
314
560
821
522
869
302
567
50
314
561
566
522
1125
302
564
50
314
562
575
1381
46
565
50
314
563
833
613
46
562
50
314
565
305
522
869
814
562
50
314
566
562
522
1125
814
569
50
314
567
563
522
1381
608
50
314
568
51
522
1482
50
314
569
821
522
609
46
561
306
58
560
835
865
558
562
306
58
562
563
522
1121
814
569
306
58
563
309
522
609
46
565
306
58
564
565
522
865
302
564
306
58
565
577
1121
814
566
306
58
566
313
522
1377
46
565
306
58
568
50
522
1423
566
306
58
569
564
522
610
558
561
306
314
560
56
522
866
46
565
306
314
561
568
522
1122
302
562
306
314
563
305
522
1378
558
563
306
314
564
54
522
866
46
563
306
314
565
53
522
866
869
306
314
566
51
522
1378
46
562
306
314
567
565
522
1168
560
306
314
568
54
522
912
564
306
570
560
304
522
611
302
564
306
570
561
827
867
606
306
570
562
818
522
1123
558
561
306
570
563
48
522
1379
558
562
306
570
564
573
611
868
306
570
565
56
522
1123
46
568
306
570
566
57
522
1379
814
560
306
570
568
564
522
1681
569
306
570
569
835
612
46
566
306
826
560
57
522
868
302
567
306
826
562
563
522
1124
865
306
826
563
54
522
612
302
560
306
826
564
54
522
868
302
561
306
826
565
823
522
1124
814
568
306
826
567
560
522
1380
302
567
306
826
568
563
522
1480
306
826
569
309
522
613
558
567
306
58
560
823
522
869
814
565
306
58
562
562
522
1125
863
306
58
563
567
522
613
814
562
306
58
564
824
522
869
558
569
306
58
566
48
522
1125
558
564
306
58
567
563
522
1381
814
567
306
58
568
563
522
915
567
306
58
569
821
522
614
46
560
306
314
560
835
870
814
562
306
314
562
50
522
1126
814
565
306
314
563
827
1382
558
563
306
314
564
48
522
614
302
563
306
314
565
306
522
870
814
561
306
314
566
305
522
1126
302
564
306
314
567
561
522
1382
558
563
306
314
568
50
522
1222
306
314
569
828
1733
562
58
560
311
522
866
46
566
562
58
562
827
1122
814
568
562
58
563
821
522
610
814
564
562
58
564
569
522
866
46
565
562
58
566
561
522
1122
558
567
562
58
567
51
522
912
562
562
58
568
54
522
1680
562
562
58
569
579
611
606
562
314
561
565
522
1123
302
560
562
314
562
576
1379
814
567
562
314
564
48
522
611
558
566
562
314
565
819
522
867
871
562
314
566
574
1123
865
562
314
567
574
913
560
562
314
568
53
522
1169
568
562
314
569
55
522
612
558
565
562
570
560
824
522
868
302
562
562
570
562
570
1124
558
562
562
570
563
48
522
1380
46
565
562
570
563
57
522
612
814
566
562
570
564
56
522
868
302
565
562
570
566
826
1124
558
561
562
570
567
51
522
1380
864
562
570
568
819
522
1227
562
570
569
52
522
1480
562
826
560
573
869
558
561
562
826
561
822
522
1125
302
569
562
826
562
824
522
1381
814
566
562
826
563
569
522
613
558
568
562
826
565
561
522
869
871
562
826
566
565
522
1381
46
563
562
826
567
565
522
1381
870
562
826
568
52
522
1223
562
826
569
50
522
614
46
569
562
58
560
310
522
870
814
560
562
58
561
834
1126
46
568
562
58
563
817
522
1382
865
562
58
564
564
522
870
558
569
562
58
566
816
522
1126
302
569
562
58
567
49
522
1382
302
564
562
58
567
569
522
1428
565
562
58
569
573
1485
562
314
560
309
522
871
814
567
562
314
561
569
522
1127
558
561
562
314
563
816
522
1383
862
562
314
564
309
522
871
46
560
562
314
566
816
522
1127
302
564
562
314
567
818
522
1383
612
562
314
568
564
522
1486
562
314
569
56
522
611
46
560
818
58
560
834
867
558
569
818
58
562
818
522
1123
862
818
58
563
564
522
611
558
564
818
58
564
312
522
867
608
818
58
566
563
522
1123
869
818
58
567
575
913
568
818
58
568
568
522
1681
568
818
314
560
561
522
612
814
566
818
314
561
563
522
1124
302
565
818
314
562
310
522
1380
302
568
818
314
563
312
522
612
46
565
818
314
565
818
522
868
609
818
314
566
828
1124
866
818
314
567
566
522
1170
560
818
314
569
304
522
1682
567
818
570
560
827
613
558
563
818
570
561
49
522
869
814
564
818
570
562
307
522
1381
558
560
818
570
563
55
522
613
46
569
818
570
565
48
522
869
814
563
818
570
566
309
522
1125
871
818
570
567
825
522
1427
561
818
570
569
52
522
614
46
564
818
826
560
825
522
870
302
569
818
826
562
563
522
1126
814
569
818
826
563
575
614
558
563
818
826
564
313
522
870
814
566
818
826
565
834
1126
46
568
818
826
567
816
522
1382
814
564
818
826
568
577
1428
568
818
826
569
57
522
615
814
568
818
58
560
313
522
871
46
566
818
58
562
560
522
1127
814
562
818
58
563
49
522
1383
613
818
58
564
310
522
871
558
567
818
58
565
823
522
1127
558
566
818
58
567
304
522
1383
558
562
818
58
568
564
522
917
562
818
58
569
574
616
814
564
818
314
560
569
522
872
302
565
818
314
562
560
522
1128
302
566
818
314
563
49
522
1384
814
566
818
314
564
573
616
869
818
314
565
575
1128
558
567
818
314
567
816
522
1384
558
567
818
314
568
571
1223
818
314
569
54
522
612
46
564
50
58
561
304
522
868
558
563
50
58
562
816
522
1124
302
560
50
58
563
816
522
1380
302
565
50
58
564
826
612
870
50
58
565
312
522
1124
46
562
50
58
567
304
522
1380
814
565
50
58
568
828
1474
50
58
569
564
522
1730
50
314
560
819
522
613
864
50
314
561
564
522
1125
46
561
50
314
562
53
522
1381
558
567
50
314
563
568
522
613
46
565
50
314
564
564
522
869
46
566
50
314
565
567
522
1125
814
561
50
314
566
825
522
1381
302
566
50
314
567
574
1171
568
50
314
568
55
522
915
566
50
314
569
568
522
614
814
560
50
570
560
56
522
870
558
563
50
570
562
50
522
1126
869
50
570
563
566
522
614
558
569
50
570
564
834
870
814
566
50
570
566
307
522
1126
865
50
570
567
52
522
660
561
50
570
568
308
522
1172
566
50
570
569
566
522
615
46
568
50
826
561
816
522
871
612
50
826
562
53
522
1127
870
50
826
563
564
522
615
46
565
50
826
564
830
871
302
562
50
826
565
310
522
1127
814
562
50
826
567
48
522
1383
302
568
50
826
568
817
522
1229
50
826
569
54
522
616
302
567
50
58
560
822
522
872
814
566
50
58
561
579
1128
302
567
50
58
563
572
1384
614
50
58
564
53
522
872
814
561
50
58
566
816
522
1128
608
50
58
567
829
662
566
50
58
568
575
1174
564
50
58
569
831
617
814
564
50
314
561
818
522
873
870
50
314
562
54
522
1385
814
566
50
314
563
313
522
617
302
569
50
314
565
567
522
1129
558
566
50
314
567
819
522
1385
871
50
314
568
52
522
1229
50
314
569
563
522
613
46
564
306
58
560
568
522
869
302
562
306
58
561
825
522
1125
46
568
306
58
563
570
1381
814
561
306
58
564
50
522
613
862
306
58
565
820
522
1125
302
564
306
58
566
312
522
1381
302
561
306
58
568
305
522
1220
306
58
569
821
522
614
46
568
306
314
560
54
522
870
302
568
306
314
561
567
522
1126
558
566
306
314
563
49
522
1382
558
561
306
314
564
49
522
870
46
564
306
314
565
566
522
1126
814
561
306
314
566
57
522
1382
46
562
306
314
568
48
522
1172
562
306
314
569
828
1684
567
306
570
560
53
522
871
302
563
306
570
561
825
522
1127
302
563
306
570
563
563
522
615
46
566
306
570
564
53
522
871
558
564
306
570
565
567
522
1127
46
566
306
570
567
816
522
1383
612
306
570
568
54
522
1685
569
306
826
560
560
522
616
46
566
306
826
561
50
522
872
864
306
826
562
566
522
1384
558
563
306
826
563
312
522
616
46
562
306
826
564
825
522
872
864
306
826
566
823
522
1384
814
567
306
826
567
578
662
566
306
826
568
825
522
1174
563
306
58
560
826
617
866
306
58
561
54
522
1129
558
568
306
58
563
305
522
1385
558
562
306
58
564
51
522
617
608
306
58
565
52
522
873
864
306
58
566
312
522
1385
46
563
306
58
567
835
1481
306
58
569
52
522
618
302
562
306
314
560
577
874
611
306
314
562
564
522
1130
866
306
314
563
312
522
618
558
561
306
314
565
53
522
874
869
306
314
566
566
522
1386
302
565
306
314
567
54
522
1176
564
306
314
569
572
1742
562
58
560
564
522
870
302
564
562
58
561
57
522
1126
558
560
562
58
563
560
522
1382
46
569
562
58
564
570
614
558
564
562
58
565
561
522
870
613
562
58
566
576
1382
46
562
562
58
567
569
522
916
568
562
58
569
572
615
302
564
562
314
560
313
522
871
558
564
562
314
562
830
1127
868
562
314
563
575
615
814
566
562
314
564
57
522
871
814
562
562
314
566
563
522
1127
614
562
314
567
830
1383
871
562
314
568
832
1685
565
562
570
560
560
522
616
558
566
562
570
561
564
522
872
864
562
570
562
567
522
1384
814
569
562
570
564
818
522
616
611
562
570
565
308
522
1128
558
565
562
570
566
569
522
1384
302
567
562
570
568
304
522
662
568
562
570
569
307
522
617
46
565
562
826
560
310
522
873
302
566
562
826
561
54
522
1129
46
566
562
826
562
822
522
1129
871
562
826
563
567
522
617
814
564
562
826
564
577
873
814
562
562
826
566
827
1129
558
561
562
826
567
306
522
663
560
562
826
568
309
522
1431
561
562
826
569
313
522
618
302
563
562
58
561
563
522
874
611
562
58
562
310
522
1386
302
566
562
58
564
304
522
618
866
562
58
565
312
522
1130
302
562
562
58
566
579
1386
302
568
562
58
568
49
522
920
564
562
58
569
563
522
1740
562
314
560
573
875
814
562
562
314
561
569
522
1131
302
565
562
314
563
563
522
1387
610
562
314
564
821
522
875
558
566
562
314
565
312
522
1131
46
565
562
314
567
305
522
1387
814
566
562
314
568
50
522
1177
560
562
314
569
311
522
615
814
561
818
58
561
50
522
1127
302
561
818
58
562
567
522
1383
558
562
818
58
564
563
522
615
814
569
818
58
565
576
1127
302
567
818
58
567
826
1383
302
561
818
58
568
571
1222
818
58
569
309
522
616
46
564
818
314
560
311
522
872
558
564
818
314
561
55
522
1128
814
564
818
314
563
563
522
1384
614
818
314
564
52
522
616
866
818
314
565
310
522
1128
302
563
818
314
566
54
522
1384
46
563
818
314
568
48
522
1430
569
818
314
569
309
522
617
46
562
818
570
560
565
522
873
302
565
818
570
562
571
1129
814
560
818
570
563
306
522
617
46
569
818
570
564
568
522
873
302
569
818
570
566
827
1385
302
564
818
570
567
822
522
1175
563
818
570
569
51
522
618
46
561
818
826
560
575
874
558
568
818
826
561
824
522
1130
46
568
818
826
563
50
522
618
46
562
818
826
564
820
522
874
302
561
818
826
566
49
522
1130
558
567
818
826
567
304
522
664
562
818
826
568
565
522
1432
560
818
826
569
832
619
558
563
818
58
560
823
522
875
814
561
818
58
561
56
522
1131
814
561
818
58
562
567
522
1387
814
562
818
58
563
578
619
558
562
818
58
565
571
875
870
818
58
566
567
522
1387
558
560
818
58
567
576
1433
562
818
58
568
56
522
921
565
818
58
569
835
620
46
563
818
314
560
57
522
876
558
564
818
314
562
305
522
1132
862
818
314
563
55
522
620
46
560
818
314
565
304
522
876
46
564
818
314
566
305
522
1132
612
818
314
567
53
522
666
563
818
314
568
309
522
1178
568
818
314
569
568
522
616
863
108
561
822
522
1128
302
562
108
563
560
522
1384
558
564
108
564
49
522
616
814
561
108
565
818
522
1128
302
561
108
566
834
1384
558
569
108
568
818
522
1174
567
108
569
570
1430
566
364
560
306
522
617
609
364
561
53
522
1129
814
566
364
562
569
522
1385
814
560
364
564
819
522
873
46
567
364
565
309
522
1129
814
563
364
567
562
522
1385
613
364
568
311
522
1431
564
364
569
568
522
618
814
560
620
561
308
522
1130
46
560
620
563
560
522
1386
302
568
620
564
48
522
618
814
562
620
565
562
522
1130
46
569
620
566
56
522
1386
46
560
620
567
578
1432
561
620
568
312
522
1176
568
876
560
818
522
619
302
565
876
560
56
522
875
46
569
876
562
51
522
1131
814
565
876
563
309
522
619
46
565
876
564
835
875
607
876
566
819
522
1387
46
564
876
567
822
522
665
560
876
568
57
522
921
569
108
560
50
522
620
608
108
561
823
522
1132
814
562
108
562
579
1388
814
568
108
565
50
522
876
866
108
566
309
522
1388
46
567
108
567
575
1434
565
108
569
816
522
621
46
562
364
561
49
522
877
