48
58
560
568
10
864
558
567
48
58
562
821
10
1120
608
48
58
563
52
10
864
302
566
48
58
566
48
10
1120
614
48
58
567
55
10
910
567
48
58
568
569
10
910
562
48
58
569
825
10
865
814
568
48
314
564
317
865
558
561
48
314
565
822
10
1121
46
566
48
826
564
57
10
1123
814
568
48
826
567
316
1379
558
563
48
826
569
569
10
1124
46
563
48
58
562
819
10
1124
610
48
58
563
51
10
612
46
560
48
58
564
819
10
612
302
565
48
58
565
306
10
868
864
48
58
566
823
10
613
814
566
48
314
561
818
10
869
864
48
314
562
66
869
558
562
48
314
567
59
1381
614
48
314
568
818
10
1225
48
314
569
819
10
1479
304
58
560
308
10
609
814
567
304
58
561
819
10
865
615
304
58
562
63
1377
46
566
304
58
563
309
10
609
46
562
304
58
564
566
10
865
302
560
304
58
565
320
1121
558
567
304
58
567
819
10
911
561
304
58
568
64
1423
562
304
58
569
55
10
610
814
562
304
314
561
560
10
866
814
567
304
314
562
304
10
1122
558
565
304
314
563
51
10
1378
814
560
304
314
564
316
610
869
304
314
565
310
10
1122
302
560
304
570
566
312
10
658
564
304
826
568
54
10
613
46
563
304
58
567
64
659
567
304
314
561
316
1684
562
560
314
562
61
1379
558
563
560
314
564
48
10
611
614
560
314
565
320
1123
46
566
560
314
566
563
10
1123
302
568
560
314
567
317
913
569
560
314
569
304
10
1477
560
570
560
64
1380
814
560
560
570
565
569
10
613
558
569
560
826
564
821
10
1125
46
564
560
826
566
61
1381
606
560
58
560
52
10
870
46
564
560
58
561
55
10
1126
558
568
560
58
562
311
10
1126
870
560
58
566
55
10
1127
814
560
560
314
565
317
1127
46
564
560
314
566
311
10
1383
558
561
560
314
567
312
10
661
566
816
58
561
560
10
867
814
568
816
58
562
53
10
1379
814
569
816
58
564
560
10
867
46
562
816
58
565
568
10
1123
814
560
816
58
567
821
10
1425
565
816
58
569
59
612
46
560
816
314
560
568
10
868
558
566
816
314
562
53
10
1380
814
565
816
314
564
315
612
814
562
816
314
565
48
10
868
608
816
314
567
53
10
1380
869
816
314
568
569
10
613
862
816
570
563
60
869
302
561
816
570
567
310
10
1427
566
816
570
569
48
10
1427
566
816
570
569
54
10
614
302
564
816
826
560
318
614
867
816
826
561
52
10
870
814
565
816
826
562
821
10
1382
558
568
816
826
563
54
10
870
46
560
816
826
565
316
870
607
816
826
566
566
10
1382
46
562
816
826
569
560
10
1478
816
58
560
54
10
871
46
562
816
58
562
818
10
1383
46
562
816
58
563
824
10
615
558
564
816
58
565
564
10
1383
302
561
816
58
567
568
10
1429
569
816
58
569
54
10
616
302
566
816
314
561
563
10
1128
302
564
816
314
562
568
10
1384
558
562
816
314
564
818
10
616
866
816
314
565
51
10
1128
302
560
816
314
566
312
10
1384
870
816
314
569
49
10
1174
564
48
58
560
560
10
612
302
565
48
58
561
54
10
1124
558
569
48
58
562
567
10
1380
558
563
48
58
563
566
10
612
46
563
48
58
564
52
10
612
814
569
48
58
565
59
868
302
569
48
58
566
48
10
1124
814
566
48
58
567
54
10
658
562
48
58
569
319
613
46
561
48
314
560
312
10
613
46
566
48
314
567
306
10
1381
558
562
48
314
568
48
10
915
560
48
314
568
66
1427
566
48
314
569
822
10
614
46
566
48
570
560
312
10
870
558
562
48
570
561
822
10
1126
46
566
48
570
563
562
10
1382
302
563
48
570
564
48
10
614
613
48
570
565
51
10
870
558
565
48
570
566
560
10
1126
46
569
48
570
566
322
1382
558
566
48
570
568
58
1226
48
570
569
563
10
1428
566
48
826
560
58
871
558
562
48
826
561
323
1127
814
567
48
826
563
565
10
615
814
564
48
826
565
817
10
871
865
48
826
566
308
10
1127
814
563
48
826
567
309
10
1429
560
48
826
569
305
10
1735
48
58
560
823
10
872
302
564
48
58
562
563
10
1384
302
568
48
58
564
48
10
616
609
48
58
565
566
10
1128
46
566
48
58
567
60
662
569
48
58
568
57
10
1686
560
48
314
560
309
10
873
814
560
48
314
562
49
10
1129
615
48
314
563
320
617
46
567
48
314
565
562
10
1129
46
566
48
314
566
308
10
1129
613
48
314
567
306
10
663
565
48
314
568
820
10
1227
48
314
569
822
10
613
46
560
304
58
560
564
10
613
814
568
304
58
561
562
10
869
302
568
304
58
562
816
10
1125
814
567
304
58
563
317
1381
606
304
58
564
59
613
302
569
304
58
564
67
869
46
562
304
58
565
56
10
1125
558
565
304
58
566
64
1381
46
568
304
58
567
309
10
1381
862
304
58
568
819
10
1171
564
304
58
569
318
1738
304
314
560
568
10
870
558
565
304
314
562
304
10
1126
302
560
304
314
562
313
10
1382
814
562
304
314
563
55
10
614
46
569
304
314
564
824
10
870
558
564
304
314
566
564
10
1382
558
562
304
314
568
560
10
1221
304
314
569
566
10
615
46
563
304
570
561
306
10
1127
46
566
304
570
562
66
1383
558
569
304
570
564
53
10
871
814
560
304
570
566
305
10
1127
864
304
570
567
311
10
917
561
304
570
569
563
10
616
302
562
304
826
560
569
10
872
814
561
304
826
562
565
10
1384
814
561
304
826
564
49
10
616
862
304
826
565
311
10
1128
302
562
304
826
567
307
10
918
563
304
826
568
57
10
1686
566
304
58
560
63
873
46
560
304
58
562
818
10
1385
46
565
304
58
563
66
617
814
562
304
58
565
309
10
1129
814
568
304
58
567
306
10
663
563
304
58
568
568
10
1431
568
304
314
560
53
10
874
814
562
304
314
562
817
10
1130
866
304
314
563
55
10
618
302
566
304
314
565
563
10
1130
302
568
304
314
566
323
1386
814
569
304
314
568
54
10
920
562
560
58
560
306
10
870
46
568
560
58
561
825
10
1126
814
569
560
58
563
566
10
614
302
564
560
58
565
308
10
1126
558
569
560
58
567
561
10
660
562
560
58
568
824
10
1684
563
560
314
560
54
10
871
46
568
560
314
562
563
10
1383
558
562
560
314
564
58
615
866
560
314
565
65
1127
558
564
560
314
567
53
10
1429
567
560
314
569
818
10
616
302
560
560
570
560
323
872
614
560
570
562
65
1384
558
565
560
570
564
565
10
872
46
560
560
570
566
562
10
1384
302
564
560
570
568
304
10
1231
560
570
569
567
10
617
558
565
560
826
561
309
10
1129
302
566
560
826
563
59
1385
558
566
560
826
564
824
10
873
302
563
560
826
565
55
10
1129
46
568
560
826
568
305
10
1486
560
826
569
65
618
814
561
560
58
561
317
1130
46
568
560
58
563
48
10
1386
607
560
58
564
310
10
874
46
562
560
58
566
562
10
1130
558
566
560
58
567
48
10
1386
610
560
58
568
54
10
1688
568
560
314
560
50
10
875
46
565
560
314
561
818
10
875
610
560
314
562
54
10
1387
46
564
560
314
564
50
10
875
46
563
560
314
565
568
10
1131
558
560
560
314
567
317
921
565
560
314
568
57
10
1689
562
816
58
560
309
10
871
558
569
816
58
562
816
10
1127
614
816
58
563
64
615
46
569
816
58
565
51
10
1127
302
562
816
58
566
57
10
1383
814
566
816
58
568
565
10
1685
569
816
314
560
50
10
872
46
568
816
314
561
57
10
1128
606
816
314
563
310
10
616
46
569
816
314
565
307
10
1128
558
561
816
314
567
560
10
1384
862
816
314
568
311
10
1174
568
816
570
560
564
10
873
558
564
816
570
562
48
10
1129
610
816
570
563
566
10
617
46
560
816
570
565
817
10
873
867
816
570
566
55
10
1385
46
566
816
570
568
818
10
1488
816
570
569
55
10
618
302
560
816
826
561
562
10
1130
46
561
816
826
562
567
10
1386
302
561
816
826
564
562
10
874
46
560
816
826
565
55
10
1130
46
568
816
826
567
562
10
1386
868
816
826
568
320
920
563
816
58
560
561
10
619
615
816
58
561
566
10
1131
814
566
816
58
563
58
1387
606
816
58
564
821
10
875
558
566
816
58
565
67
1131
814
561
816
58
567
820
10
921
566
816
58
568
66
1433
560
816
314
560
563
10
876
46
565
816
314
561
567
10
1132
46
569
816
314
563
50
10
1388
864
816
314
564
310
10
876
814
566
816
314
566
58
1132
606
816
314
567
565
10
1178
565
816
314
568
825
10
1690
560
106
560
564
10
872
302
564
106
561
568
10
1128
302
568
106
563
51
10
616
46
564
106
564
55
10
872
302
561
106
566
818
10
1128
868
106
567
822
10
662
563
106
569
561
10
1486
362
560
54
10
873
814
562
362
562
48
10
1129
814
565
362
563
820
10
617
558
560
362
564
66
873
558
563
362
566
51
10
1385
46
565
362
567
823
10
663
567
362
569
315
1488
618
560
310
10
874
814
562
618
562
816
10
1130
814
568
618
562
55
10
1386
46
566
618
564
561
10
618
613
618
565
63
1130
558
568
618
567
48
10
1386
814
560
618
568
52
10
920
565
618
569
312
10
619
302
562
874
561
818
10
875
865
874
562
54
10
1387
814
563
874
564
48
10
619
814
565
874
565
564
10
1131
302
566
874
566
568
10
1387
302
567
874
568
818
10
1489
874
569
55
10
620
46
560
106
561
49
10
876
608
106
562
821
10
1388
558
564
106
563
313
10
620
558
566
106
565
563
10
1132
46
567
106
566
823
10
1388
46
567
106
568
59
1234
106
569
319
621
558
569
362
560
825
10
877
558
568
362
562
61
1389
46
567
362
563
823
10
621
46
566
362
565
305
10
877
610
362
566
53
10
1389
558
562
362
567
569
10
1179
561
362
569
563
10
617
46
561
362
560
567
10
873
46
563
362
562
49
10
1129
610
362
563
309
10
617
558
566
362
564
569
10
873
558
566
362
566
563
10
1385
46
567
362
567
65
663
567
362
569
817
10
1486
618
560
821
10
874
558
566
618
561
569
10
1130
558
566
618
563
563
10
618
46
564
618
564
55
10
874
46
563
618
566
305
10
1130
606
618
567
53
10
920
569
618
568
66
1176
568
874
560
60
619
870
874
561
64
1131
814
568
874
563
58
1387
814
568
874
564
62
875
302
569
874
565
61
875
614
874
566
63
1387
558
568
874
567
67
1177
568
874
569
61
1433
563
1130
560
58
620
814
568
1130
561
62
1132
302
568
1130
562
66
1388
302
568
1130
564
818
10
620
868
1130
565
566
10
1132
814
565
1130
567
304
10
1388
814
563
1130
568
564
10
1178
561
1130
569
321
621
46
568
362
561
817
10
877
610
362
562
821
10
1389
558
561
362
563
322
621
302
568
362
565
562
10
877
866
362
566
566
10
1389
558
565
362
567
323
1179
567
362
569
307
10
622
46
562
618
560
55
10
878
814
568
618
562
560
10
1134
814
564
618
563
820
10
622
302
561
618
564
321
878
46
569
618
566
817
10
1134
612
618
567
821
10
1180
561
618
568
66
1180
566
49
58
560
50
266
608
862
49
58
561
575
1120
558
568
49
58
562
313
266
1376
558
564
49
58
564
563
266
864
46
560
49
58
565
320
1120
814
566
49
58
567
48
266
1376
814
560
49
58
568
317
910
565
49
58
569
567
266
609
814
569
49
314
561
560
266
865
814
563
49
314
562
52
266
1121
614
49
314
563
55
266
609
46
561
49
314
564
57
266
865
814
565
49
314
566
308
266
1377
46
569
49
314
567
311
266
655
562
49
314
569
49
266
1679
567
49
570
560
52
266
866
302
562
49
570
561
321
1122
46
565
49
570
563
561
266
1378
814
565
49
570
564
564
266
866
302
563
49
570
565
822
266
1122
46
566
49
570
567
817
266
1378
608
49
570
568
820
266
1168
564
49
570
569
564
266
1680
566
49
826
560
318
867
302
564
49
826
561
53
266
867
607
49
826
562
318
1379
302
565
49
826
563
819
266
1379
609
49
826
564
574
867
302
566
49
826
565
563
266
867
609
49
826
566
574
1379
46
569
49
826
567
568
266
657
568
49
826
569
305
266
1475
49
58
560
318
868
46
564
49
58
561
568
266
1124
46
567
49
58
562
568
266
1380
302
564
49
58
563
312
266
612
46
567
49
58
565
49
266
868
606
49
58
566
564
266
1380
302
562
49
58
567
56
266
658
566
49
58
569
817
266
1475
49
314
560
574
869
302
565
49
314
561
824
266
1125
302
561
49
314
563
571
1381
612
49
314
564
53
266
869
558
562
49
314
565
57
266
1125
302
568
49
314
567
818
266
1381
867
49
314
568
566
266
1683
560
49
314
569
323
609
558
564
305
58
561
307
266
865
870
305
58
562
310
266
1377
814
562
305
58
563
579
609
558
566
305
58
565
563
266
1121
46
560
305
58
566
566
266
1377
814
562
305
58
567
579
1167
565
305
58
569
563
266
1736
305
314
560
310
266
866
814
562
305
314
561
579
1122
558
566
305
314
563
819
266
610
46
560
305
314
564
566
266
866
814
563
305
314
566
48
266
1122
558
566
305
314
567
563
266
1378
870
305
314
568
54
266
1680
561
305
314
569
323
611
558
564
305
570
561
51
266
867
868
305
570
562
822
266
1379
814
560
305
570
563
569
266
611
558
563
305
570
565
316
867
866
305
570
566
54
266
1379
558
566
305
570
567
569
266
913
569
305
570
569
50
266
1729
305
826
560
565
266
868
558
562
305
826
561
322
1124
302
564
305
826
563
306
266
1380
613
305
826
564
821
266
868
558
561
305
826
565
322
1124
302
566
305
826
567
818
266
1380
863
305
826
568
575
1426
567
305
826
569
313
266
613
558
563
305
58
561
307
266
869
871
305
58
562
822
266
1381
814
564
305
58
564
48
266
613
558
568
305
58
565
307
266
1125
46
562
305
58
566
576
1381
814
566
305
58
568
816
266
1171
569
305
58
569
563
266
614
46
562
305
314
560
320
870
814
565
305
314
562
560
266
1126
558
566
305
314
563
563
266
1382
871
305
314
564
310
266
870
814
561
305
314
565
323
1126
558
564
305
314
567
563
266
1382
871
305
314
568
310
266
1684
563
561
58
560
48
266
610
558
567
561
58
561
307
266
1122
46
562
561
58
562
576
1378
814
566
561
58
564
816
266
610
814
560
561
58
565
563
266
1122
46
562
561
58
566
576
1378
814
565
561
58
568
560
266
1168
568
561
58
569
51
266
611
46
560
561
314
560
566
266
867
814
562
561
314
561
569
266
1123
558
562
561
314
563
818
266
1379
863
561
314
564
565
266
867
558
561
561
314
565
568
266
1123
302
562
561
314
567
817
266
1379
606
561
314
568
308
266
1169
560
561
314
569
55
266
612
46
560
561
570
561
48
266
868
558
569
561
570
562
51
266
1380
46
560
561
570
563
310
266
612
558
569
561
570
564
57
266
868
558
560
561
570
566
818
266
1124
614
561
570
567
565
266
914
567
561
570
568
56
266
914
564
561
826
560
570
613
814
563
561
826
561
317
1125
46
562
561
826
562
566
266
1381
814
561
561
826
563
313
266
613
302
569
561
826
565
50
266
869
614
561
826
566
565
266
1381
302
566
561
826
567
56
266
659
566
561
826
569
49
266
1683
566
561
58
560
308
266
870
46
567
561
58
561
823
266
1126
46
560
561
58
563
816
266
1382
814
562
561
58
564
573
870
46
565
561
58
565
567
266
1126
814
563
561
58
567
48
266
1382
814
560
561
58
568
819
266
916
564
561
58
569
311
266
615
814
568
561
314
561
48
266
871
814
561
561
314
562
317
1383
46
564
561
314
563
55
266
615
814
566
561
314
565
560
266
871
558
568
561
314
566
51
266
1383
46
560
561
314
567
54
266
1173
569
561
314
568
57
266
1173
568
817
58
560
818
266
611
614
817
58
561
565
266
1123
302
567
817
58
562
568
266
1379
46
568
817
58
564
561
266
611
814
567
817
58
565
564
266
1123
46
567
817
58
566
567
266
1379
814
566
817
58
568
304
266
1169
566
817
58
569
51
266
1734
817
314
560
575
868
558
564
817
314
561
322
1124
302
562
817
314
563
561
266
1380
606
817
314
564
52
266
868
46
568
817
314
565
311
266
1124
814
566
817
314
567
48
266
1380
558
563
817
314
568
818
266
1475
817
314
569
53
266
613
302
568
817
570
560
568
266
869
46
565
817
570
562
570
1125
814
563
817
570
563
563
266
613
46
560
817
570
564
310
266
869
558
569
817
570
565
825
266
1125
302
568
817
570
567
562
266
1381
612
817
570
568
309
266
1171
566
817
570
569
312
266
614
46
566
817
826
561
305
266
870
814
566
817
826
562
52
266
1382
46
564
817
826
563
576
614
814
562
817
826
564
825
266
870
558
561
817
826
566
562
266
1126
862
817
826
567
53
266
916
568
817
826
568
568
266
916
566
817
58
560
49
266
615
814
564
817
58
561
317
1127
46
562
817
58
562
566
266
1383
814
560
817
58
563
57
266
615
302
568
817
58
565
562
266
871
612
817
58
566
53
266
1383
302
563
817
58
567
567
266
661
560
817
58
568
825
266
1429
566
817
314
560
572
616
864
817
314
561
309
266
1128
302
568
817
314
562
568
266
1384
46
565
817
314
564
570
616
814
562
817
314
565
307
266
872
869
817
314
566
54
266
1384
558
564
817
314
567
824
266
918
560
817
314
569
49
266
1686
567
49
58
560
52
266
868
46
564
49
58
561
320
1124
814
561
49
58
562
313
266
1380
558
560
49
58
564
50
266
612
615
49
58
565
53
266
1124
302
563
49
58
566
56
266
1380
46
564
49
58
568
314
1426
561
49
58
569
51
266
1738
49
314
560
54
266
869
558
563
49
314
561
568
266
1125
46
568
49
314
563
305
266
1381
814
564
49
314
564
563
266
613
871
49
314
565
566
266
1125
558
566
49
314
566
322
1381
302
562
49
314
568
305
266
1427
568
49
314
569
573
614
46
562
49
570
560
54
266
870
558
566
49
570
561
322
1126
302
560
49
570
563
817
266
1382
814
565
49
570
564
317
870
46
560
49
570
565
566
266
1126
558
565
49
570
566
322
1382
302
560
49
570
568
817
266
1428
566
49
570
569
317
615
46
561
49
826
560
310
266
871
558
567
49
826
561
57
266
1127
302
564
49
826
563
817
266
1383
607
49
826
564
308
266
871
46
568
49
826
565
567
266
1127
814
565
49
826
566
579
1383
558
562
49
826
568
562
266
1477
49
826
569
565
266
616
302
565
49
58
560
577
872
46
562
49
58
562
48
266
1128
558
568
49
58
563
563
266
1384
868
49
58
564
54
266
872
558
563
49
58
565
824
266
1128
302
560
49
58
567
817
266
1384
814
566
49
58
568
52
266
918
563
49
58
569
566
266
617
558
568
49
314
560
313
266
873
302
563
49
314
562
561
266
1129
814
569
49
314
563
308
266
617
46
564
49
314
564
566
266
873
558
568
49
314
565
57
266
1385
302
564
49
314
567
567
266
1431
568
49
314
569
48
266
1431
561
305
58
560
818
266
613
610
305
58
561
308
266
1125
46
568
305
58
562
576
1381
814
561
305
58
563
825
266
613
302
566
305
58
565
315
869
814
569
305
58
566
564
266
1381
46
563
305
58
567
54
266
1171
566
305
58
568
568
266
915
567
305
314
560
570
614
558
569
305
314
561
307
266
870
864
305
314
562
821
266
1382
302
564
305
314
563
55
266
614
814
565
305
314
564
313
266
870
302
566
305
314
566
305
266
1126
814
565
305
314
567
563
266
1382
868
305
314
568
309
266
1172
566
305
314
569
55
266
615
814
563
305
570
560
57
266
871
302
563
305
570
562
561
266
1127
814
562
305
570
563
51
266
1383
862
305
570
564
318
871
46
566
305
570
565
310
266
1127
558
565
305
570
566
56
266
1383
46
564
305
570
568
48
266
1173
563
305
570
569
306
266
1477
305
826
560
308
266
872
46
560
305
826
561
54
266
1128
302
569
305
826
562
577
1384
814
568
305
826
563
323
616
302
569
305
826
565
50
266
872
606
305
826
566
308
266
1384
46
561
305
826
567
310
266
1174
562
305
826
568
824
266
918
563
305
58
560
816
266
617
558
563
305
58
561
50
266
873
610
305
58
562
52
266
1385
46
564
305
58
563
54
266
617
558
563
305
58
564
824
266
873
46
563
305
58
566
816
266
1129
558
562
305
58
567
562
266
1385
607
305
58
568
52
266
919
560
305
58
569
575
618
302
568
305
314
560
823
266
874
814
567
305
314
561
313
266
1130
302
564
305
314
563
49
266
1386
814
562
305
314
564
307
266
618
862
305
314
565
574
1130
46
567
305
314
566
310
266
1386
558
564
305
314
567
824
266
664
561
305
314
569
48
266
1176
569
561
58
560
315
614
814
566
561
58
561
307
266
870
866
561
58
562
565
266
1382
302
560
561
58
563
576
614
558
568
561
58
564
568
266
870
46
564
561
58
566
816
266
1126
558
561
561
58
567
571
1382
814
567
561
58
568
316
1480
561
58
569
565
266
615
302
561
561
314
560
320
871
558
567
561
314
561
312
266
1127
46
563
561
314
563
48
266
1383
302
568
561
314
564
561
266
615
814
563
561
314
565
307
266
871
614
561
314
566
564
266
1383
46
564
561
314
567
566
266
917
569
561
314
568
567
266
1685
563
561
314
569
57
266
616
46
568
561
570
561
560
266
872
558
564
561
570
562
562
266
1128
814
569
561
570
563
563
266
1384
866
561
570
564
309
266
872
46
568
561
570
565
310
266
1128
558
562
561
570
566
577
1384
814
567
561
570
567
57
266
918
562
561
570
569
570
1430
566
561
826
560
818
266
617
607
561
826
561
317
873
868
561
826
562
565
266
1385
302
560
561
826
563
320
617
558
565
561
826
564
568
266
873
814
569
561
826
565
569
266
1129
302
562
561
826
567
570
1385
558
566
561
826
568
562
266
1431
568
561
826
569
307
266
1737
561
58
560
574
874
46
565
561
58
561
310
266
1130
302
568
561
58
562
55
266
1386
814
560
561
58
563
568
266
618
46
562
561
58
564
323
874
302
564
561
58
566
49
266
1130
558
567
561
58
567
562
266
1386
814
568
561
58
568
51
266
1481
561
58
569
564
266
619
46
562
561
314
560
319
875
302
563
561
314
561
320
875
864
561
314
562
56
266
1387
814
566
561
314
563
824
266
619
46
568
561
314
565
48
266
875
302
569
561
314
566
561
266
1131
814
563
561
314
567
572
1387
611
561
314
568
564
266
1490
561
314
569
309
266
615
302
561
817
58
560
575
871
558
565
817
58
561
312
266
1127
814
568
817
58
562
57
266
1383
302
562
817
58
564
570
615
558
566
817
58
565
818
266
871
606
817
58
566
317
1127
867
817
58
567
309
266
661
569
817
58
568
822
266
1429
564
817
58
569
56
266
616
814
568
817
314
560
569
266
872
302
563
817
314
562
49
266
1128
558
568
817
314
563
562
266
1384
609
817
314
564
308
266
616
871
817
314
565
565
266
1128
302
564
817
314
566
311
266
1384
814
560
817
314
567
322
662
565
817
314
569
48
266
1430
562
817
570
560
571
617
814
568
817
570
561
563
266
873
866
817
570
562
565
266
1385
302
560
817
570
563
320
617
558
567
817
570
564
56
266
873
46
562
817
570
566
48
266
1129
302
568
817
570
567
49
266
1385
814
562
817
570
568
307
266
1231
817
570
569
564
266
618
46
564
817
826
560
566
266
874
302
569
817
826
561
567
266
1130
814
564
817
826
562
569
266
1386
46
569
817
826
564
560
266
618
558
564
817
826
565
562
266
874
814
569
817
826
566
819
266
1130
867
817
826
567
565
266
920
560
817
826
568
320
1432
566
817
826
569
568
266
619
46
560
817
58
560
323
875
302
565
817
58
562
561
266
1131
814
560
817
58
563
818
266
1387
610
817
58
564
564
266
875
46
560
817
58
565
821
266
1131
302
564
817
58
566
823
266
1387
814
560
817
58
567
322
665
566
817
58
569
48
266
1433
562
817
314
560
50
266
620
558
568
817
314
561
317
876
868
817
314
562
53
266
1388
302
563
817
314
563
567
266
620
814
560
817
314
564
578
876
46
568
817
314
566
816
266
1132
558
564
817
314
567
818
266
1388
814
560
817
314
568
52
266
1490
817
314
569
821
266
616
302
565
107
560
823
266
872
814
562
107
561
313
266
1128
46
568
107
563
314
1384
558
566
107
564
824
266
872
302
561
107
565
564
266
1128
46
560
107
566
575
1384
302
568
107
567
823
266
1430
564
107
568
57
266
918
563
107
569
579
617
814
560
363
561
572
873
614
363
562
318
1385
46
568
363
563
320
617
558
567
363
564
824
266
873
46
567
363
566
816
266
1129
558
567
363
567
562
266
1385
612
363
568
564
266
919
566
363
569
53
266
618
558
565
619
560
312
266
874
46
564
619
562
304
266
1130
558
564
619
563
818
266
1386
608
619
564
52
266
874
46
560
619
565
575
1130
302
568
619
566
823
266
1386
814
566
619
567
313
266
920
564
875
560
315
619
863
875
561
53
266
1131
46
569
875
562
320
1387
302
569
875
563
824
266
619
46
565
875
565
48
266
875
558
563
875
566
562
266
1131
814
562
875
567
308
266
665
560
875
568
575
1177
569
875
569
321
620
814
567
107
560
569
266
876
302
566
107
562
561
266
1132
814
565
107
563
51
266
1388
865
107
564
309
266
876
302
560
107
565
55
266
1132
558
568
107
566
322
1388
46
568
107
568
48
266
1178
566
107
569
50
266
1485
363
561
48
266
877
46
564
363
562
305
266
1133
814
565
363
563
569
266
621
46
569
363
564
55
266
877
302
560
363
565
566
266
1133
558
563
363
566
566
266
1389
46
560
363
567
825
266
923
565
363
569
817
266
1691
561
363
560
572
617
614
363
561
564
266
1129
46
562
363
562
310
266
1385
302
569
363
563
823
266
617
814
564
363
564
825
266
873
558
568
363
566
314
1129
558
568
363
567
817
266
1385
610
363
568
820
266
1480
363
569
310
266
618
302
569
619
560
321
874
814
568
619
561
825
266
1130
302
565
619
563
49
266
1386
814
563
619
564
563
266
618
862
619
565
574
1130
46
566
619
566
566
266
1386
558
565
619
567
56
266
664
562
619
569
48
266
1176
569
875
560
817
266
619
814
564
875
561
51
266
875
865
875
562
309
266
1387
46
569
875
563
822
266
619
558
566
875
564
824
266
875
46
561
875
565
579
1131
302
567
875
567
305
266
1387
814
563
875
568
307
266
1234
875
569
564
266
620
46
565
1131
560
822
266
876
558
561
1131
561
577
1132
814
567
1131
562
313
266
1388
302
563
1131
564
561
266
620
814
560
1131
565
818
266
876
611
1131
566
52
266
1388
46
562
1131
567
54
266
922
568
1131
568
567
266
1690
564
1131
569
825
266
621
302
561
363
561
49
266
877
558
568
363
562
562
266
1133
612
363
563
820
266
621
46
562
363
564
54
266
877
302
569
363
565
823
266
1133
814
565
363
566
57
266
1389
302
562
363
568
49
266
1179
568
363
569
306
266
1486
619
560
52
266
622
870
619
561
565
266
1134
302
564
619
562
567
266
1390
814
560
619
563
322
622
46
565
619
565
816
266
878
558
561
619
566
315
1134
814
566
619
567
51
266
1390
864
619
568
53
266
924
567
619
569
310
522
608
558
564
50
58
560
312
522
864
814
568
50
58
561
56
522
1120
302
563
50
58
563
305
522
1376
558
569
50
58
564
824
522
864
46
561
50
58
565
825
522
1120
302
563
50
58
567
49
522
1376
814
562
50
58
568
51
522
1221
50
58
569
308
522
609
46
564
50
314
560
566
522
865
558
560
50
314
561
577
1121
814
566
50
314
562
57
522
1377
302
561
50
314
564
304
522
609
558
567
50
314
565
306
522
865
608
50
314
566
826
1121
46
560
50
314
566
579
1377
302
567
50
314
568
816
522
1423
562
50
314
569
51
522
1479
50
570
560
564
522
866
46
564
50
570
561
566
522
1122
558
560
50
570
562
823
522
1378
814
566
50
570
563
57
522
610
302
562
50
570
565
49
522
866
558
567
50
570
566
306
522
1122
610
50
570
567
564
522
656
560
50
570
568
575
1168
567
50
570
569
55
522
611
814
562
50
826
560
823
522
867
46
568
50
826
562
816
522
1123
558
565
50
826
563
818
522
1379
608
50
826
564
52
522
611
870
50
826
565
821
522
1123
302
566
50
826
566
55
522
1379
814
562
50
826
567
57
522
913
560
50
826
569
826
1425
566
50
58
560
306
522
612
610
50
58
561
820
522
1124
46
560
50
58
562
54
522
1380
302
568
50
58
563
311
522
612
814
563
50
58
564
569
522
868
302
560
50
58
566
570
1124
558
566
50
58
567
50
522
1380
607
50
58
568
829
1481
50
58
569
53
522
613
302
561
50
314
560
832
869
558
566
50
314
561
56
522
1125
46
561
50
314
562
835
1381
302
567
50
314
564
49
522
613
814
560
50
314
565
572
869
612
50
314
566
820
522
1381
46
560
50
314
567
575
1427
562
50
314
569
51
522
1482
306
58
560
308
522
865
46
560
306
58
561
575
1121
302
565
306
58
562
823
522
1377
814
560
306
58
563
578
609
46
564
306
58
565
48
522
865
302
568
306
58
566
305
522
1121
814
562
306
58
567
572
1377
611
306
58
568
564
522
1480
306
58
569
309
522
1735
306
314
560
576
866
558
566
306
314
561
824
522
1122
814
569
306
314
562
569
522
1378
302
563
306
314
564
49
522
610
558
568
306
314
565
818
522
866
612
306
314
566
52
522
1378
46
563
306
314
567
566
522
1168
562
306
314
568
312
522
912
560
306
570
560
48
522
611
558
560
306
570
561
50
522
867
606
306
570
562
829
1123
870
306
570
563
831
611
302
569
306
570
564
577
867
814
569
306
570
566
48
522
1123
302
568
306
570
567
571
1379
814
568
306
570
568
573
1480
306
570
569
565
522
612
302
566
306
826
560
311
522
868
814
564
306
826
561
569
522
1124
302
561
306
826
563
305
522
1380
558
569
306
826
564
572
612
613
306
826
565
564
522
1124
46
565
306
826
566
54
522
1380
558
563
306
826
567
312
522
658
569
306
826
569
48
522
1170
568
306
58
560
817
522
613
814
566
306
58
561
51
522
869
864
306
58
562
307
522
1381
302
560
306
58
563
822
522
613
558
565
306
58
564
56
522
869
46
562
306
58
566
48
522
1125
302
569
306
58
567
561
522
1381
814
565
306
58
568
819
522
1476
306
58
569
830
614
46
566
306
314
560
310
522
870
558
562
306
314
561
56
522
1126
814
568
306
314
562
313
522
1382
302
562
306
314
564
305
522
614
558
568
306
314
565
306
522
870
609
306
314
566
564
522
1126
871
306
314
567
821
522
916
565
306
314
568
823
522
1684
560
306
314
569
578
610
46
566
562
58
561
48
522
866
558
561
562
58
562
571
1122
814
566
562
58
563
51
522
1378
864
562
58
564
830
866
46
566
562
58
565
54
522
1122
558
561
562
58
566
577
1378
814
565
562
58
567
825
522
912
560
562
58
569
816
522
1424
564
562
314
560
562
522
611
606
562
314
561
819
522
867
867
562
314
562
53
522
1379
302
562
562
314
563
55
522
867
46
568
562
314
566
560
522
1123
558
565
562
314
567
818
522
1379
608
562
314
568
308
522
913
561
562
314
569
54
522
612
302
569
562
570
560
577
868
814
567
562
570
561
569
522
1124
302
565
562
570
563
817
522
1380
814
562
562
570
564
307
522
612
862
562
570
565
830
1124
558
566
562
570
567
306
522
1380
610
562
570
568
51
522
914
562
562
570
569
310
522
613
558
560
562
826
560
577
869
814
567
562
826
561
825
522
1125
46
567
562
826
563
49
522
1381
814
564
562
826
564
563
522
613
862
562
826
565
574
1125
46
567
562
826
566
566
522
1381
558
563
562
826
567
312
522
659
560
562
826
568
825
522
1171
565
562
58
560
817
522
614
814
560
562
58
561
572
870
612
562
58
562
52
522
1382
46
561
562
58
563
54
522
614
302
568
562
58
564
823
522
870
814
566
562
58
565
57
522
1126
302
562
562
58
567
49
522
1382
814
560
562
58
568
572
1227
562
58
569
564
522
615
46
565
562
314
560
822
522
871
558
562
562
314
561
56
522
1127
814
569
562
314
562
579
1383
302
566
562
314
564
305
522
615
814
562
562
314
565
307
522
871
610
562
314
566
820
522
1383
46
565
562
314
567
54
522
1173
562
562
314
568
577
1685
566
562
314
569
57
522
611
302
561
818
58
561
570
867
558
566
818
58
562
562
522
1123
606
818
58
563
819
522
1379
867
818
58
564
565
522
867
46
569
818
58
565
822
522
1123
558
564
818
58
566
568
522
1379
814
569
818
58
567
825
522
913
564
818
58
569
49
522
1425
568
818
314
560
562
522
612
609
818
314
561
52
522
868
870
818
314
562
565
522
1380
302
565
818
314
563
821
522
612
614
818
314
565
574
1124
46
566
818
314
566
54
522
1380
302
565
818
314
567
824
522
658
562
818
314
569
560
522
1426
562
818
570
560
562
522
613
609
818
570
561
52
522
1125
46
566
818
570
562
822
522
1381
558
567
818
570
563
578
613
302
560
818
570
565
49
522
869
814
560
818
570
566
307
522
1125
862
818
570
567
309
522
915
562
818
570
568
567
522
1683
562
818
570
569
825
522
614
302
564
818
826
561
49
522
870
814
564
818
826
562
307
522
1382
302
566
818
826
564
561
522
614
814
568
818
826
565
819
522
870
869
818
826
566
575
1382
302
568
818
826
567
577
1428
568
818
826
568
835
1172
568
818
58
560
827
871
814
568
818
58
561
579
1127
302
567
818
58
563
817
522
1383
814
567
818
58
564
562
522
615
868
818
58
565
565
522
1127
302
566
818
58
566
567
522
1383
814
565
818
58
567
57
522
661
563
818
58
569
817
522
1685
562
818
314
560
307
522
872
302
560
818
314
562
826
1128
302
565
818
314
563
818
522
1384
612
818
314
564
51
522
872
46
565
818
314
566
818
522
1128
608
818
314
567
564
522
662
560
818
314
568
575
1686
566
50
58
560
307
522
612
867
50
58
561
309
522
1124
302
560
50
58
562
55
522
1380
558
568
50
58
563
568
522
612
46
566
50
58
565
48
522
868
558
564
50
58
566
562
522
1124
606
50
58
567
829
1380
870
50
58
568
565
522
1170
564
50
58
569
567
522
613
814
561
50
314
560
834
869
46
568
50
314
562
54
522
1381
558
562
50
314
563
568
522
613
46
562
50
314
564
579
869
302
568
50
314
566
817
522
1125
814
565
50
314
567
307
522
1381
866
50
314
568
821
522
1171
563
50
314
569
567
522
614
814
561
50
570
560
57
522
870
302
561
50
570
562
49
522
1126
558
569
50
570
563
828
1382
607
50
570
564
574
870
46
566
50
570
565
566
522
1126
558
566
50
570
566
312
522
1382
46
565
50
570
568
304
522
1172
564
50
570
569
824
522
615
46
562
50
826
561
304
522
871
558
561
50
826
562
50
522
1127
606
50
826
563
52
522
615
46
565
50
826
565
571
871
814
568
50
826
566
50
522
1127
868
50
826
567
565
522
1429
566
50
826
569
563
522
1740
50
58
560
575
872
302
568
50
58
561
577
1128
558
566
50
58
562
835
1384
558
560
50
58
564
50
522
616
606
50
58
565
52
522
1128
46
561
50
58
566
566
522
1384
558
561
50
58
567
568
522
662
562
50
58
569
816
522
1430
564
50
314
560
568
522
873
46
567
50
314
562
570
1129
814
560
50
314
563
307
522
1385
864
50
314
564
821
522
873
302
564
50
314
565
55
522
1129
814
565
50
314
566
569
522
1385
302
567
50
314
568
571
1431
569
50
314
569
52
522
613
46
561
306
58
561
50
522
869
613
306
58
562
574
1381
46
569
306
58
563
54
522
613
814
561
306
58
564
569
522
869
302
563
306
58
566
817
522
1125
302
568
306
58
567
307
522
1381
867
306
58
568
309
522
1171
566
306
58
569
311
522
614
814
565
306
314
560
313
522
870
302
565
306
314
562
49
522
1126
814
563
306
314
563
563
522
1382
864
306
314
564
309
522
870
302
560
306
314
565
832
1126
558
568
306
314
566
824
522
1382
46
566
306
314
568
48
522
1172
563
306
314
569
562
522
1477
306
570
560
52
522
615
870
306
570
561
565
522
1127
302
563
306
570
562
55
522
1383
814
563
306
570
563
313
522
615
46
561
306
570
565
570
1127
609
306
570
567
50
522
661
560
306
570
568
575
1173
566
306
570
569
55
522
616
558
567
306
826
560
578
872
46
567
306
826
562
48
522
1128
558
562
306
826
563
50
522
1384
814
568
306
826
564
563
522
616
866
306
826
565
565
522
872
869
306
826
566
576
1384
558
564
306
826
567
568
522
662
560
306
826
568
579
1174
565
306
58
560
817
522
617
814
561
306
58
561
572
873
612
306
58
562
308
522
1385
46
563
306
58
563
310
522
617
558
560
306
58
564
577
873
814
566
306
58
565
57
522
1129
302
563
306
58
567
305
522
1385
558
569
306
58
568
572
1228
306
58
569
52
522
618
46
562
306
314
560
831
874
302
568
306
314
561
567
522
1130
814
564
306
314
562
569
522
1386
302
560
306
314
564
816
522
618
558
564
306
314
565
562
522
874
606
306
314
566
819
522
1130
867
306
314
567
565
522
920
560
306
314
568
576
1432
566
306
314
569
56
522
614
46
562
562
58
561
304
522
870
558
560
562
58
562
50
522
1126
814
569
562
58
563
573
1382
871
562
58
564
831
870
302
568
562
58
565
577
1126
558
565
562
58
566
825
522
1382
302
566
562
58
568
305
522
1428
565
562
58
569
51
522
1735
562
314
560
565
522
871
302
560
562
314
561
576
1127
558
567
562
314
562
312
522
1383
46
562
562
314
564
304
522
615
302
569
562
314
565
561
522
871
814
564
562
314
566
307
522
1127
814
563
562
314
567
564
522
1173
562
562
314
569
827
1685
566
562
570
560
51
522
616
864
562
570
561
573
1128
46
567
562
570
562
54
522
1384
558
562
562
570
563
56
522
616
814
568
562
570
564
569
522
872
302
566
562
570
566
49
522
1128
814
563
562
570
567
819
522
1384
864
562
570
568
309
522
1174
560
562
570
569
55
522
617
558
569
562
826
560
578
873
46
567
562
826
562
560
522
1129
558
565
562
826
563
50
522
1385
608
562
826
564
52
522
873
46
560
562
826
565
575
1129
302
567
562
826
566
567
522
1385
814
565
562
826
567
57
522
919
561
562
826
569
826
1431
568
562
58
560
562
522
618
610
562
58
561
563
522
1130
46
560
562
58
562
821
522
1386
302
565
562
58
563
823
522
618
814
561
562
58
564
578
874
46
565
562
58
566
816
522
1130
558
560
562
58
567
571
1386
46
566
562
58
568
563
522
1233
562
58
569
564
522
619
46
564
562
314
560
310
522
875
302
569
562
314
561
567
522
1131
814
562
562
314
562
57
522
1387
46
568
562
314
564
304
522
619
558
561
562
314
565
571
875
46
563
562
314
565
310
522
1131
814
565
562
314
566
825
522
1387
302
562
562
314
567
307
522
921
560
562
314
568
576
1177
562
562
314
569
312
522
615
46
564
818
58
561
560
522
871
558
560
818
58
562
827
1127
814
568
818
58
563
563
522
1383
866
818
58
564
821
522
871
302
562
818
58
565
832
1127
302
568
818
58
566
824
522
1383
814
569
818
58
568
560
522
1429
565
818
58
568
54
522
1685
568
818
58
569
567
522
616
558
565
818
314
560
57
522
872
46
568
818
314
561
311
522
1128
558
562
818
314
563
827
1384
814
566
818
314
564
817
522
616
862
818
314
565
828
1128
46
564
818
314
566
310
522
1384
302
568
818
314
567
55
522
1174
565
818
314
568
578
918
560
818
570
560
48
522
617
558
561
818
570
561
305
522
873
814
566
818
570
562
307
522
1129
607
818
570
563
309
522
617
46
569
818
570
564
53
522
873
558
566
818
570
565
312
522
1129
46
563
818
570
567
560
522
1385
558
560
818
570
568
827
1431
568
818
570
569
819
522
1741
818
826
560
820
522
874
302
564
818
826
561
823
522
1130
814
561
818
826
562
57
522
1386
46
569
818
826
564
304
522
618
558
565
818
826
565
50
522
874
609
818
826
566
572
1386
46
560
818
826
567
831
920
568
818
826
568
311
522
1688
563
818
826
569
57
522
875
46
566
818
58
561
54
522
875
611
818
58
562
816
522
1131
814
568
818
58
563
569
522
619
46
569
818
58
565
816
522
875
558
564
818
58
566
306
522
1131
814
569
818
58
567
563
522
1387
866
818
58
568
309
522
921
569
818
58
569
822
522
620
558
565
818
314
560
824
522
876
46
562
818
314
562
48
522
1132
302
569
818
314
563
571
620
814
568
818
314
565
830
1132
302
562
818
314
566
54
522
922
560
818
314
569
311
522
616
558
561
108
562
305
522
1128
814
561
108
563
307
522
1384
302
561
108
564
309
522
872
302
561
108
565
52
522
872
814
560
108
566
307
522
1128
558
561
108
566
825
522
1384
302
564
108
567
56
522
1430
564
108
569
572
1738
364
560
53
522
873
302
564
364
561
54
522
1385
302
567
364
564
49
522
617
607
364
565
52
522
1129
46
560
364
566
574
1129
608
364
567
817
522
1385
814
564
364
568
565
522
1175
568
364
569
312
522
618
302
562
620
561
306
522
874
862
620
562
54
522
1386
814
561
620
563
579
618
814
564
620
565
564
522
874
866
620
566
827
1130
864
620
567
54
522
1432
567
620
569
304
522
1688
564
876
560
51
522
875
46
569
876
561
55
522
1131
46
565
876
563
305
522
1387
814
566
876
564
308
522
875
46
566
876
565
567
522
1131
814
567
876
567
304
522
1387
814
563
876
567
575
1433
562
876
568
569
522
620
302
560
108
560
568
522
876
302
562
108
562
561
522
1132
608
108
563
53
522
620
302
569
108
564
578
876
302
569
108
566
50
522
1132
871
108
567
55
522
666
562
108
569
49
522
1434
561
108
569
312
522
621
611
364
561
54
522
877
871
364
563
573
621
46
565
364
564
564
522
621
558
569
364
565
819
522
1133
46
563
364
566
576
1389
814
562
364
567
313
522
923
569
364
569
562
522
1488
364
560
574
873
302
562
364
561
55
522
1129
814
568
364
563
560
522
617
814
560
364
564
313
522
873
558
560
364
566
50
522
1129
614
364
567
821
522
1225
364
569
574
1687
567
620
560
565
522
874
46
563
620
562
570
1130
814
563
620
563
573
618
46
564
620
564
832
874
814
564
620
566
54
522
1386
558
568
620
567
569
522
920
567
620
569
306
522
1485
876
560
830
875
302
562
876
561
567
522
1131
814
569
876
563
560
522
1387
558
566
876
564
51
522
619
866
876
565
575
1131
558
562
876
566
824
522
1387
302
562
876
568
817
522
1227
876
569
564
522
620
302
561
1132
560
567
522
876
46
561
1132
562
304
522
1132
814
560
1132
563
51
522
1388
870
1132
564
822
522
876
558
567
1132
565
569
522
1132
302
565
1132
567
50
522
1388
610
1132
568
574
1178
561
1132
569
311
522
621
814
568
364
561
560
522
877
558
566
364
562
51
522
1133
866
364
563
575
621
558
562
364
564
568
522
877
302
560
364
566
49
522
1133
814
568
364
567
308
522
667
565
364
568
576
1691
562
364
569
569
522
622
558
560
620
561
818
522
878
612
620
562
830
1390
46
562
620
563
310
522
622
814
567
620
564
835
878
558
562
620
566
50
522
1134
612
620
567
574
668
569
620
568
55
522
1692
561
620
569
56
778
608
302
564
51
58
561
305
778
864
814
565
51
58
562
563
778
1120
868
51
58
563
821
778
608
302
567
51
58
564
833
864
814
568
51
58
566
309
778
1376
558
560
51
58
567
312
778
654
562
51
58
569
816
778
1166
565
51
314
561
52
778
1121
46
565
51
314
562
566
778
1377
558
565
51
314
563
312
778
609
46
565
51
314
565
48
778
865
558
564
51
314
566
50
778
1121
610
51
314
567
820
778
655
562
51
314
569
562
778
1473
51
570
560
564
778
866
46
561
51
570
561
310
778
1122
558
560
51
570
562
56
778
1378
46
560
51
570
564
304
778
610
558
562
51
570
565
562
778
866
609
51
570
566
52
778
1378
46
566
51
570
567
832
1424
560
51
570
568
825
778
1168
565
51
826
560
817
778
611
606
51
826
561
564
778
1123
46
565
51
826
562
832
1379
814
561
51
826
563
57
778
611
302
566
51
826
564
831
867
558
560
51
826
565
824
778
1123
46
567
51
826
567
49
778
1379
814
563
51
826
568
563
778
1481
51
826
569
54
778
612
558
564
51
58
560
311
778
868
46
569
51
58
562
305
778
1124
814
563
51
58
563
563
778
1380
869
51
58
564
1086
868
558
562
51
58
565
567
778
1124
814
566
51
58
567
49
778
1380
814
564
51
58
569
48
778
1426
564
51
314
560
828
613
864
51
314
561
817
778
1125
302
569
51
314
562
821
778
869
814
569
51
314
566
816
778
1125
558
566
51
314
567
51
778
1381
866
51
314
568
831
1427
562
51
314
569
824
778
609
302
562
307
58
561
827
1121
46
564
307
58
563
561
778
1377
558
567
307
58
564
564
778
609
814
567
307
58
565
312
778
1121
558
560
307
58
566
568
778
1377
46
568
307
58
567
311
778
655
565
307
58
569
48
778
1679
563
307
314
560
829
866
46
562
307
314
561
566
778
1122
814
561
307
314
562
569
778
1378
558
561
307
314
564
562
778
610
863
307
314
565
565
778
1122
558
562
307
314
566
824
778
1378
302
563
307
314
568
50
778
1223
307
314
569
53
778
611
558
560
307
570
560
834
867
302
564
307
570
562
50
778
1123
614
307
570
563
53
778
611
558
561
307
570
564
834
867
302
565
307
570
566
562
778
1123
614
307
570
567
309
778
1169
562
307
570
568
1090
1169
564
307
826
560
306
778
612
613
307
826
561
565
778
1124
302
567
307
826
562
56
778
1380
302
562
307
826
564
1090
868
46
560
307
826
566
562
778
1380
558
564
307
826
568
51
778
914
564
307
826
569
55
778
613
814
567
307
58
560
835
869
558
569
307
58
562
309
778
1381
558
565
307
58
563
313
778
613
558
566
307
58
565
307
778
869
867
307
58
566
567
778
1381
614
307
58
568
49
778
1224
307
58
569
563
778
614
558
564
307
314
560
568
778
870
558
563
307
314
562
817
778
1382
46
560
307
314
563
832
614
814
566
307
314
565
304
778
870
814
562
307
314
566
48
778
1382
814
563
563
826
563
835
869
558
