48
58
560
562
10
608
302
566
48
58
560
825
10
864
558
569
48
58
562
51
10
1376
558
565
48
58
564
50
10
864
46
562
48
58
565
566
10
1120
814
566
48
58
567
816
10
1376
814
560
48
58
569
560
10
1422
568
48
314
560
304
10
609
46
560
48
314
560
566
10
865
46
565
48
314
561
824
10
1121
558
560
48
314
563
307
10
1377
558
564
48
314
564
55
10
865
814
569
48
314
566
320
1377
302
562
48
314
567
52
10
911
562
48
314
568
321
1423
566
48
570
560
561
10
610
606
48
570
561
820
10
1122
302
565
48
570
562
56
10
1378
302
564
48
570
564
818
10
610
864
48
570
565
54
10
1122
558
568
48
570
566
825
10
1378
558
567
48
570
568
819
10
912
567
48
570
569
567
10
611
46
568
48
826
561
315
867
862
48
826
562
319
1379
558
568
48
826
563
825
10
611
558
566
48
826
565
51
10
1123
46
562
48
826
566
51
10
1123
558
569
48
826
567
315
657
561
48
58
560
320
868
814
566
48
58
562
560
10
1124
558
568
48
58
563
60
612
302
566
48
58
565
817
10
868
862
48
58
566
309
10
1124
612
48
58
567
50
10
1380
46
565
48
58
567
66
914
565
48
58
569
306
10
1483
48
314
560
63
869
558
566
48
314
561
569
10
1125
558
566
48
314
563
51
10
613
46
564
48
314
564
819
10
613
814
562
48
314
564
67
869
46
560
48
314
565
54
10
1125
46
568
48
314
566
567
10
1381
46
565
48
314
568
49
10
1224
48
314
569
309
10
609
558
565
304
58
560
313
10
865
558
565
304
58
562
314
1121
814
564
304
58
562
821
10
1377
46
563
304
58
563
823
10
609
46
561
304
58
565
314
865
814
567
304
58
566
308
10
1377
302
562
304
58
567
65
655
563
304
58
569
49
10
911
560
304
314
560
564
10
866
46
568
304
314
561
822
10
1122
814
569
304
314
562
569
10
1378
814
560
304
314
564
61
866
46
566
304
314
565
567
10
1122
46
565
304
314
567
305
10
1378
610
304
314
568
53
10
1424
562
304
314
569
569
10
611
302
568
304
570
561
306
10
867
865
304
570
562
54
10
1379
558
566
304
570
563
825
10
611
558
560
304
570
565
60
867
867
304
570
566
566
10
1379
558
568
304
570
567
313
10
1169
562
304
570
569
817
10
1734
304
826
560
566
10
868
558
568
304
826
561
313
10
1124
558
561
304
826
563
60
1380
865
304
826
564
54
10
868
558
567
304
826
565
825
10
1124
558
560
304
826
567
60
1380
866
304
826
568
310
10
1426
569
304
826
569
825
10
613
558
564
304
58
561
819
10
1125
46
561
304
58
562
55
10
1381
46
560
304
58
564
58
613
814
568
304
58
565
820
10
1125
302
567
304
58
566
568
10
1381
302
565
304
58
568
50
10
1479
304
58
569
54
10
614
814
563
304
314
561
48
10
870
814
564
304
314
562
52
10
1382
302
563
304
314
563
312
10
614
46
568
304
314
565
817
10
870
814
568
304
314
566
564
10
1382
46
567
304
314
567
567
10
1428
567
304
314
569
48
10
1684
560
560
58
560
563
10
866
46
562
560
58
561
320
1122
814
566
560
58
563
560
10
1378
558
569
560
58
564
563
10
866
46
564
560
58
565
311
10
1122
814
568
560
58
567
48
10
1378
814
561
560
58
568
819
10
912
564
560
58
569
55
10
611
814
567
560
314
561
48
10
867
814
561
560
314
562
819
10
1379
46
565
560
314
563
55
10
611
46
562
560
314
565
49
10
867
814
569
560
314
566
318
1379
302
568
560
314
567
312
10
913
563
560
314
569
562
10
1482
560
570
560
565
10
868
558
561
560
570
561
308
10
1124
302
561
560
570
562
56
10
1380
302
569
560
570
564
62
868
814
567
560
570
566
308
10
1124
558
567
560
570
568
305
10
1170
568
560
826
560
562
10
613
612
560
826
561
562
10
869
46
567
560
826
562
305
10
869
862
560
826
567
567
10
659
569
560
826
568
565
10
915
567
560
58
560
817
10
614
612
560
58
562
56
10
614
558
561
560
58
565
62
1126
46
564
560
58
567
51
10
1382
865
560
58
568
562
10
916
568
560
58
568
57
10
1428
569
560
58
569
319
615
46
563
560
314
560
312
10
871
558
562
560
314
561
565
10
871
864
560
314
562
306
10
1127
558
565
560
314
563
56
10
615
558
567
560
314
565
48
10
871
46
564
560
314
565
312
10
1127
814
564
560
314
567
308
10
661
566
560
314
568
311
10
1685
568
816
58
560
48
10
611
814
560
816
58
561
61
1123
46
566
816
58
562
55
10
1379
558
566
816
58
564
816
10
611
814
564
816
58
565
52
10
1123
46
568
816
58
566
55
10
1379
814
560
816
58
568
304
10
1425
561
816
58
569
61
612
46
566
816
314
560
823
10
868
46
560
816
314
562
314
1124
814
568
816
314
563
820
10
612
302
568
816
314
564
66
868
302
569
816
314
566
307
10
1380
46
564
816
314
567
65
658
569
816
314
569
562
10
1734
816
570
560
566
10
869
814
567
816
570
562
58
1125
814
568
816
570
563
53
10
613
558
561
816
570
564
825
10
869
558
566
816
570
566
61
1381
302
560
816
570
567
568
10
915
564
816
570
569
60
614
46
560
816
826
560
567
10
870
46
566
816
826
562
50
10
1126
863
816
826
563
566
10
614
814
565
816
826
565
314
870
608
816
826
566
53
10
1382
558
566
816
826
567
323
1428
560
816
826
569
52
10
615
302
560
816
58
560
568
10
871
302
563
816
58
562
50
10
1127
866
816
58
563
54
10
615
814
564
816
58
565
816
10
871
814
561
816
58
566
52
10
1383
46
569
816
58
567
65
661
568
816
58
569
561
10
1484
816
314
560
63
872
558
568
816
314
561
67
1128
558
568
816
314
563
61
616
46
567
816
314
564
823
10
872
46
568
816
314
566
59
1128
614
816
314
567
63
1174
567
816
314
568
67
1430
568
48
58
560
61
868
46
568
48
58
561
312
10
1124
302
562
48
58
563
562
10
1380
864
48
58
564
566
10
868
814
561
48
58
566
48
10
1124
558
569
48
58
567
61
658
568
48
58
568
567
10
914
563
48
314
560
305
10
613
814
568
48
314
561
564
10
1125
302
564
48
314
562
56
10
1381
46
569
48
314
564
315
613
862
48
314
565
319
1125
558
569
48
314
566
67
1381
558
566
48
314
568
819
10
915
560
48
314
569
566
10
614
814
562
48
570
560
323
870
558
566
48
570
562
819
10
1382
46
561
48
570
563
64
614
814
566
48
570
565
48
10
870
814
563
48
570
566
308
10
1382
302
560
48
570
567
312
10
916
562
48
570
569
562
10
1734
48
826
560
566
10
871
814
561
48
826
562
304
10
1127
814
561
48
826
563
52
10
615
46
568
48
826
564
567
10
871
46
564
48
826
566
305
10
1127
814
568
48
826
567
52
10
917
561
48
826
568
65
917
565
48
58
560
561
10
616
814
569
48
58
561
564
10
1128
302
563
48
58
562
321
1384
46
566
48
58
564
561
10
616
814
568
48
58
565
52
10
1128
302
560
48
58
566
311
10
1384
46
560
48
58
568
560
10
1430
561
48
58
569
307
10
617
46
560
48
314
560
310
10
873
558
569
48
314
561
825
10
1129
302
567
48
314
563
306
10
1385
610
48
314
564
62
873
302
562
48
314
565
311
10
1129
814
569
48
314
567
560
10
1385
558
565
48
314
568
60
1479
48
314
569
821
10
613
302
565
304
58
560
823
10
869
46
560
304
58
562
560
10
1125
558
564
304
58
563
818
10
1381
615
304
58
564
309
10
869
302
565
304
58
565
321
1125
46
563
304
58
567
816
10
1381
814
562
304
58
568
563
10
915
561
304
58
569
566
10
614
814
560
304
314
560
57
10
870
302
568
304
314
562
818
10
1126
613
304
314
563
309
10
614
302
564
304
314
564
65
870
46
562
304
314
566
560
10
1126
814
560
304
314
567
51
10
1382
870
304
314
568
566
10
1428
566
304
314
569
568
10
615
302
564
304
570
561
59
871
609
304
570
562
820
10
1383
302
562
304
570
563
567
10
615
302
563
304
570
564
52
10
871
46
565
304
570
565
64
1127
814
562
304
570
566
569
10
1383
558
560
304
570
568
306
10
1477
304
570
569
309
10
616
558
560
304
826
560
568
10
872
302
562
304
826
562
59
1128
609
304
826
563
62
616
302
563
304
826
564
65
872
46
562
304
826
566
560
10
1128
814
560
304
826
567
51
10
1384
870
304
826
568
566
10
1430
565
304
826
569
66
617
302
560
304
58
561
305
10
873
608
304
58
562
62
1385
302
565
304
58
563
820
10
1385
607
304
58
564
820
10
873
302
563
304
58
565
823
10
1129
46
562
304
58
567
560
10
1385
814
560
304
58
568
51
10
1486
304
58
569
54
10
618
558
565
304
314
560
569
10
874
302
568
304
314
562
562
10
1130
865
304
314
563
310
10
618
558
568
304
314
564
569
10
874
558
564
304
314
566
307
10
1130
871
304
314
567
822
10
1432
564
304
314
569
48
10
1432
568
560
58
560
51
10
614
871
560
58
561
563
10
870
302
566
560
58
562
51
10
1126
867
560
58
563
54
10
614
558
562
560
58
564
57
10
870
302
564
560
58
566
50
10
1126
558
568
560
58
567
305
10
1382
46
567
560
58
568
561
10
1428
566
560
58
569
52
10
615
46
564
560
314
560
822
10
871
814
560
560
314
561
825
10
1127
302
567
560
314
563
50
10
1383
610
560
314
564
62
871
302
562
560
314
565
567
10
1127
46
560
560
314
567
48
10
1429
563
560
314
568
56
10
1429
563
560
570
560
818
10
616
863
560
570
561
564
10
1128
302
568
560
570
562
568
10
1384
46
566
560
570
563
55
10
616
814
564
560
570
565
61
872
610
560
570
566
54
10
1384
558
567
560
570
567
313
10
1430
560
560
570
569
817
10
1478
560
826
560
316
873
46
566
560
826
561
320
1129
814
562
560
826
562
312
10
1385
814
562
560
826
563
568
10
617
558
563
560
826
564
65
1129
302
569
560
826
566
56
10
1385
302
560
560
826
567
65
1431
568
560
826
569
316
618
46
567
560
58
560
567
10
874
814
568
560
58
562
48
10
1130
558
569
560
58
563
51
10
618
46
560
560
58
564
310
10
874
558
564
560
58
565
313
10
1130
814
564
560
58
567
305
10
1386
613
560
58
568
305
10
920
562
560
58
569
561
10
1688
569
560
314
560
820
10
875
46
567
560
314
561
311
10
1131
814
565
560
314
562
67
1387
558
562
560
314
564
306
10
619
614
560
314
565
568
10
1131
814
568
560
314
567
308
10
665
565
560
314
568
64
1689
561
560
314
569
57
10
615
558
564
816
58
560
825
10
871
814
562
816
58
562
62
1383
302
561
816
58
563
55
10
615
46
563
816
58
564
563
10
615
871
816
58
565
310
10
871
613
816
58
566
50
10
1127
611
816
58
567
820
10
1383
814
564
816
58
568
320
1685
560
816
58
569
312
10
616
302
567
816
314
561
305
10
872
814
566
816
314
562
61
1384
46
560
816
314
563
822
10
616
558
566
816
314
564
322
872
302
562
816
314
566
561
10
1128
607
816
314
568
49
10
1430
563
816
314
569
819
10
617
46
561
816
570
560
566
10
873
814
560
816
570
561
313
10
1129
558
560
816
570
563
306
10
1385
606
816
570
564
309
10
873
302
563
816
570
566
561
10
1129
46
565
816
570
567
53
10
663
569
816
570
568
323
1431
562
816
826
560
818
10
618
814
565
816
826
562
58
1130
868
816
826
563
51
10
1386
864
816
826
564
821
10
874
302
564
816
826
565
311
10
1130
302
568
816
826
567
63
920
567
816
826
568
312
10
920
560
816
58
560
816
10
619
558
564
816
58
561
562
10
875
613
816
58
562
318
1131
869
816
58
563
311
10
619
814
563
816
58
564
568
10
875
302
567
816
58
566
50
10
1131
608
816
58
567
560
10
665
569
816
58
568
52
10
1433
561
816
58
569
51
10
1744
816
314
560
310
10
876
558
564
816
314
561
824
10
1132
302
569
816
314
562
309
10
1388
302
566
816
314
563
317
1388
606
816
314
564
52
10
620
814
563
816
314
565
58
876
814
564
816
314
566
61
1388
46
562
816
314
567
822
10
1434
562
816
314
568
569
10
1434
561
106
560
306
10
616
614
106
561
565
10
1128
302
565
106
562
65
1384
46
561
106
564
304
10
616
558
569
106
565
563
10
872
868
106
566
54
10
1384
558
564
106
567
824
10
918
561
106
569
561
10
1480
362
560
318
873
302
566
362
561
568
10
1129
302
560
362
563
561
10
1385
608
362
564
62
873
302
562
362
565
823
10
1129
46
562
362
567
560
10
1385
814
560
362
568
307
10
919
560
362
569
54
10
618
302
566
618
560
56
10
874
302
560
618
561
568
10
1130
558
561
618
562
56
10
1386
46
568
618
564
561
10
618
814
566
618
565
52
10
1130
46
564
618
566
320
1386
814
564
618
568
48
10
1176
565
618
569
51
10
1739
874
560
821
10
875
558
561
874
561
312
10
1131
302
560
874
563
305
10
1387
607
874
564
564
10
875
302
563
874
565
321
1131
46
566
874
567
561
10
1387
814
568
874
568
564
10
1177
562
874
569
321
620
814
566
106
561
49
10
876
606
106
562
321
1388
558
566
106
564
560
10
620
814
564
106
565
561
10
876
814
567
106
566
305
10
1388
302
563
106
567
312
10
666
560
106
568
62
1178
568
106
569
66
621
302
566
362
561
306
10
877
865
362
562
54
10
1389
558
566
362
563
569
10
621
302
568
362
565
50
10
877
814
569
362
566
564
10
1389
302
568
362
567
564
10
1389
608
362
568
564
10
1179
560
362
569
55
10
617
814
569
362
561
816
10
873
558
566
362
561
824
10
1129
814
560
362
562
57
10
1385
46
568
362
563
569
10
617
558
561
362
564
565
10
873
814
566
362
565
56
10
1129
302
560
362
566
310
10
1385
558
565
362
567
322
919
562
362
569
561
10
919
564
618
560
820
10
874
46
566
618
562
825
10
1386
558
563
618
563
565
10
1386
869
618
564
66
874
46
568
618
565
567
10
1130
606
618
567
817
10
1386
46
565
618
567
567
10
664
569
618
568
311
10
920
562
618
569
55
10
619
302
564
874
560
53
10
619
814
563
874
561
56
10
1131
46
569
874
562
567
10
1387
302
569
874
564
58
619
814
563
874
565
317
1131
46
565
874
566
55
10
1387
814
566
874
568
816
10
665
567
874
568
55
10
921
561
874
569
563
10
620
46
563
1130
560
55
10
876
814
566
1130
561
321
1132
558
568
1130
564
48
10
620
558
563
1130
565
560
10
876
866
1130
566
563
10
1132
302
569
1130
567
818
10
1388
612
1130
568
53
10
922
568
1130
569
567
10
621
814
569
362
560
55
10
877
46
562
362
561
310
10
1133
46
564
362
562
60
1133
302
562
362
562
823
10
1389
814
563
362
563
568
10
621
302
567
362
564
61
621
814
569
362
565
305
10
877
558
568
362
566
304
10
1133
302
569
362
567
49
10
1389
865
362
568
308
10
1231
362
569
59
1484
618
560
52
10
878
46
567
618
561
821
10
1134
814
562
618
562
57
10
1390
46
560
618
564
50
10
878
302
563
618
566
58
1134
814
562
618
567
64
1390
863
618
568
821
10
1436
564
618
569
53
10
1491
49
58
560
307
266
608
814
560
49
58
561
49
266
864
814
566
49
58
562
816
266
1120
46
560
49
58
563
816
266
1376
302
566
49
58
563
569
266
608
558
568
49
58
564
56
266
864
814
561
49
58
565
821
266
1120
814
569
49
58
566
579
1376
46
562
49
58
568
304
266
654
562
49
58
568
320
609
814
560
49
314
560
53
266
865
302
566
49
314
561
320
1121
814
568
49
314
562
579
1377
558
561
49
314
564
560
266
609
609
49
314
565
52
266
1121
46
565
49
314
566
822
266
1377
558
568
49
314
567
578
911
561
49
314
569
561
266
1679
564
49
570
560
307
266
610
868
49
570
561
821
266
1122
302
568
49
570
562
321
1378
302
566
49
570
563
321
610
302
569
49
570
565
571
866
606
49
570
566
818
266
1378
46
561
49
570
567
566
266
912
566
49
570
568
56
266
912
566
49
826
560
560
266
611
558
565
49
826
561
322
1123
46
565
49
826
562
56
266
1379
558
567
49
826
564
562
266
611
558
563
49
826
565
308
266
867
814
567
49
826
566
48
266
1379
558
560
49
826
567
52
266
1379
814
569
49
826
568
304
266
1425
562
49
826
568
57
266
1681
563
49
58
560
822
266
868
558
561
49
58
561
55
266
1124
869
49
58
563
53
266
612
302
562
49
58
564
576
868
558
566
49
58
565
56
266
1124
814
560
49
58
566
567
266
1380
302
563
49
58
568
817
266
1426
566
49
58
569
307
266
1734
49
314
560
819
266
613
814
568
49
314
561
305
266
869
814
560
49
314
562
316
1125
613
49
314
563
564
266
1381
814
568
49
314
564
560
266
613
558
565
49
314
564
54
266
869
558
564
49
314
565
568
266
1125
46
562
49
314
567
304
266
1381
558
560
49
314
568
50
266
1427
568
49
314
569
816
266
1475
305
58
560
573
865
302
564
305
58
561
308
266
1121
814
562
305
58
562
313
266
1377
814
568
305
58
564
314
609
814
568
305
58
564
822
266
865
558
565
305
58
565
824
266
1121
814
561
305
58
566
579
1377
558
567
305
58
567
821
266
911
564
305
58
568
567
266
1167
566
305
58
569
322
610
302
564
305
314
560
564
266
610
615
305
314
561
566
266
1122
558
560
305
314
562
321
1378
814
567
305
314
563
822
266
1378
868
305
314
564
53
266
866
302
564
305
314
565
54
266
1122
814
562
305
314
566
569
266
1378
302
561
305
314
568
305
266
1424
560
305
314
569
572
1479
305
570
560
564
266
867
46
564
305
570
561
310
266
1123
302
562
305
570
563
563
266
1379
558
566
305
570
563
322
611
814
566
305
570
564
823
266
867
610
305
570
566
566
266
1379
302
569
305
570
567
564
266
913
566
305
570
569
564
266
1734
305
826
560
564
266
868
46
564
305
826
561
563
266
1124
302
564
305
826
562
53
266
1380
814
568
305
826
564
562
266
868
814
561
305
826
567
49
266
1380
558
566
305
826
567
568
266
1218
305
826
569
304
266
1682
566
305
826
569
822
266
1734
305
58
560
818
266
613
302
561
305
58
560
567
266
869
46
569
305
58
561
822
266
1125
558
565
305
58
562
824
266
1381
866
305
58
564
309
266
869
814
562
305
58
566
562
266
1381
871
305
58
568
563
266
915
561
305
58
569
312
266
614
302
568
305
314
560
323
870
302
566
305
314
562
560
266
1382
302
560
305
314
563
824
266
614
46
567
305
314
564
573
614
866
305
314
565
54
266
870
870
305
314
567
819
266
1382
606
305
314
568
818
266
1428
560
305
314
568
569
266
1172
567
305
314
569
54
266
1476
561
58
560
318
866
302
568
561
58
561
320
1122
814
569
561
58
562
569
266
1378
46
560
561
58
565
561
266
1122
302
564
561
58
566
55
266
1378
814
562
561
58
567
569
266
1168
562
561
58
568
564
266
912
562
561
58
569
57
266
611
814
562
561
314
561
307
266
867
862
561
314
562
53
266
1379
46
569
561
314
563
576
611
558
568
561
314
564
310
266
611
613
561
314
565
564
266
1123
46
565
561
314
566
54
266
1379
558
563
561
314
567
568
266
1425
569
561
314
569
304
266
1681
561
561
314
569
54
266
612
558
560
561
570
560
56
266
868
558
568
561
570
561
579
1124
302
568
561
570
562
56
266
1380
814
567
561
570
563
569
266
612
814
566
561
570
564
57
266
868
302
564
561
570
566
561
266
1124
814
561
561
570
567
50
266
1380
302
569
561
570
568
562
266
914
564
561
826
560
562
266
613
814
568
561
826
561
561
266
869
869
561
826
562
562
266
1125
302
566
561
826
563
817
266
1381
302
568
561
826
564
49
266
613
615
561
826
565
820
266
869
558
565
561
826
565
578
1125
558
564
561
826
567
50
266
1381
606
561
826
568
317
1427
567
561
826
568
569
266
1171
569
561
826
569
821
266
614
302
563
561
58
560
566
266
870
814
560
561
58
561
322
1126
558
560
561
58
562
820
266
1126
614
561
58
563
562
266
1382
558
565
561
58
564
50
266
614
814
565
561
58
565
307
266
870
615
561
58
566
319
1382
302
560
561
58
567
55
266
1428
563
561
58
568
313
266
916
567
561
58
569
312
266
615
46
568
561
314
560
566
266
871
558
564
561
314
561
56
266
1127
558
561
561
314
562
564
266
1127
814
566
561
314
563
560
266
1383
558
561
561
314
564
50
266
615
46
561
561
314
564
577
871
814
569
561
314
565
312
266
1127
302
568
561
314
567
49
266
1383
814
568
561
314
568
573
1486
561
314
569
818
266
1173
568
817
58
560
315
611
814
567
817
58
560
823
266
867
302
567
817
58
561
313
266
1123
302
564
817
58
563
561
266
1379
814
561
817
58
564
51
266
611
614
817
58
565
318
1123
46
566
817
58
566
53
266
1123
868
817
58
567
818
266
1379
302
568
817
58
568
51
266
1221
817
58
569
307
266
1169
568
817
314
560
315
612
814
561
817
314
561
561
266
868
558
560
817
314
561
569
266
1124
302
565
817
314
563
48
266
1380
814
565
817
314
564
51
266
612
865
817
314
565
819
266
868
870
817
314
566
567
266
1380
814
561
817
314
567
56
266
658
560
817
314
569
314
1426
566
817
570
560
306
266
613
558
564
817
570
560
824
266
869
46
564
817
570
562
48
266
1125
46
564
817
570
563
817
266
1381
814
565
817
570
564
51
266
613
864
817
570
565
561
266
869
302
561
817
570
566
570
1125
46
562
817
570
566
822
266
1125
862
817
570
567
56
266
659
562
817
570
568
568
266
1171
569
817
570
569
56
266
614
302
568
817
826
560
311
266
870
558
566
817
826
561
575
870
864
817
826
562
309
266
1382
302
560
817
826
563
308
266
1382
558
568
817
826
564
818
266
614
814
566
817
826
565
306
266
1126
46
564
817
826
566
54
266
1382
46
567
817
826
567
56
266
660
564
817
826
569
48
266
1428
564
817
58
560
560
266
615
558
564
817
58
560
568
266
871
558
564
817
58
561
52
266
1127
46
564
817
58
562
54
266
1383
46
567
817
58
563
821
266
1383
606
817
58
564
308
266
871
46
560
817
58
565
52
266
871
864
817
58
566
817
266
1127
302
560
817
58
566
567
266
1383
46
569
817
58
567
51
266
1383
865
817
58
568
52
266
917
562
817
58
569
576
616
558
561
817
314
560
568
266
872
46
564
817
314
562
560
266
1128
558
560
817
314
563
315
1384
814
566
817
314
564
51
266
616
814
568
817
314
565
53
266
1128
46
567
817
314
566
566
266
1384
558
564
817
314
567
568
266
1174
566
817
314
568
824
266
1174
568
49
58
560
561
266
612
814
564
49
58
561
50
266
868
862
49
58
563
560
266
1380
558
564
49
58
564
818
266
612
607
49
58
565
52
266
868
871
49
58
566
821
266
1380
302
565
49
58
567
823
266
1426
561
49
58
568
322
914
567
49
314
560
560
266
613
558
563
49
314
561
562
266
869
606
49
314
562
573
1125
869
49
314
563
565
266
613
302
564
49
314
564
823
266
869
814
562
49
314
565
313
266
1125
302
560
49
314
567
314
1381
558
568
49
314
568
818
266
1225
49
314
569
52
266
614
46
563
49
570
560
562
266
614
558
561
49
570
560
57
266
870
558
560
49
570
561
823
266
1126
814
566
49
570
562
57
266
1382
302
563
49
570
564
305
266
614
46
568
49
570
564
576
870
558
567
49
570
565
568
266
1126
46
564
49
570
567
560
266
1382
558
560
49
570
568
315
1428
566
49
570
569
562
266
1734
49
826
560
53
266
871
46
568
49
826
561
317
1127
302
568
49
826
562
321
1383
302
563
49
826
563
322
615
46
560
49
826
564
567
266
871
302
563
49
826
565
566
266
1127
302
568
49
826
566
309
266
1127
611
49
826
567
564
266
1383
870
49
826
568
50
266
917
562
49
826
568
311
266
1485
49
58
560
50
266
616
558
561
49
58
561
816
266
872
865
49
58
562
574
1384
46
562
49
58
563
310
266
616
302
568
49
58
564
320
616
869
49
58
565
51
266
872
814
566
49
58
566
52
266
1128
814
569
49
58
567
304
266
1384
302
568
49
58
568
55
266
1686
561
49
58
569
568
266
873
46
565
49
314
561
564
266
873
558
563
49
314
561
57
266
1129
558
561
49
314
562
321
1385
814
566
49
314
563
565
266
617
302
561
49
314
565
314
873
558
569
49
314
565
310
266
1129
46
563
49
314
566
562
266
1129
302
560
49
314
567
562
266
1385
864
49
314
568
318
1481
49
314
569
821
266
1481
305
58
560
817
266
613
814
561
305
58
561
560
266
869
558
569
305
58
561
55
266
1125
46
560
305
58
563
309
266
1381
868
305
58
564
819
266
613
302
568
305
58
565
561
266
869
814
561
305
58
566
562
266
1125
607
305
58
567
563
266
1381
302
568
305
58
567
313
266
659
562
305
58
568
579
915
561
305
314
560
570
614
558
564
305
314
560
569
266
870
302
568
305
314
561
823
266
1126
558
567
305
314
562
311
266
1382
46
562
305
314
563
55
266
614
46
560
305
314
564
319
870
302
566
305
314
565
566
266
1126
814
562
305
314
566
53
266
1126
612
305
314
567
574
660
567
305
314
568
54
266
1172
561
305
314
569
577
615
814
566
305
570
560
569
266
871
302
560
305
570
562
816
266
1127
558
564
305
570
563
306
266
1383
814
568
305
570
564
307
266
615
864
305
570
565
574
1127
46
567
305
570
566
310
266
1383
558
563
305
570
567
568
266
661
561
305
570
568
568
266
1173
568
305
826
560
561
266
616
814
564
305
826
561
307
266
872
615
305
826
562
564
266
1384
46
564
305
826
563
54
266
616
46
565
305
826
564
55
266
872
814
561
305
826
565
824
266
1128
46
563
305
826
566
579
1384
302
566
305
826
568
570
1174
562
305
826
569
306
266
1480
305
58
560
317
617
867
305
58
561
565
266
1129
46
568
305
58
562
307
266
1129
558
564
305
58
563
50
266
1385
814
567
305
58
564
51
266
617
862
305
58
565
820
266
1129
46
564
305
58
566
54
266
1385
302
567
305
58
567
55
266
1431
560
305
58
568
568
266
919
564
305
314
560
304
266
618
302
568
305
314
561
305
266
874
814
562
305
314
562
316
1130
611
305
314
563
52
266
1386
608
305
314
564
53
266
874
302
560
305
314
565
566
266
1130
558
562
305
314
566
321
1386
558
560
305
314
567
822
266
1386
862
305
314
568
49
266
664
566
305
314
569
560
266
1176
568
561
58
560
49
266
614
558
569
561
58
561
312
266
1126
814
566
561
58
562
569
266
1382
46
568
561
58
564
816
266
614
302
569
561
58
565
49
266
870
814
561
561
58
566
818
266
1126
610
561
58
567
308
266
1382
870
561
58
568
818
266
916
565
561
58
569
561
266
1428
569
561
314
560
562
266
615
610
561
314
561
564
266
1127
46
560
561
314
562
821
266
1383
302
565
561
314
563
823
266
615
814
561
561
314
564
578
871
46
567
561
314
566
304
266
1127
558
562
561
314
567
50
266
1383
814
568
561
314
568
563
266
1481
561
314
569
821
266
616
302
561
561
570
560
55
266
872
558
568
561
570
561
568
266
1128
46
564
561
570
563
560
266
1384
558
560
561
570
564
315
616
814
566
561
570
565
819
266
872
863
561
570
566
318
1384
46
566
561
570
567
822
266
1174
561
561
570
568
321
1686
566
561
570
569
825
266
617
302
560
561
826
561
816
266
873
558
564
561
826
562
306
266
1129
814
568
561
826
563
307
266
1385
863
561
826
564
318
873
46
565
561
826
565
310
266
1129
302
568
561
826
566
55
266
1385
814
561
561
826
567
322
663
566
561
826
569
816
266
1431
560
561
58
560
571
618
814
567
561
58
561
307
266
874
866
561
58
562
821
266
1386
302
561
561
58
563
55
266
618
558
569
561
58
564
322
874
46
567
561
58
566
560
266
1130
558
565
561
58
567
50
266
1386
609
561
58
568
564
266
920
560
561
58
569
575
619
302
567
561
314
560
311
266
875
814
563
561
314
561
569
266
1131
302
560
561
314
563
314
1387
558
566
561
314
564
50
266
619
608
561
314
565
52
266
875
869
561
314
566
565
266
1387
302
564
561
314
567
823
266
1433
562
561
314
568
569
266
1177
560
817
58
560
570
615
558
567
817
58
561
50
266
871
608
817
58
562
573
1127
869
817
58
563
53
266
615
302
560
817
58
564
822
266
871
558
563
817
58
565
56
266
1127
814
566
817
58
566
569
266
1383
46
569
817
58
568
304
266
1173
560
817
58
569
561
266
1685
562
817
314
560
316
616
610
817
314
561
52
266
872
868
817
314
562
821
266
1384
46
569
817
314
563
566
266
616
558
563
817
314
564
312
266
872
814
568
817
314
565
313
266
1128
302
564
817
314
567
561
266
1384
814
560
817
314
568
572
1229
817
314
569
564
266
617
46
565
817
570
560
54
266
873
558
563
817
570
561
568
266
1129
46
563
817
570
563
560
266
1385
558
562
817
570
564
562
266
617
607
817
570
565
308
266
1129
46
561
817
570
566
310
266
1385
558
560
817
570
567
56
266
1431
569
817
570
568
579
1175
568
817
826
560
315
618
814
568
817
826
561
317
874
869
817
826
562
821
266
1386
302
566
817
826
563
567
266
618
814
564
817
826
564
57
266
874
302
563
817
826
566
561
266
1130
814
561
817
826
567
51
266
1386
862
817
826
568
53
266
920
569
817
826
569
320
619
558
568
817
58
560
568
266
875
46
566
817
58
562
48
266
1131
558
563
817
58
563
562
266
1387
606
817
58
564
317
619
869
817
58
565
309
266
1131
302
563
817
58
566
55
266
1387
558
568
817
58
567
319
1387
611
817
58
568
820
266
921
560
817
58
569
821
266
620
302
564
817
314
560
567
266
876
558
569
817
314
561
824
266
1132
46
565
817
314
563
560
266
1388
558
561
817
314
564
571
620
814
568
817
314
565
563
266
876
866
817
314
566
821
266
1388
302
561
817
314
567
55
266
1178
568
817
314
568
568
266
922
565
107
560
48
266
616
558
562
107
561
50
266
872
814
568
107
562
819
266
1128
868
107
563
53
266
616
302
562
107
564
311
266
872
558
569
107
565
322
1128
46
567
107
567
560
266
1384
558
564
107
568
562
266
1223
107
569
52
266
1742
363
560
821
266
873
302
566
363
561
55
266
1129
814
563
363
562
313
266
1385
46
569
363
564
816
266
617
558
566
363
565
50
266
873
607
363
566
52
266
1129
870
363
567
565
266
1385
867
363
568
55
266
1431
568
363
569
825
266
618
558
568
619
561
561
266
874
814
566
619
562
819
266
1130
869
619
563
319
618
302
568
619
564
823
266
874
814
566
619
565
54
266
874
869
619
566
821
266
1386
302
561
619
567
576
1432
568
619
569
819
266
1688
567
875
560
820
266
619
614
875
561
318
875
867
875
562
575
1387
302
561
875
563
565
266
1387
614
875
564
50
266
619
814
564
875
565
48
266
875
558
568
875
565
565
266
1131
302
560
875
566
566
266
1387
558
560
875
567
55
266
1177
569
875
568
56
266
1689
569
875
569
57
266
620
46
568
107
561
560
266
876
302
567
107
562
561
266
1132
558
566
107
563
562
266
1388
814
567
107
564
563
266
620
614
107
565
52
266
1132
46
561
107
566
319
1388
302
564
107
567
311
266
1178
568
107
568
312
266
922
562
107
569
579
621
302
566
363
561
49
266
877
814
561
363
562
316
1133
612
363
563
820
266
621
46
560
363
564
821
266
877
302
565
363
565
823
266
1133
814
560
363
566
322
1389
814
568
363
568
560
266
1179
560
363
569
817
266
1691
564
363
560
563
266
617
615
363
562
816
266
1129
558
560
363
563
817
266
1385
814
563
363
564
572
617
612
363
565
308
266
873
869
363
566
821
266
1385
46
569
363
567
317
1385
558
565
363
568
50
266
1431
566
363
569
563
266
1487
619
560
313
266
874
46
569
619
562
561
266
1130
558
568
619
562
825
266
1386
558
564
619
563
56
266
618
814
566
619
564
569
266
874
46
568
619
566
48
266
1130
558
560
619
567
561
266
1386
814
562
619
568
316
1228
619
569
819
266
1743
875
560
53
266
619
814
564
875
561
305
266
875
558
568
875
562
306
266
1131
609
875
563
308
266
1387
870
875
564
565
266
875
302
564
875
565
567
266
1131
814
560
875
566
322
1387
46
566
875
568
48
266
1177
562
875
569
306
266
1689
568
1131
560
563
266
620
866
1131
561
565
266
1132
46
569
1131
562
822
266
1388
558
566
1131
563
56
266
620
46
562
1131
565
48
266
876
302
569
1131
566
315
1132
814
567
1131
567
563
266
1388
866
1131
568
821
266
1178
562
1131
569
55
266
621
558
569
363
560
824
266
877
46
566
363
562
816
266
1133
558
561
363
563
315
1389
814
565
363
564
563
266
621
615
363
565
564
266
1133
46
563
363
566
575
1389
302
566
363
567
823
266
1435
560
363
568
568
266
923
563
363
569
579
622
302
566
619
561
561
266
878
558
568
619
562
50
266
1134
606
619
563
819
266
1390
865
619
564
53
266
878
46
566
619
565
822
266
1134
558
560
619
566
823
266
1390
814
564
619
567
57
266
668
568
619
569
304
266
1436
562
50
58
560
827
608
814
566
50
58
561
819
522
864
862
50
58
562
820
522
1376
46
564
50
58
563
566
522
608
302
569
50
58
564
823
522
864
814
565
50
58
565
569
522
1120
302
560
50
58
567
816
522
1376
558
565
50
58
568
818
522
1214
50
58
569
573
1731
50
314
560
821
522
865
302
560
50
314
561
576
1121
558
565
50
314
562
824
522
1377
46
560
50
314
563
569
522
609
302
564
50
314
565
305
522
865
558
568
50
314
566
306
522
1121
607
50
314
567
573
1377
867
50
314
568
565
522
911
568
50
314
569
310
522
610
558
562
50
570
560
577
866
814
565
50
570
561
569
522
1122
46
569
50
570
563
560
522
1378
558
562
50
570
564
306
522
610
606
50
570
565
573
866
868
50
570
566
309
522
1378
302
564
50
570
567
55
522
1424
562
50
570
568
313
522
1168
560
50
826
560
826
611
558
567
50
826
561
562
522
867
611
50
826
562
52
522
1379
46
563
50
826
563
566
522
611
558
563
50
826
564
568
522
867
46
562
50
826
566
816
522
1123
558
564
50
826
567
50
522
1379
613
50
826
568
564
522
913
569
50
826
569
567
522
612
814
564
50
58
560
57
522
868
302
565
50
58
562
817
522
1124
814
567
50
58
563
819
522
1380
869
50
58
564
565
522
868
302
565
50
58
565
55
522
1124
814
562
50
58
566
57
522
1380
46
568
50
58
568
560
522
1170
564
50
58
569
306
522
1682
568
50
314
560
563
522
613
865
50
314
561
309
522
1125
46
568
50
314
562
310
522
1381
558
561
50
314
563
577
613
814
565
50
314
564
569
522
869
46
569
50
314
566
560
522
1125
558
563
50
314
567
50
522
1381
814
566
50
314
568
51
522
1475
50
314
569
574
609
46
564
306
58
560
310
522
865
302
567
306
58
561
55
522
1121
814
560
306
58
562
568
522
1377
46
563
306
58
563
835
609
302
565
306
58
565
305
522
865
558
567
306
58
566
818
522
1121
814
569
306
58
567
563
522
1377
864
306
58
568
830
911
566
306
58
569
54
522
610
558
561
306
314
560
577
866
814
566
306
314
561
57
522
1122
302
562
306
314
563
826
1378
558
567
306
314
564
306
522
610
608
306
314
565
308
522
866
871
306
314
566
565
522
1378
302
564
306
314
567
823
522
1424
562
306
314
568
569
522
1168
561
306
570
560
49
522
611
558
569
306
570
561
572
867
613
306
570
562
564
522
1379
46
565
306
570
563
54
522
611
558
562
306
570
564
56
522
867
814
568
306
570
565
825
522
1123
302
567
306
570
567
561
522
1379
814
565
306
570
568
307
522
1478
306
570
569
309
522
612
302
564
306
826
560
311
522
868
814
565
306
826
561
569
522
1124
302
566
306
826
563
571
1380
814
569
306
826
564
52
522
868
46
560
306
826
565
54
522
1124
558
560
306
826
566
56
522
1380
814
569
306
826
567
579
914
568
306
826
569
817
522
1682
566
306
58
560
307
522
613
867
306
58
561
53
522
1125
302
564
306
58
562
567
522
1381
814
562
306
58
563
569
522
613
302
561
306
58
565
49
522
869
814
560
306
58
566
828
1125
614
306
58
567
574
659
567
306
58
568
310
522
1427
565
306
58
569
56
522
614
46
562
306
314
561
304
522
870
558
560
306
314
562
571
1126
814
567
306
314
563
563
522
1382
866
306
314
564
565
522
870
302
561
306
314
565
832
1126
558
568
306
314
566
568
522
1382
46
566
306
314
568
560
522
1172
564
306
314
569
50
522
1478
562
58
560
308
522
610
871
562
58
561
821
522
1122
302
566
562
58
562
55
522
1378
814
562
562
58
563
313
522
610
302
560
562
58
565
570
866
558
566
562
58
566
50
522
1122
609
562
58
567
308
522
1378
871
562
58
568
821
522
1168
566
562
58
569
823
522
611
814
562
562
314
560
57
522
867
302
560
562
314
562
570
1123
558
567
562
314
563
562
522
1379
611
562
314
564
820
522
867
46
563
562
314
565
566
522
1123
558
562
562
314
566
568
522
1379
46
560
562
314
568
48
522
913
568
562
314
569
571
1681
566
562
570
560
51
522
612
863
562
570
561
564
522
1124
46
566
562
570
562
821
522
1380
558
560
562
570
563
823
522
612
814
564
562
570
564
569
522
868
302
566
562
570
565
574
1124
46
564
562
570
566
310
522
1380
302
567
562
570
567
823
522
1170
568
562
570
568
56
522
914
560
562
570
569
313
522
613
46
566
562
826
561
48
522
869
46
560
562
826
562
571
1125
814
564
562
826
563
51
522
1381
613
562
826
564
820
522
613
814
566
562
826
564
835
869
302
566
562
826
565
567
522
1125
302
561
562
826
566
822
522
1381
558
562
562
826
567
823
522
1427
563
562
826
568
578
915
563
562
826
569
579
614
302
564
562
58
561
570
870
558
564
562
58
562
827
1126
814
564
562
58
563
572
1382
609
562
58
564
573
614
864
562
58
565
572
870
46
567
562
58
566
560
522
1126
302
567
562
58
567
817
522
1382
302
567
562
58
567
569
522
1172
563
562
58
568
833
1684
564
562
58
569
57
522
615
46
564
562
314
560
835
871
302
564
562
314
562
826
1127
558
564
562
314
563
571
1383
814
564
562
314
564
828
615
610
562
314
565
829
871
866
562
314
566
830
1383
46
564
562
314
567
831
917
564
562
314
568
55
522
1429
565
562
314
569
312
522
611
814
566
818
58
560
569
522
867
46
568
818
58
562
816
522
1123
302
569
818
58
563
49
522
1379
814
560
818
58
564
306
522
611
606
818
58
565
563
522
867
863
818
58
566
564
522
1379
46
561
818
58
567
565
522
913
562
818
58
568
822
522
1425
562
818
58
569
577
612
814
563
818
314
560
578
868
46
563
818
314
561
579
1124
302
564
818
314
563
826
1380
558
564
818
314
564
50
522
612
814
566
818
314
565
307
522
868
613
818
314
566
820
522
1124
871
818
314
567
309
522
914
562
818
314
568
576
1426
565
818
314
569
568
522
613
814
569
818
570
560
569
522
869
302
564
818
570
562
561
522
1125
558
569
818
570
563
818
522
1381
611
818
570
564
820
522
869
46
561
818
570
565
54
522
1125
302
568
818
570
566
567
522
1381
814
566
818
570
567
57
522
915
564
818
570
569
817
522
1683
562
818
826
560
51
522
614
614
818
826
561
564
522
1126
46
564
818
826
562
310
522
1382
302
568
818
826
563
567
522
614
814
562
818
826
564
834
870
46
566
818
826
566
816
522
1126
558
560
818
826
567
817
522
1382
814
564
818
826
568
563
522
1476
818
826
569
820
522
615
46
564
818
58
560
566
522
871
302
569
818
58
561
567
522
1127
814
564
818
58
562
313
522
1383
46
569
818
58
564
560
522
615
558
564
818
58
565
562
522
871
606
818
58
566
573
1127
867
818
58
567
53
522
917
562
818
58
568
55
522
1429
564
818
58
569
832
616
46
563
818
314
561
816
522
872
558
564
818
314
562
818
522
1128
609
818
314
563
564
522
616
46
563
818
314
564
822
522
872
558
562
818
314
565
568
522
1128
46
562
818
314
567
304
522
1384
558
561
818
314
568
306
522
1223
818
314
569
564
522
612
46
563
50
58
560
822
522
868
558
562
50
58
561
568
522
1124
46
565
50
58
563
816
522
1380
558
568
50
58
564
572
612
614
50
58
565
574
1124
302
560
50
58
566
55
522
1380
814
562
50
58
567
569
522
914
564
50
58
569
305
522
1682
566
50
314
560
819
522
613
868
50
314
561
575
869
870
50
314
562
567
522
1381
302
560
50
314
563
569
522
613
302
562
50
314
565
305
522
869
814
560
50
314
566
51
522
1125
615
50
314
567
574
659
566
50
314
568
822
522
1427
560
50
314
569
823
522
614
814
564
50
570
560
57
522
870
46
566
50
570
561
577
1126
46
562
50
570
562
575
1382
46
563
50
570
563
55
522
614
558
566
50
570
564
824
522
870
46
560
50
570
565
825
522
1126
302
564
50
570
567
561
522
1382
814
560
50
570
568
828
1227
50
570
569
564
522
615
46
565
50
826
560
822
522
871
558
562
50
826
561
56
522
1127
814
568
50
826
562
569
522
1383
302
563
50
826
564
49
522
615
558
568
50
826
565
306
522
871
609
50
826
566
52
522
1127
870
50
826
567
309
522
917
562
50
826
568
55
522
1429
567
50
826
569
56
522
616
46
560
50
58
560
579
872
302
564
50
58
562
305
522
1128
558
567
50
58
563
818
522
1384
606
50
58
564
819
522
616
866
50
58
565
53
522
1128
46
567
50
58
566
822
522
1384
558
560
50
58
567
823
522
1430
564
50
58
568
569
522
1174
560
50
314
560
570
617
558
565
50
314
561
818
522
873
607
50
314
562
829
1129
869
50
314
563
309
522
617
302
562
50
314
564
55
522
873
558
568
50
314
565
568
522
1129
46
563
50
314
567
304
522
1385
302
569
50
314
568
817
522
1431
564
50
314
569
819
522
1737
306
58
560
53
522
869
46
568
306
58
561
566
522
1125
558
565
306
58
562
824
522
1381
46
561
306
58
563
835
613
302
567
306
58
565
305
522
869
814
565
306
58
566
819
522
1125
864
306
58
567
53
522
659
569
306
58
568
822
522
1427
566
306
58
569
568
522
614
46
564
306
314
561
304
522
870
558
560
306
314
562
571
1126
814
569
306
314
563
573
1382
868
306
314
564
53
522
870
302
563
306
314
565
567
522
1126
814
562
306
314
566
57
522
1382
46
568
306
314
568
816
522
1172
564
306
314
569
306
522
1476
306
570
560
563
522
615
865
306
570
561
53
522
1127
46
568
306
570
562
566
522
1383
558
565
306
570
563
568
522
615
46
560
306
570
564
579
871
302
566
306
570
566
305
522
1127
814
562
306
570
567
51
522
1383
614
306
570
568
564
522
917
563
306
570
569
54
522
616
302
568
306
826
560
311
522
872
814
563
306
826
561
313
522
1128
46
568
306
826
563
560
522
1384
558
564
306
826
564
562
522
616
606
306
826
565
573
872
869
306
826
566
309
522
1384
302
563
306
826
567
311
522
1430
560
306
826
568
824
522
918
566
306
58
560
816
522
617
558
561
306
58
561
571
873
814
566
306
58
562
819
522
1129
615
306
58
563
564
522
617
46
562
306
58
564
831
873
302
564
306
58
565
55
522
1129
558
566
306
58
566
568
522
1385
814
568
306
58
567
57
522
919
560
306
58
569
560
522
1431
561
306
314
560
817
522
618
814
563
306
314
561
51
522
874
612
306
314
562
564
522
1130
870
306
314
563
309
522
618
302
562
306
314
564
576
874
558
565
306
314
565
568
522
1130
814
568
306
314
566
569
522
1386
302
562
306
314
568
826
1176
566
306
314
569
817
522
1483
562
58
560
564
522
870
46
561
562
58
561
54
522
1126
558
560
562
58
562
833
1382
814
568
562
58
563
825
522
614
302
567
562
58
565
561
522
870
814
565
562
58
566
51
522
1126
865
562
58
567
309
522
916
566
562
58
568
577
1684
568
562
58
569
579
615
302
569
562
314
561
562
522
871
607
562
314
562
308
522
1383
46
560
562
314
563
54
522
615
558
560
562
314
564
577
871
814
567
562
314
565
825
522
1127
302
566
562
314
567
305
522
1383
814
564
562
314
568
819
522
1479
562
314
569
565
522
616
302
562
562
570
560
311
522
872
814
560
562
570
561
57
522
1128
302
569
562
570
562
830
1384
46
568
562
570
563
566
522
616
558
564
562
570
564
824
522
872
46
562
562
570
566
48
522
1128
302
567
562
570
567
561
522
1384
814
563
562
570
568
307
522
1230
562
570
569
308
522
617
46
562
562
826
560
831
873
302
566
562
826
561
823
522
1129
814
560
562
826
562
53
522
1129
612
562
826
563
564
522
1385
871
562
826
564
565
522
873
302
562
562
826
565
832
1129
558
566
562
826
566
568
522
1385
814
569
562
826
567
569
522
919
562
562
826
569
570
1431
564
562
58
560
817
522
618
814
566
562
58
561
563
522
874
814
562
562
58
562
819
522
1130
871
562
58
563
53
522
618
302
560
562
58
564
566
522
874
558
561
562
58
565
823
522
1130
814
562
562
58
566
578
1386
46
563
562
58
567
579
920
564
562
58
569
826
1432
565
562
314
560
306
522
619
814
568
562
314
561
819
522
875
866
562
314
562
565
522
1387
302
560
562
314
563
832
619
558
567
562
314
564
312
522
875
814
568
562
314
566
48
522
1131
302
568
562
314
567
561
522
1387
814
564
562
314
568
307
522
1234
562
314
569
564
522
615
46
565
818
58
560
566
522
871
558
560
818
58
561
577
1127
814
566
818
58
562
57
522
1383
302
561
818
58
564
826
615
558
568
818
58
565
50
522
871
607
818
58
566
573
1127
868
818
58
567
821
522
917
560
818
58
568
822
522
1429
564
818
58
569
312
522
616
814
567
818
314
560
57
522
872
302
560
818
314
562
816
522
1128
558
563
818
314
563
571
1384
814
564
818
314
564
307
522
616
302
566
818
314
564
57
522
872
46
568
818
314
566
304
522
1128
558
562
818
314
567
50
522
1384
814
567
818
314
568
819
522
1478
818
314
569
564
522
617
46
563
818
570
560
831
873
302
566
818
570
561
822
522
1129
558
568
818
570
562
56
522
1385
814
569
818
570
563
313
522
617
302
561
818
570
565
560
522
873
558
562
818
570
566
817
522
1129
814
562
818
570
567
572
1385
609
818
570
568
573
1483
818
570
569
53
522
618
46
565
818
826
560
54
522
874
302
565
818
826
561
55
522
1130
558
565
818
826
562
56
522
1386
814
565
818
826
563
57
522
618
46
565
818
826
564
835
874
302
564
818
826
566
826
1130
558
564
818
826
567
571
1386
814
563
818
826
568
572
1226
818
826
569
819
522
1738
818
58
560
820
522
875
46
562
818
58
561
575
1131
302
563
818
58
562
832
1387
558
565
818
58
563
568
522
619
814
568
818
58
564
313
522
875
302
561
818
58
566
570
1131
558
564
818
58
567
306
522
1387
814
567
818
58
568
51
522
1482
818
58
569
830
620
46
566
818
314
560
566
522
876
302
569
818
314
561
567
522
1132
814
566
818
314
562
577
1388
814
566
818
314
563
313
522
620
814
561
818
314
565
817
522
876
613
818
314
566
52
522
1388
46
562
818
314
567
831
922
567
818
314
568
567
522
1744
108
560
563
522
872
302
565
108
561
52
522
872
558
563
108
562
563
522
1128
814
566
108
563
564
522
616
46
563
108
564
54
522
872
302
566
108
565
823
522
1128
558
569
108
566
312
522
1384
46
561
108
567
579
918
564
108
569
49
522
1430
566
364
560
818
522
617
814
569
364
561
563
522
873
864
364
562
574
1385
46
565
364
563
310
522
617
302
568
364
564
567
522
873
814
563
364
566
828
1385
46
566
364
567
563
522
1385
558
564
364
568
306
522
1431
569
364
569
819
522
1739
620
560
565
522
874
302
560
620
561
576
1130
558
566
620
562
56
522
1386
46
563
620
564
48
522
618
302
568
620
565
561
522
874
814
563
620
566
560
522
1130
814
562
620
566
834
1386
46
566
620
568
304
522
920
560
620
569
570
1688
566
876
560
819
522
619
864
876
561
53
522
875
870
876
562
566
522
1387
558
564
876
563
568
522
619
46
560
876
564
835
875
302
568
876
566
561
522
1131
814
564
876
567
563
522
1387
863
876
568
53
522
921
568
876
569
566
522
620
558
564
108
560
568
522
876
46
562
108
561
576
1132
814
564
108
563
49
522
1388
814
564
108
564
50
522
620
615
108
565
308
522
1132
46
563
108
566
831
1388
302
565
108
567
567
522
1178
569
108
568
312
522
922
561
108
569
825
522
621
302
563
364
561
49
522
877
558
566
364
562
818
522
1133
606
364
563
819
522
1389
866
364
564
309
522
621
869
364
565
310
522
1133
558
562
364
566
833
1389
46
562
364
567
563
522
1389
864
364
568
574
923
564
364
569
54
522
617
302
567
364
560
823
522
873
814
560
364
561
568
522
1129
46
562
364
562
835
1385
302
566
364
564
305
522
617
46
569
364
565
563
522
873
863
364
566
53
522
1385
46
568
364
567
566
522
1175
564
364
568
568
522
919
560
364
569
579
618
302
566
620
561
49
522
874
814
563
620
562
307
522
1130
615
620
563
574
618
46
566
620
564
822
522
874
558
562
620
565
56
522
1130
814
568
620
566
569
522
1386
302
564
620
568
561
522
1432
561
620
569
828
1488
876
560
564
522
875
46
566
876
561
54
522
1131
558
564
876
562
568
522
1387
46
561
876
564
48
522
619
302
569
876
564
568
522
875
302
568
876
565
567
522
1131
814
564
876
566
569
522
1387
302
560
876
568
816
522
1177
564
876
569
306
522
1689
568
1132
560
563
522
620
864
1132
561
830
1132
46
566
1132
562
54
522
1388
558
562
1132
563
833
620
814
566
1132
564
569
522
876
302
560
1132
566
816
522
1132
302
566
1132
567
562
522
1388
606
1132
568
573
1488
1132
569
53
522
621
302
562
364
560
311
522
877
814
561
364
561
57
522
1133
302
561
364
563
561
522
1389
814
563
364
564
51
522
621
866
364
565
53
522
1133
302
564
364
566
55
522
1389
814
564
364
567
569
522
1179
560
364
568
309
522
1179
562
364
569
55
522
622
814
560
620
560
56
522
878
46
566
620
562
560
522
1134
558
564
620
563
818
522
878
302
566
620
565
824
522
1134
302
567
620
566
831
1390
46
563
620
569
832
608
46
568
51
58
560
564
778
608
608
51
58
561
569
778
1120
302
563
51
58
563
1082
1376
558
566
51
58
564
562
778
608
814
569
51
58
565
51
778
864
864
51
58
566
818
778
1120
46
569
51
58
567
304
778
1376
862
51
58
568
817
778
1422
563
51
58
569
560
778
1475
51
314
560
564
778
609
558
564
51
314
560
835
865
302
564
51
314
562
49
778
1121
558
568
51
314
563
50
778
1377
46
564
51
314
563
312
778
609
814
567
51
314
564
57
778
865
814
568
51
314
566
1085
1121
558
564
51
314
567
818
778
1377
302
562
51
314
567
823
778
655
563
51
314
568
825
778
1167
560
51
314
569
834
610
302
563
51
570
560
311
778
866
558
569
51
570
561
1087
866
613
51
570
562
564
778
1378
46
564
51
570
563
822
778
610
558
562
51
570
564
312
778
866
46
560
51
570
565
835
1122
302
567
51
570
567
561
778
1378
814
564
51
570
568
819
778
1474
51
570
569
309
778
611
46
569
51
826
560
832
867
558
568
51
826
561
822
778
867
612
51
826
562
561
778
1123
46
563
51
826
562
311
778
1379
46
564
51
826
564
823
778
867
814
560
51
826
565
824
778
1123
46
563
51
826
566
55
778
1123
871
51
826
567
565
778
913
562
51
826
568
1088
1425
565
51
826
569
568
778
612
814
569
51
58
560
569
778
868
302
562
51
58
562
1082
1124
558
566
51
58
563
818
778
1380
606
51
58
564
829
612
868
51
58
565
53
778
868
867
51
58
567
51
778
1380
862
51
58
568
1086
914
569
51
58
569
1088
613
814
560
51
314
560
57
778
869
302
560
51
314
562
305
778
1125
814
562
51
314
563
819
778
1381
867
51
314
564
565
778
869
302
569
51
314
565
312
778
1125
46
563
51
314
567
304
778
1381
558
566
51
314
568
828
1475
51
314
569
309
778
609
302
562
307
58
560
823
778
865
814
563
307
58
561
825
778
1121
302
562
307
58
563
305
778
1377
814
560
307
58
564
828
609
613
307
58
565
308
778
1121
46
564
307
58
566
566
778
1377
558
560
307
58
567
56
778
1423
569
307
58
568
835
1167
567
307
314
560
561
778
610
814
566
307
314
561
563
778
866
867
307
314
562
53
778
1378
302
564
307
314
564
51
778
610
864
307
314
565
565
778
1122
302
568
307
314
567
563
778
1378
862
307
314
568
51
778
912
569
307
314
569
832
611
558
568
307
570
560
56
778
867
46
562
307
570
561
311
778
1123
46
565
307
570
562
54
778
1379
558
562
307
570
563
1087
1379
606
307
570
564
829
611
868
307
570
565
53
778
1123
302
563
307
570
566
567
778
1379
814
563
307
570
567
57
778
913
565
307
570
569
817
778
1681
569
307
826
560
564
778
868
46
565
307
826
561
832
1124
814
561
307
826
562
57
778
1380
302
567
307
826
564
50
778
612
608
307
826
565
308
778
1124
46
567
307
826
566
831
1380
814
560
307
826
567
313
778
914
562
307
826
568
824
778
1170
563
307
58
560
569
778
1125
302
566
307
58
562
311
778
1381
814
564
307
58
563
825
778
613
302
563
307
58
565
817
778
869
814
562
307
58
566
563
778
1125
863
307
58
567
565
778
915
562
307
58
568
1085
1683
562
307
314
560
53
778
870
302
564
307
314
561
567
778
1126
814
568
307
314
562
1091
1382
46
565
307
314
564
306
778
614
609
307
314
565
826
1126
302
568
307
314
567
818
778
1382
814
564
307
314
568
562
778
1428
560
563
58
560
307
778
610
865
563
58
561
817
778
1122
46
563
563
58
564
824
778
866
302
568
563
58
566
52
778
1378
46
562
563
58
567
54
778
1168
567
563
58
568
57
778
1168
561
563
314
560
817
778
611
814
564
563
314
561
563
778
867
870
563
314
562
54
778
1379
558
560
563
314
563
568
778
611
46
563
563
314
565
48
778
867
558
565
563
314
566
562
778
1123
612
563
314
567
52
778
1425
568
563
314
568
566
778
1169
564
563
314
569
567
778
612
558
560
563
570
560
52
778
612
869
563
570
561
53
778
1124
558
562
563
570
562
56
778
1380
814
567
563
570
563
313
778
612
302
563
563
570
565
305
778
868
558
569
563
570
566
818
778
1124
611
563
570
567
52
778
658
562
563
570
568
310
778
1426
560
563
570
569
56
778
613
46
560
563
826
560
1091
869
302
568
563
826
561
569
778
1125
814
566
563
826
563
561
778
1381
558
566
563
826
564
51
778
869
46
568
563
826
565
828
1125
558
564
563
826
566
568
778
1381
46
561
563
826
567
312
778
915
568
563
826
569
817
778
1683
565
563
58
560
307
778
614
867
563
58
561
309
778
1126
302
565
563
58
562
567
778
1382
814
567
563
58
563
835
614
302
569
563
58
565
562
778
870
610
563
58
566
564
778
1382
46
568
563
58
567
308
778
1382
558
564
563
58
567
313
778
1428
562
563
58
568
57
778
1172
564
563
314
560
305
778
615
814
565
563
314
561
563
778
871
868
563
314
562
565
778
1383
302
566
563
314
563
567
778
615
814
566
563
314
564
825
778
871
302
568
563
314
566
50
778
1127
608
563
314
567
820
778
661
566
563
314
568
832
1685
561
563
314
569
825
778
611
302
565
819
58
561
827
867
606
819
58
562
820
778
1379
46
564
819
58
563
832
611
814
560
819
58
564
569
778
867
302
563
819
58
566
305
778
1123
814
567
819
58
567
51
778
1379
869
819
58
568
563
778
1169
564
819
58
569
818
778
1481
819
314
560
51
778
868
302
563
819
314
561
823
778
1124
46
560
819
314
563
48
778
1380
558
569
819
314
564
51
778
612
871
819
314
565
310
778
1124
814
560
819
314
566
569
778
1380
558
562
819
314
568
51
778
1482
819
314
569
54
778
613
558
560
819
570
560
566
778
869
302
565
819
570
562
827
1125
814
569
819
570
563
49
778
1381
46
560
819
570
563
568
778
613
46
561
819
570
565
49
778
869
814
561
819
570
566
829
1125
870
819
570
567
831
915
568
819
570
568
1089
915
561
819
826
560
304
778
614
558
562
819
826
561
562
778
870
607
819
826
562
563
778
1126
869
819
826
563
1087
614
558
560
819
826
564
568
778
870
46
565
819
826
566
826
1126
814
560
819
826
567
819
778
1382
607
819
826
568
831
1428
560
819
826
569
310
778
615
46
564
819
58
560
308
778
615
608
819
58
561
52
778
1127
558
562
819
58
562
824
778
1383
46
564
819
58
564
560
778
615
558
569
819
58
565
563
778
871
868
819
58
566
831
1383
558
561
819
58
567
565
778
917
562
819
314
560
51
778
1128
814
561
819
314
562
825
778
1384
814
560
819
314
563
824
778
616
302
561
819
314
565
1089
1128
814
560
819
314
567
54
778
1174
565
819
314
569
564
778
612
814
563
51
58
560
825
778
868
814
565
51
58
561
57
778
1124
302
567
51
58
563
827
1380
607
51
58
564
52
778
868
46
560
51
58
565
307
778
868
302
568
51
58
566
563
778
1124
611
51
58
568
57
778
1170
568
51
314
560
818
778
613
615
51
314
561
561
778
869
302
564
51
314
561
56
778
1381
46
566
51
314
564
817
778
613
814
566
51
314
565
564
778
1125
46
568
51
314
566
829
1171
563
51
314
569
562
778
1427
562
51
314
569
834
614
814
568
51
570
560
57
778
870
814
568
51
570
562
52
778
1126
558
560
51
570
563
560
778
1382
46
563
51
570
566
564
778
916
560
51
570
569
568
778
615
46
568
51
826
561
312
778
1127
558
567
51
826
564
53
778
871
558
567
51
826
566
49
778
1127
868
51
826
567
1088
