48
58
560
64
864
302
568
48
58
562
62
1376
814
568
48
58
564
60
864
302
569
48
58
566
58
1120
870
48
58
567
824
10
1422
564
48
58
569
566
10
609
46
568
48
314
561
563
10
1121
558
562
48
314
563
560
10
1377
615
48
314
564
307
10
609
814
562
48
314
565
565
10
1121
814
560
48
314
567
817
10
1377
46
566
48
314
568
55
10
1167
567
48
570
560
308
10
866
558
566
48
570
562
305
10
1122
46
568
48
570
564
61
610
558
561
48
570
566
57
10
1378
302
563
48
826
566
48
10
1123
558
565
48
826
567
323
1380
46
564
48
58
564
560
10
612
46
567
48
58
564
567
10
1380
558
566
48
314
565
51
10
869
814
566
48
314
566
564
10
1125
814
562
48
314
568
560
10
1427
568
48
314
568
311
10
1427
560
304
58
561
304
10
865
814
568
304
58
562
569
10
1377
814
561
304
58
564
56
10
865
302
563
304
58
565
57
10
1167
565
304
58
568
323
1679
564
304
314
560
820
10
866
558
564
304
314
561
53
10
866
870
304
314
562
51
10
866
814
568
304
314
566
322
1378
46
569
304
314
568
51
10
1168
560
304
314
569
57
10
611
558
566
304
570
561
564
10
867
814
566
304
570
563
304
10
1379
814
563
304
570
564
52
10
611
558
563
304
570
566
310
10
1379
871
304
826
561
316
868
862
304
826
563
566
10
1380
868
304
826
564
53
10
868
302
564
304
826
567
318
1170
564
304
826
569
560
10
1479
304
58
560
817
10
869
46
564
304
58
561
823
10
1381
558
568
304
58
564
64
1125
302
560
304
58
567
51
10
1381
558
566
304
58
568
49
10
1475
304
58
569
49
10
1733
304
314
561
48
10
1126
46
562
304
314
563
306
10
614
46
563
304
314
564
55
10
870
302
561
304
314
566
67
1382
302
561
304
314
567
322
1428
568
304
314
569
49
10
610
46
567
560
58
561
568
10
610
302
565
560
58
565
561
10
1378
558
567
560
58
567
66
1680
560
560
314
560
51
10
611
558
564
560
314
560
56
10
867
814
566
560
314
562
567
10
1379
814
569
560
314
566
56
10
1379
558
563
560
314
568
63
1425
562
560
570
560
307
10
868
302
561
560
570
561
567
10
1124
302
561
560
570
562
62
1380
302
566
560
570
563
64
1380
869
560
570
564
56
10
868
302
567
560
570
565
322
1380
302
560
560
570
567
565
10
1734
560
826
560
817
10
613
814
563
560
826
562
65
869
613
560
826
566
50
10
1125
558
569
560
826
567
563
10
1171
562
560
826
568
567
10
915
568
560
826
569
54
10
614
302
560
560
58
561
819
10
1126
558
562
560
58
562
52
10
1382
46
569
560
58
563
825
10
614
814
566
560
58
565
314
870
814
568
560
58
566
817
10
1126
611
560
58
567
55
10
916
568
560
58
569
820
10
1736
560
314
560
60
871
302
560
560
314
561
57
10
1127
814
560
560
314
563
564
10
615
302
566
560
314
565
48
10
871
610
560
314
566
54
10
1383
46
566
560
314
568
50
10
917
561
560
314
569
48
10
1481
816
58
560
58
611
558
564
816
58
561
52
10
1123
302
563
816
58
562
65
1379
302
561
816
58
564
308
10
867
558
566
816
58
566
560
10
1123
609
816
58
567
319
1425
564
816
58
569
49
10
1478
816
314
560
54
10
868
46
562
816
314
561
323
1124
870
816
314
563
823
10
612
302
566
816
314
565
819
10
1124
302
560
816
314
566
568
10
1380
558
560
816
314
568
51
10
914
569
816
314
569
824
10
613
302
568
816
570
561
51
10
1125
302
560
816
570
562
56
10
1381
302
563
816
570
563
55
10
869
558
564
816
570
565
567
10
1125
302
567
816
570
567
820
10
1381
558
563
816
570
569
816
10
915
564
816
826
561
316
870
870
816
826
562
50
10
1126
610
816
826
563
567
10
614
558
560
816
826
565
318
1126
814
566
816
826
567
306
10
660
566
816
826
568
57
10
1684
564
816
58
560
51
10
615
302
566
816
58
561
822
10
1127
46
560
816
58
562
53
10
1383
46
560
816
58
563
565
10
615
814
567
816
58
565
61
871
870
816
58
566
57
10
1383
558
568
816
58
568
564
10
1429
563
816
58
569
62
1685
566
816
314
560
560
10
616
814
567
816
314
561
561
10
872
46
567
816
314
562
563
10
1384
302
560
816
314
563
307
10
1384
610
816
314
564
309
10
616
866
816
314
565
822
10
1128
302
561
816
314
567
306
10
918
562
816
314
568
564
10
1174
565
48
58
560
51
10
868
46
562
48
58
561
568
10
1124
302
566
48
58
562
312
10
1380
612
48
58
564
320
868
302
560
48
58
566
51
10
1380
46
569
48
58
567
66
1170
567
48
58
569
52
10
613
558
561
48
314
560
313
10
869
814
563
48
314
562
318
1381
46
561
48
314
563
562
10
613
46
564
48
314
564
56
10
869
558
566
48
314
566
62
1381
814
560
48
314
568
49
10
1476
48
314
569
567
10
614
302
562
48
570
561
563
10
1126
302
563
48
570
562
313
10
1382
814
565
48
570
564
53
10
870
814
564
48
570
566
49
10
1126
864
48
570
567
311
10
660
569
48
570
569
316
615
46
568
48
826
560
568
10
871
558
566
48
826
562
564
10
1383
558
566
48
826
564
49
10
615
864
48
826
565
306
10
1127
558
560
48
826
567
305
10
1173
563
48
826
569
48
10
1685
564
48
58
560
319
872
814
567
48
58
562
49
10
1128
862
48
58
563
566
10
616
46
560
48
58
564
67
872
558
569
48
58
566
50
10
1128
558
562
48
58
567
64
918
561
48
58
569
306
10
1743
48
314
560
567
10
873
46
564
48
314
562
59
1129
46
563
48
314
562
57
10
1385
558
569
48
314
564
564
10
873
558
564
48
314
565
309
10
1129
46
561
48
314
566
568
10
1385
558
562
48
314
568
564
10
1431
560
48
314
569
323
613
814
569
304
58
561
63
1125
814
566
304
58
563
49
10
1381
864
304
58
564
320
869
46
569
304
58
566
60
1381
46
564
304
58
567
53
10
1381
607
304
58
569
823
10
614
558
567
304
314
561
51
10
1126
302
568
304
314
562
569
10
614
558
567
304
314
564
66
1126
814
563
304
314
567
51
10
615
814
564
304
570
562
304
10
1127
558
562
304
570
563
317
615
302
568
304
570
564
52
10
871
558
566
304
570
565
55
10
1127
814
564
304
570
569
308
10
1128
814
564
304
826
563
57
10
872
814
564
304
826
569
563
10
617
862
304
58
562
316
1129
302
568
304
58
564
319
873
814
565
304
58
566
305
10
1129
612
304
58
567
822
10
1431
568
304
58
569
304
10
1431
568
304
314
560
60
618
614
304
314
561
566
10
1130
46
564
304
314
563
306
10
1386
868
304
314
564
311
10
874
46
566
304
314
566
48
10
1130
866
304
314
567
320
664
563
304
314
569
59
1740
560
58
560
822
10
870
558
566
560
58
561
312
10
1126
46
565
560
58
563
818
10
614
46
561
560
58
564
56
10
870
302
566
560
58
566
51
10
1382
46
566
560
58
567
823
10
1428
566
560
58
568
825
10
1684
568
560
314
560
319
871
814
568
560
314
562
315
1127
869
560
314
563
823
10
615
302
560
560
314
565
306
10
1127
46
561
560
314
566
823
10
1383
302
562
560
314
568
306
10
917
562
560
314
569
65
616
302
566
560
570
561
819
10
1128
46
568
560
570
562
312
10
1384
302
562
560
570
564
569
10
1128
46
569
560
570
566
56
10
1384
558
565
560
570
568
816
10
617
46
560
560
826
560
823
10
873
302
564
560
826
562
53
10
1385
46
568
560
826
564
819
10
617
558
567
560
826
565
562
10
873
871
560
826
567
817
10
1385
302
566
560
826
567
57
10
1431
565
560
826
569
63
618
46
560
560
58
561
50
10
1130
46
564
560
58
562
56
10
1386
814
560
560
58
564
63
874
46
562
560
58
566
818
10
1386
302
565
560
58
567
313
10
1432
560
560
58
569
563
10
619
46
568
560
314
560
67
875
814
567
560
314
562
821
10
1387
814
564
560
314
564
561
10
619
869
560
314
565
321
1131
558
563
560
314
567
564
10
921
568
560
314
568
56
10
1689
562
816
58
560
309
10
871
814
564
816
58
562
49
10
1127
863
816
58
563
64
615
558
565
816
58
565
306
10
1127
302
560
816
58
566
569
10
1383
814
562
816
58
568
309
10
1230
816
58
569
307
10
616
46
565
816
314
560
55
10
872
558
564
816
314
562
562
10
1384
302
560
816
314
563
819
10
1384
814
568
816
314
564
64
872
302
560
816
314
566
307
10
1384
302
560
816
314
567
824
10
662
568
816
314
569
60
617
558
564
816
570
560
323
873
609
816
570
562
319
1385
558
563
816
570
564
305
10
617
613
816
570
565
821
10
1129
302
568
816
570
567
48
10
1385
615
816
570
568
567
10
1175
565
816
826
560
563
10
874
302
564
816
826
561
825
10
1130
814
566
816
826
563
63
618
46
561
816
826
565
50
10
1130
46
562
816
826
566
568
10
1386
46
563
816
826
567
55
10
920
563
816
826
569
304
10
1688
567
816
826
569
63
619
558
561
816
58
561
304
10
875
862
816
58
562
823
10
1387
302
566
816
58
564
317
875
558
562
816
58
566
816
10
1131
610
816
58
567
566
10
665
566
816
58
569
818
10
620
46
564
816
314
560
51
10
620
611
816
314
561
562
10
1132
814
567
816
314
562
568
10
1388
302
562
816
314
563
319
620
302
564
816
314
565
315
876
608
816
314
566
308
10
1388
814
561
816
314
568
50
10
922
568
816
314
569
57
10
616
814
569
106
561
562
10
872
558
560
106
562
308
10
1128
613
106
563
315
1384
606
106
564
319
872
558
561
106
566
49
10
1128
814
560
106
566
57
10
1384
814
568
106
568
63
1686
569
362
560
305
10
617
868
362
561
823
10
1129
302
563
362
563
304
10
1385
814
560
362
564
58
617
611
362
565
54
10
1129
46
562
362
567
50
10
1385
871
362
568
311
10
919
562
618
560
816
10
618
814
563
618
561
310
10
1130
46
568
618
563
563
10
618
302
565
618
564
313
10
874
814
567
618
566
53
10
1386
814
566
618
568
315
1489
618
569
56
10
619
302
569
874
561
317
1131
302
564
874
562
313
10
1387
814
564
874
564
309
10
875
814
562
874
566
305
10
1131
868
874
567
55
10
921
564
874
569
563
10
620
302
566
106
560
67
876
558
569
106
562
819
10
1388
46
564
106
563
569
10
620
814
563
106
565
63
1132
814
567
106
567
561
10
1434
562
106
569
52
10
621
46
564
362
560
64
877
302
566
362
562
52
10
1389
558
561
362
563
824
10
621
610
362
565
822
10
1133
814
568
362
567
560
10
1389
558
568
362
568
316
1179
564
362
560
560
10
617
613
362
561
821
10
1129
46
567
362
563
562
10
617
46
563
362
564
64
873
302
562
362
566
51
10
1385
46
567
362
567
824
10
919
569
362
569
62
618
558
566
618
560
569
10
874
46
564
618
561
56
10
1130
814
563
618
563
560
10
1386
558
569
618
564
565
10
874
814
568
618
566
561
10
1130
870
618
567
567
10
920
568
618
569
562
10
1432
567
874
560
49
10
619
558
569
874
561
563
10
875
864
874
562
820
10
1387
814
563
874
564
816
10
619
302
560
874
564
65
875
606
874
567
51
10
921
567
874
568
322
1177
565
1130
560
305
10
620
814
564
1130
561
562
10
1132
302
565
1130
562
323
1388
558
560
1130
563
824
10
620
558
560
1130
565
52
10
1132
302
566
1130
566
56
10
1388
814
562
1130
568
564
10
1434
563
1130
569
821
10
1745
362
560
307
10
621
814
564
362
561
308
10
621
814
563
362
565
308
10
1133
46
568
362
566
53
10
878
814
569
618
562
310
10
1390
46
565
618
564
50
10
622
558
564
618
564
57
10
1390
302
564
618
567
824
10
924
561
618
568
311
10
1180
566
49
58
560
564
266
864
558
566
49
58
561
54
266
1120
46
568
49
58
562
56
266
1376
814
568
49
58
564
560
266
608
558
565
49
58
565
53
266
1120
558
568
49
58
567
816
266
1376
612
49
58
568
822
266
910
560
49
314
560
49
266
609
814
562
49
314
561
307
266
865
869
49
314
562
824
266
1377
302
566
49
314
564
574
865
814
560
49
314
566
816
266
1121
610
49
314
567
566
266
655
568
49
314
569
48
266
1473
49
570
560
54
266
866
814
564
49
570
562
570
1122
610
49
570
563
53
266
610
814
563
49
570
565
817
266
866
606
49
570
566
311
266
1378
302
561
49
570
568
563
266
912
567
49
570
569
824
266
611
558
562
49
826
561
52
266
1123
302
567
49
826
562
313
266
1379
302
566
49
826
564
564
266
611
607
49
826
565
306
266
867
868
49
826
566
567
266
1379
46
566
49
826
568
572
913
568
49
826
569
312
266
612
558
562
49
58
561
572
868
866
49
58
562
321
1380
558
566
49
58
564
565
266
868
814
567
49
58
566
315
1124
869
49
58
567
54
266
1170
564
49
58
568
322
1682
563
49
314
560
319
869
46
561
49
314
562
306
266
1381
46
567
49
314
563
824
266
613
558
564
49
314
565
820
266
1125
558
567
49
314
567
49
266
1381
613
49
314
568
320
1683
567
305
58
560
50
266
865
46
562
305
58
561
568
266
1121
302
568
305
58
563
819
266
609
302
565
305
58
564
569
266
865
558
568
305
58
566
318
1377
558
565
305
58
568
304
266
1423
569
305
58
569
565
266
610
814
560
305
314
560
579
866
558
563
305
314
562
49
266
1122
814
562
305
314
563
316
610
302
562
305
314
564
569
266
866
606
305
314
566
54
266
1378
46
562
305
314
568
562
266
912
569
305
314
569
569
266
611
558
565
305
570
561
54
266
1123
46
567
305
570
563
53
266
611
46
566
305
570
565
50
266
1123
46
561
305
570
566
569
266
1379
610
305
570
568
823
266
913
567
305
826
560
317
868
302
569
305
826
561
824
266
1124
814
566
305
826
563
319
612
814
566
305
826
565
817
266
868
868
305
826
566
311
266
1380
302
563
305
826
568
818
266
914
565
305
826
569
567
266
613
302
562
305
58
561
306
266
1125
46
560
305
58
562
55
266
1381
46
565
305
58
564
315
613
615
305
58
565
573
1125
814
567
305
58
567
560
266
1381
814
566
305
58
568
820
266
1171
565
305
58
569
824
266
614
302
565
305
314
561
316
870
868
305
314
562
55
266
1382
814
565
305
314
564
570
614
558
568
305
314
565
306
266
870
558
561
305
314
566
566
266
1382
46
565
305
314
568
818
266
916
563
305
314
569
577
610
302
567
561
58
561
50
266
866
611
561
58
563
573
610
302
569
561
58
564
323
866
814
566
561
58
565
579
1122
302
564
561
58
567
51
266
1378
814
563
561
58
568
314
1216
561
58
569
309
266
611
814
561
561
314
561
560
266
867
606
561
314
562
319
1379
814
562
561
314
564
570
611
612
561
314
565
566
266
1123
814
569
561
314
567
305
266
1379
864
561
314
568
320
913
565
561
570
560
818
266
612
871
561
570
561
321
1124
46
569
561
570
563
817
266
1380
814
566
561
570
564
52
266
868
46
563
561
570
565
824
266
1124
558
568
561
570
567
564
266
1170
564
561
570
569
48
266
1682
565
561
826
560
565
266
869
558
566
561
826
562
48
266
1125
814
563
561
826
563
317
613
46
561
561
826
564
54
266
869
46
566
561
826
566
307
266
1381
302
567
561
826
567
579
1220
561
826
569
310
266
614
46
560
561
58
561
562
266
1126
46
560
561
58
562
567
266
1382
302
563
561
58
564
307
266
870
46
567
561
58
565
824
266
1126
302
567
561
58
567
50
266
1382
614
561
58
568
577
1172
568
561
314
560
317
871
302
565
561
314
561
825
266
1127
814
560
561
314
563
564
266
615
302
569
561
314
564
569
266
871
814
560
561
314
566
318
1383
558
564
561
314
568
816
266
1222
561
314
569
54
266
611
814
566
817
58
561
561
266
867
610
817
58
562
53
266
1379
302
562
817
58
563
57
266
611
814
567
817
58
565
53
266
1123
814
560
817
58
567
560
266
1379
607
817
58
568
53
266
1425
564
817
58
569
825
266
612
558
568
817
314
561
820
266
1124
302
569
817
314
562
569
266
1380
814
561
817
314
564
820
266
868
558
564
817
314
566
48
266
1124
814
567
817
314
567
309
266
1170
561
817
314
569
49
266
1476
817
570
560
575
869
558
569
817
570
561
54
266
1125
302
563
817
570
562
569
266
1381
814
566
817
570
564
565
266
869
814
569
817
570
566
562
266
1381
46
567
817
570
567
57
266
1427
567
817
570
569
320
614
302
561
817
826
561
51
266
1126
302
564
817
826
562
313
266
1382
302
567
817
826
564
562
266
614
611
817
826
565
320
1126
302
560
817
826
567
307
266
916
560
817
826
568
568
266
1428
562
817
58
560
818
266
871
302
566
817
58
561
57
266
1127
558
568
817
58
563
308
266
615
302
569
817
58
564
825
266
871
558
563
817
58
566
306
266
1127
863
817
58
567
56
266
917
565
817
58
569
51
266
616
46
567
817
314
560
824
266
872
302
568
817
314
562
51
266
1384
302
563
817
314
563
57
266
616
558
565
817
314
565
52
266
1128
302
569
817
314
566
57
266
1384
558
569
817
314
568
819
266
1174
563
817
314
569
57
266
612
558
566
49
58
561
572
1124
302
568
49
58
562
57
266
1380
558
566
49
58
564
564
266
868
46
567
49
58
565
568
266
1124
558
567
49
58
567
53
266
914
561
49
58
569
570
1730
49
314
560
563
266
613
814
562
49
314
561
306
266
613
558
569
49
314
567
315
1171
568
49
314
569
319
614
302
560
49
570
561
51
266
870
868
49
570
562
568
266
1382
46
569
49
570
564
314
614
558
566
49
570
565
309
266
1126
814
564
49
570
567
561
266
1382
871
49
570
568
56
266
1428
561
49
826
560
820
266
871
558
563
49
826
562
560
266
1127
610
49
826
563
822
266
615
46
561
49
826
565
314
871
862
49
826
566
53
266
1383
302
569
49
826
567
824
266
1173
569
49
826
569
565
266
616
814
562
49
58
561
49
266
872
862
49
58
562
576
1384
46
564
49
58
564
562
266
616
864
49
58
565
321
1128
302
566
49
58
567
563
266
918
561
49
58
568
322
1430
564
49
314
560
51
266
617
863
49
314
561
55
266
1129
302
564
49
314
563
51
266
617
302
560
49
314
564
312
266
873
558
560
49
314
566
563
266
1385
302
561
49
314
567
312
266
1175
560
49
314
569
51
266
613
46
567
305
58
560
311
266
869
558
568
305
58
562
49
266
1125
612
305
58
563
310
266
613
46
562
305
58
565
561
266
869
868
305
58
566
56
266
1381
814
561
305
58
568
821
266
915
561
305
314
560
562
266
614
866
305
314
561
568
266
1126
46
568
305
314
563
820
266
1382
814
560
305
314
564
57
266
870
606
305
314
566
567
266
1382
814
560
305
314
568
310
266
1172
561
305
570
560
562
266
871
558
561
305
570
562
570
1127
868
305
570
563
568
266
615
558
569
305
570
565
579
1127
868
305
570
567
820
266
1383
866
305
570
568
567
266
616
814
564
305
826
561
314
872
558
560
305
826
562
52
266
1128
864
305
826
563
309
266
616
558
565
305
826
565
566
266
1128
814
561
305
826
566
323
662
564
305
826
568
563
266
1174
564
305
826
569
310
266
617
46
568
305
58
560
820
266
617
866
305
58
563
818
266
617
302
561
305
58
564
563
266
617
302
568
305
58
564
825
266
873
558
562
305
58
566
310
266
1385
46
566
305
58
568
562
266
919
565
305
58
569
567
266
618
46
566
305
314
561
560
266
874
558
566
305
314
562
316
1386
302
561
305
314
563
568
266
618
814
561
305
314
564
825
266
874
814
562
305
314
566
306
266
1130
302
566
305
314
567
560
266
1386
814
568
305
314
568
315
1486
305
314
569
563
266
614
46
561
561
58
560
822
266
870
558
567
561
58
562
306
266
1382
558
564
561
58
563
822
266
1382
868
561
58
564
321
870
814
564
561
58
566
50
266
1382
46
565
561
58
567
822
266
1428
568
561
58
569
816
266
615
46
560
561
314
560
321
871
302
565
561
314
562
50
266
1383
302
560
561
314
563
564
266
1383
558
566
561
314
564
311
266
871
302
569
561
314
566
562
266
1127
608
561
314
567
51
266
661
564
561
314
569
560
266
1685
563
561
570
560
576
872
46
561
561
570
561
316
1128
814
567
561
570
563
49
266
1384
46
568
561
570
565
565
266
1128
558
569
561
570
567
48
266
1384
814
564
561
570
567
824
266
918
568
561
570
569
562
266
1735
561
826
560
817
266
617
46
561
561
826
561
307
266
1129
558
564
561
826
563
816
266
1385
46
567
561
826
563
577
617
302
560
561
826
564
320
873
302
561
561
826
565
825
266
1129
814
562
561
826
566
824
266
1385
302
566
561
826
567
321
1431
561
561
826
569
565
266
618
558
564
561
58
560
309
266
618
609
561
58
561
312
266
1130
558
567
561
58
563
564
266
1386
814
564
561
58
564
306
266
874
46
562
561
58
565
54
266
1130
302
565
561
58
566
565
266
1386
558
561
561
58
567
820
266
1386
814
562
561
58
568
563
266
1688
562
561
314
560
562
266
619
302
560
561
314
561
304
266
875
302
564
561
314
561
567
266
1131
46
564
561
314
563
818
266
1387
863
561
314
564
820
266
875
46
566
561
314
565
310
266
1131
302
566
561
314
566
321
1387
814
569
561
314
568
319
1689
564
817
58
560
49
266
615
608
817
58
561
573
1127
558
566
817
58
562
57
266
1383
814
562
817
58
563
311
266
615
46
565
817
58
564
825
266
871
46
562
817
58
565
320
1127
46
565
817
58
566
825
266
1383
558
567
817
58
567
321
661
568
817
58
568
822
266
1229
817
58
569
305
266
1685
563
817
314
560
818
266
616
302
565
817
314
561
819
266
872
558
560
817
314
562
562
266
1128
302
564
817
314
562
312
266
1384
46
566
817
314
563
825
266
616
558
562
817
314
564
311
266
872
558
562
817
314
566
574
1384
46
568
817
314
567
57
266
1174
563
817
314
569
562
266
617
46
568
817
570
560
824
266
873
814
568
817
570
562
819
266
1385
46
561
817
570
563
824
266
617
302
563
817
570
564
820
266
873
302
563
817
570
565
823
266
1129
302
562
817
570
567
572
1431
566
817
570
569
50
266
1743
817
826
560
50
266
618
865
817
826
561
564
266
1130
46
568
817
826
562
823
266
1386
46
562
817
826
563
320
618
814
566
817
826
564
311
266
874
558
568
817
826
565
821
266
1130
814
568
817
826
567
816
266
1386
46
566
817
826
567
320
1432
562
817
826
568
576
920
565
817
58
562
816
266
1131
610
817
58
563
565
266
619
302
568
817
58
564
56
266
875
558
563
817
58
566
317
1387
558
565
817
58
567
578
1433
560
817
58
569
565
266
1489
817
314
560
55
266
876
558
562
817
314
561
56
266
1132
814
561
817
314
563
561
266
1388
613
817
314
564
49
266
620
302
563
817
314
565
819
266
1132
302
561
817
314
566
312
266
1388
302
567
817
314
567
56
266
1178
569
817
314
569
48
266
1482
107
560
309
266
872
558
569
107
561
569
266
1128
558
561
107
562
56
266
1384
302
566
107
564
819
266
616
867
107
565
57
266
1128
302
562
107
567
574
1384
870
107
569
816
266
1686
568
363
560
565
266
873
302
569
363
562
48
266
1129
814
568
363
563
821
266
617
558
568
363
565
560
266
873
814
565
363
566
820
266
1385
558
561
363
567
825
266
919
568
363
569
564
266
618
302
569
619
560
323
874
814
560
619
562
820
266
1386
46
565
619
563
576
618
302
566
619
565
564
266
874
814
564
619
566
563
266
1386
302
569
619
568
48
266
1230
619
569
566
266
619
46
568
875
561
819
266
1131
302
566
875
562
569
266
1387
302
565
875
564
309
266
875
558
560
875
566
570
1131
615
875
567
576
665
564
875
569
50
266
620
46
561
107
560
311
266
876
814
565
107
561
578
1132
302
566
107
563
49
266
1388
867
107
564
577
876
302
569
107
566
49
266
1388
302
563
107
567
57
266
1178
567
107
569
819
266
621
302
565
363
560
578
877
558
567
363
562
564
266
1389
302
568
363
563
57
266
621
558
568
363
565
564
266
1133
302
566
363
566
569
266
1389
558
567
363
568
52
266
1435
561
363
569
569
266
617
814
562
363
561
574
1129
558
562
363
562
825
266
1385
558
563
363
564
563
266
873
558
562
363
565
567
266
1129
558
568
363
566
825
266
1385
814
566
363
568
560
266
1228
363
569
54
266
618
46
566
619
561
818
266
874
870
619
562
567
266
1386
46
566
619
564
818
266
874
46
562
619
565
577
1130
302
565
619
567
307
266
664
568
619
568
312
266
1176
563
875
560
561
266
619
610
875
561
576
1131
302
562
875
563
307
266
619
46
568
875
564
312
266
875
558
560
875
566
317
1387
46
563
875
567
822
266
1177
569
875
568
568
266
1433
569
1131
560
53
266
876
814
560
1131
562
49
266
1132
614
1131
563
566
266
620
46
562
1131
565
314
876
868
1131
566
567
266
1388
46
568
1131
568
562
266
1489
1131
569
56
266
621
302
566
363
561
563
266
1133
302
560
363
562
322
1389
558
564
363
564
308
266
877
302
564
363
565
824
266
1133
558
563
363
567
52
266
923
563
363
568
57
266
1435
564
619
560
560
266
622
814
568
619
561
48
266
878
610
619
563
306
266
1390
814
568
619
564
317
878
558
564
619
566
48
266
1134
608
619
567
319
1436
564
619
569
49
266
1692
564
50
58
560
564
522
864
46
560
50
58
561
54
522
1120
814
568
50
58
563
571
1376
869
50
58
564
55
522
864
302
560
50
58
566
562
522
1376
46
562
50
58
567
822
522
654
567
50
58
569
50
522
1727
50
314
560
311
522
865
302
566
50
314
562
563
522
1121
608
50
314
563
560
522
1377
814
568
50
314
564
573
609
609
50
314
565
818
522
1121
302
562
50
314
566
57
522
1377
46
568
50
314
568
829
1218
50
314
569
49
522
1423
569
50
570
561
311
522
1122
46
565
50
570
563
560
522
1378
607
50
570
564
310
522
866
46
560
50
570
565
310
522
1122
302
564
50
570
566
578
1378
558
560
50
570
567
831
1424
563
50
570
569
560
522
1168
568
50
826
560
48
522
867
302
562
50
826
561
577
1123
46
567
50
826
562
578
1379
558
563
50
826
564
563
522
611
558
568
50
826
565
816
522
867
46
562
50
826
566
52
522
1379
814
565
50
826
568
54
522
1480
50
826
569
51
522
612
46
562
50
58
560
572
612
814
561
50
58
561
564
522
1124
302
560
50
58
562
56
522
1380
302
561
50
58
564
562
522
612
871
50
58
565
822
522
1124
814
565
50
58
567
570
1380
870
50
58
568
311
522
1170
564
50
314
560
572
869
46
565
50
314
561
577
1125
46
564
50
314
562
313
522
1381
558
569
50
314
564
560
522
613
814
569
50
314
565
829
1125
558
567
50
314
566
579
1381
558
560
50
314
567
832
659
562
50
314
568
822
522
1171
567
50
314
569
823
522
609
558
566
306
58
561
562
522
865
864
306
58
562
566
522
1377
46
565
306
58
564
571
609
615
306
58
565
51
522
865
558
562
306
58
566
819
522
1377
302
560
306
58
567
55
522
1423
568
306
58
569
818
522
610
46
564
306
314
560
568
522
866
302
569
306
314
562
819
522
1378
46
564
306
314
563
56
522
610
302
563
306
314
565
50
522
866
868
306
314
566
576
1378
46
561
306
314
568
305
522
1221
306
314
569
309
522
611
558
568
306
570
561
48
522
867
814
562
306
570
562
52
522
1379
302
564
306
570
563
568
522
611
302
566
306
570
565
566
522
1123
302
560
306
570
567
819
522
1379
868
306
570
568
564
522
1225
306
570
569
831
612
558
566
306
826
560
569
522
868
814
568
306
826
562
566
522
1380
46
566
306
826
563
577
612
558
566
306
826
565
304
522
868
608
306
826
566
816
522
1124
558
560
306
826
567
563
522
914
562
306
826
568
824
522
1426
562
306
58
560
307
522
869
302
561
306
58
561
56
522
1125
302
569
306
58
563
563
522
613
302
562
306
58
564
578
869
558
565
306
58
566
308
522
1381
302
566
306
58
567
569
522
1171
569
306
58
569
564
522
614
302
567
306
314
560
313
522
870
558
565
306
314
562
829
1382
302
565
306
314
564
822
522
870
814
566
306
314
566
816
522
1126
814
567
306
314
567
565
522
1172
565
306
314
568
835
1684
562
562
58
560
564
522
866
558
562
562
58
561
569
522
1122
814
561
562
58
563
564
522
610
302
561
562
58
564
568
522
866
814
564
562
58
566
53
522
1122
610
562
58
567
818
522
656
564
562
58
568
824
522
1424
563
562
314
560
564
522
867
302
569
562
314
561
569
522
1123
814
562
562
314
563
52
522
611
46
562
562
314
564
565
522
867
46
563
562
314
565
56
522
1123
558
562
562
314
567
52
522
913
565
562
314
568
834
1425
563
562
570
560
573
868
302
561
562
570
561
56
522
1124
302
566
562
570
563
572
1380
302
567
562
570
563
579
612
814
561
562
570
565
564
522
1124
46
566
562
570
566
567
522
1380
302
569
562
570
567
824
522
658
567
562
570
569
829
613
302
568
562
826
561
50
522
1125
302
560
562
826
562
821
522
1381
814
567
562
826
564
576
869
814
562
562
826
566
828
1381
302
569
562
826
568
816
522
1427
562
562
826
568
312
522
1171
560
562
826
569
576
1735
562
58
560
52
522
870
302
569
562
58
562
561
522
1126
870
562
58
563
567
522
614
558
566
562
58
565
308
522
1126
558
562
562
58
566
578
1382
814
561
562
58
568
821
522
1428
564
562
314
560
49
522
615
606
562
314
561
563
522
871
606
562
314
562
51
522
1127
612
562
314
563
821
522
615
46
568
562
314
565
572
1127
46
564
562
314
566
565
522
1383
46
568
562
314
567
825
522
661
562
562
314
568
569
522
1685
565
818
58
560
566
522
867
46
568
818
58
562
819
522
1379
558
564
818
58
564
570
611
865
818
58
565
311
522
1123
558
566
818
58
566
564
522
1379
46
569
818
58
567
819
522
1425
565
818
58
569
570
612
814
567
818
314
561
49
522
868
814
565
818
314
562
561
522
1124
864
818
314
563
54
522
612
814
566
818
314
565
50
522
1124
46
569
818
314
567
560
522
1380
46
566
818
314
568
565
522
914
562
818
314
569
824
522
613
558
566
818
570
560
567
522
869
302
569
818
570
562
308
522
1381
558
562
818
570
563
579
613
814
568
818
570
566
304
522
1125
613
818
570
567
570
1171
567
818
570
569
817
522
915
566
818
570
569
569
522
614
814
562
818
826
560
54
522
870
46
568
818
826
561
313
522
1126
558
565
818
826
562
312
522
1382
558
561
818
826
563
53
522
614
302
564
818
826
565
818
522
870
814
562
818
826
566
305
522
1382
46
561
818
826
567
568
522
1428
560
818
826
569
563
522
615
46
564
818
58
561
563
522
1127
814
561
818
58
562
579
1383
613
818
58
564
49
522
615
866
818
58
565
825
522
1127
862
818
58
568
48
522
1429
563
818
58
569
568
522
616
814
560
818
314
561
577
1128
814
562
818
314
563
54
522
616
302
565
818
314
565
820
522
1128
302
562
818
314
566
566
522
1384
302
568
818
314
568
304
522
1481
818
314
569
312
522
612
558
568
50
58
561
307
522
1124
46
568
50
58
562
820
522
1380
558
561
50
58
564
826
612
867
50
58
565
56
522
1124
558
564
50
58
567
565
522
1426
566
50
58
569
307
522
613
558
560
50
314
561
570
869
867
50
314
562
823
522
1381
46
567
50
314
564
561
522
869
46
561
50
314
565
569
522
1125
610
50
314
567
311
522
915
566
50
314
569
564
522
614
558
568
50
570
561
561
522
870
869
50
570
562
833
1382
302
567
50
570
564
818
522
614
614
50
570
565
565
522
1126
814
568
50
570
567
818
522
916
566
50
570
569
304
522
1481
50
826
560
53
522
871
302
566
50
826
561
577
1127
46
564
50
826
563
562
522
615
46
569
50
826
564
825
522
871
814
566
50
826
566
575
1383
46
560
50
826
568
817
522
1481
50
826
569
823
522
616
814
568
50
58
561
306
522
1128
46
563
50
58
562
566
522
1384
814
568
50
58
564
560
522
616
615
50
58
565
823
522
1128
302
569
50
58
567
820
522
1174
563
50
58
569
560
522
1480
50
314
560
54
522
873
46
562
50
314
562
49
522
1129
865
50
314
563
832
617
46
564
50
314
565
571
873
864
50
314
566
566
522
1129
868
50
314
567
563
522
919
560
50
314
568
568
522
1687
563
306
58
560
560
522
613
302
569
306
58
561
49
522
869
865
306
58
562
55
522
1381
302
564
306
58
563
56
522
613
814
561
306
58
565
560
522
869
814
566
306
58
566
53
522
1381
302
563
306
58
567
579
1427
560
306
58
569
309
522
614
814
562
306
314
561
576
1126
302
560
306
314
563
48
522
1382
302
560
306
314
564
564
522
870
558
562
306
314
565
579
1126
814
566
306
314
567
564
522
916
569
306
314
568
825
522
1172
564
306
570
560
818
522
615
612
306
570
561
563
522
871
612
306
570
562
818
522
1383
46
562
306
570
563
56
522
615
302
568
306
570
564
832
871
302
562
306
570
566
306
522
1383
302
568
306
570
568
48
522
1429
568
306
570
569
55
522
616
814
569
306
826
561
306
522
872
611
306
826
562
572
1128
869
306
826
563
564
522
1384
868
306
826
564
827
872
46
560
306
826
566
570
1128
302
560
306
826
567
820
522
1384
814
566
306
826
568
825
522
1686
563
306
58
560
816
522
617
814
566
306
58
561
307
522
1129
814
560
306
58
563
307
522
617
302
564
306
58
565
52
522
1129
46
569
306
58
567
48
522
1385
610
306
58
568
53
522
1175
561
306
58
569
52
522
618
558
568
306
314
561
826
874
862
306
314
562
565
522
1130
862
306
314
564
562
522
618
869
306
314
565
55
522
1130
302
564
306
314
567
573
1432
567
306
314
569
52
522
614
814
567
562
58
561
50
522
1126
46
568
562
58
562
56
522
1382
868
562
58
564
313
522
870
607
562
58
567
564
522
1476
562
314
560
831
1127
558
566
562
314
567
829
1383
558
565
562
314
567
569
522
1429
563
562
570
560
311
522
872
558
560
562
570
562
564
522
1384
558
564
562
570
563
313
522
616
46
561
562
570
564
567
522
872
814
567
562
570
566
54
522
1384
302
562
562
570
568
563
522
918
568
562
570
569
569
522
617
814
565
562
826
561
565
522
1129
814
567
562
826
563
571
1385
868
562
826
564
55
522
873
302
563
562
826
566
563
522
1385
302
568
562
826
568
560
522
663
563
562
826
569
823
522
618
558
564
562
58
561
53
522
1130
814
564
562
58
563
571
618
46
562
562
58
564
575
874
558
566
562
58
566
309
522
1130
868
562
58
567
50
522
920
561
562
58
568
55
522
1486
562
58
569
573
1432
561
562
314
560
49
522
875
302
560
562
314
561
57
522
1131
46
563
562
314
562
56
522
1387
558
564
562
314
564
564
522
875
814
561
562
314
565
575
1131
862
562
314
567
563
522
1387
607
562
314
568
566
522
921
565
818
58
560
306
522
615
868
818
58
561
819
522
871
614
818
58
562
568
522
1383
302
565
818
58
564
54
522
871
46
568
818
58
566
51
522
1383
46
569
818
58
567
312
522
1173
562
818
58
569
52
522
616
46
569
818
314
560
567
522
872
46
566
818
314
562
819
522
1384
558
561
818
314
564
49
522
616
871
818
314
565
829
872
611
818
314
566
311
522
1384
302
566
818
314
568
52
522
1430
563
818
570
560
48
522
617
612
818
570
561
567
522
1129
302
569
818
570
563
561
522
617
814
561
818
570
564
835
873
866
818
570
566
577
1385
302
560
818
570
568
571
919
565
818
570
569
820
522
618
606
818
826
561
566
522
1130
46
562
818
826
563
50
522
618
46
569
818
826
564
57
522
874
609
818
826
566
55
522
1386
302
565
818
826
568
818
522
1484
818
826
569
566
522
619
302
562
818
58
561
52
522
1131
814
564
818
58
564
826
619
866
818
58
566
571
1387
814
567
818
58
568
572
1433
562
818
314
560
817
522
876
302
561
818
314
562
304
522
1388
46
560
818
314
563
312
522
620
608
818
314
565
55
522
1132
558
564
818
314
567
309
522
1434
569
818
314
569
561
522
616
46
569
108
561
560
522
872
865
108
562
312
522
1384
814
566
108
564
566
522
872
302
568
108
566
830
1384
814
568
108
568
562
522
1174
562
108
569
824
522
617
814
561
364
561
575
1129
46
564
364
563
50
522
617
46
562
364
564
55
522
873
814
560
364
565
569
522
1129
612
364
567
577
1431
560
364
569
822
522
618
302
563
620
561
564
522
1130
814
568
620
563
828
618
302
569
620
564
579
874
814
560
620
566
51
522
1386
558
565
620
568
817
522
920
562
620
569
313
522
619
814
568
876
561
822
522
1131
302
562
876
563
563
522
619
302
569
876
565
48
522
875
814
560
876
566
819
522
1387
558
563
876
568
49
522
921
564
876
569
57
522
620
814
568
108
561
54
522
1132
46
568
108
563
307
522
620
558
566
108
565
561
522
876
614
108
566
54
522
1388
558
568
108
568
571
1178
561
364
560
560
522
621
866
364
561
824
522
1133
814
563
364
563
822
522
621
302
561
364
565
52
522
1133
814
562
364
567
818
522
667
565
364
568
835
1492
364
560
56
522
873
558
568
364
562
309
522
1385
46
561
364
564
817
522
617
610
364
565
821
522
1129
302
562
364
566
564
522
1129
814
560
364
567
817
522
919
562
364
569
49
522
1738
620
560
567
522
874
302
564
620
562
561
522
1386
46
564
620
563
828
874
46
564
620
565
825
522
1130
609
620
567
55
522
1176
564
620
568
568
522
1176
567
876
560
