0.60206 2.19434
0.69897 2.25202
0.778151 2.30242
0.845098 2.33464
0.90309 2.36532
0.954243 2.38485
1 2.3995
1.04139 2.40762
1.07918 2.41441
1.11394 2.42413
1.17609 2.44205
1.20412 2.44881
1.23045 2.4548
1.27875 2.46933
1.32222 2.48157
1.36173 2.49242
1.39794 2.50838
1.43136 2.51114
1.4624 2.52174
1.50515 2.53671
1.54407 2.54647
1.57978 2.56513
1.61278 2.58129
1.65321 2.59353
1.6902 2.6151
1.73239 2.62395
1.77085 2.64968
1.80618 2.67904
1.8451 2.6743
1.88081 2.72229
1.91908 2.74946
1.95904 2.76531
1.99564 2.79138
2.03342 2.80326
2.06819 2.85632
2.10721 2.88042
2.14613 2.88286
2.18184 2.91268
2.22011 2.96506
2.25768 3.02202
2.29447 3.0351
2.33244 3.07096
2.37107 3.09816
2.40824 3.1517
2.4456 3.18145
2.48287 3.21333
2.52114 3.22639
2.55871 3.24114
2.5966 3.29098
2.63448 3.30003
2.6721 3.32966
2.70927 3.31601
2.74663 3.39971
2.78462 3.39012
2.82217 3.50146
2.85974 3.51752
2.89763 3.49355
2.935 3.54618
2.97267 3.61785
3.0103 3.66217
3.04805 3.66391
3.08565 3.72417
3.1232 3.69812
3.16077 3.69388
3.19838 3.74594
3.23603 3.84528
3.2737 3.8325
3.31133 3.77646
