0.60206 2.19486
0.69897 2.25711
0.778151 2.30767
0.845098 2.33994
0.90309 2.37007
0.954243 2.38863
1 2.40226
1.04139 2.40932
1.07918 2.42102
1.11394 2.42497
1.17609 2.44499
1.20412 2.45148
1.23045 2.46087
1.27875 2.47171
1.32222 2.48722
1.36173 2.49208
1.39794 2.50801
1.43136 2.52189
1.4624 2.53116
1.50515 2.54457
1.54407 2.5624
1.57978 2.56876
1.61278 2.58782
1.65321 2.60565
1.6902 2.60802
1.73239 2.63487
1.77085 2.64639
1.80618 2.6736
1.8451 2.6816
1.88081 2.69374
1.91908 2.71599
1.95904 2.73824
1.99564 2.79096
2.03342 2.80149
2.06819 2.79741
2.10721 2.84288
2.14613 2.90328
2.18184 2.91533
2.22011 2.96135
2.25768 2.99196
2.29447 2.99825
2.33244 3.05027
2.37107 3.09534
2.40824 3.12454
2.4456 3.15391
2.48287 3.21854
2.52114 3.19633
2.55871 3.22585
2.5966 3.32251
2.63448 3.30087
2.6721 3.33159
2.70927 3.41371
2.74663 3.43638
2.78462 3.43429
2.82217 3.46845
2.85974 3.52778
2.89763 3.57796
2.935 3.58341
2.97267 3.63123
3.0103 3.6393
3.04805 3.68759
3.08565 3.71609
3.1232 3.76372
3.16077 3.80603
3.19838 3.85862
3.23603 3.82009
3.2737 3.78532
3.31133 3.81784
3.34889 3.88198
