0.60206 2.18985
0.69897 2.25462
0.778151 2.29884
0.845098 2.33897
0.90309 2.36578
0.954243 2.38431
1 2.39987
1.04139 2.4049
1.07918 2.41474
1.11394 2.42391
1.17609 2.43683
1.20412 2.45262
1.23045 2.45943
1.27875 2.474
1.32222 2.48609
1.36173 2.49969
1.39794 2.50756
1.43136 2.51657
1.4624 2.52775
1.50515 2.54444
1.54407 2.55741
1.57978 2.57892
1.61278 2.58135
1.65321 2.60134
1.6902 2.62175
1.73239 2.64078
1.77085 2.66021
1.80618 2.66467
1.8451 2.68405
1.88081 2.711
1.91908 2.71435
1.95904 2.75511
1.99564 2.77256
2.03342 2.81784
2.06819 2.85271
2.10721 2.87871
2.14613 2.88592
2.18184 2.9459
2.22011 2.96645
2.25768 3.02209
2.29447 3.04222
2.33244 3.03568
2.37107 3.12014
2.40824 3.14435
2.4456 3.16794
2.48287 3.22951
2.52114 3.18249
2.55871 3.20141
2.5966 3.26085
2.63448 3.34619
2.6721 3.30609
2.70927 3.29579
2.74663 3.37011
2.78462 3.42805
2.82217 3.47947
2.85974 3.50233
2.89763 3.53164
2.935 3.57253
2.97267 3.56075
3.0103 3.59481
3.04805 3.68953
3.08565 3.72542
3.1232 3.72635
3.16077 3.69508
3.19838 3.70933
3.23603 3.7642
