0.60206 2.17534
0.69897 2.24575
0.778151 2.29631
0.845098 2.34418
0.90309 2.37158
0.954243 2.39308
1 2.41009
1.04139 2.41629
1.07918 2.42402
1.11394 2.42975
1.17609 2.44863
1.20412 2.45333
1.23045 2.46238
1.27875 2.47293
1.32222 2.49044
1.36173 2.50169
1.39794 2.50879
1.43136 2.52072
1.4624 2.54002
1.50515 2.54959
1.54407 2.56941
1.57978 2.57449
1.61278 2.59113
1.65321 2.60416
1.6902 2.62618
1.73239 2.63845
1.77085 2.66019
1.80618 2.67331
1.8451 2.69598
1.88081 2.72285
1.91908 2.75494
1.95904 2.74892
1.99564 2.80893
2.03342 2.81183
2.06819 2.86711
2.10721 2.89357
2.14613 2.90798
2.18184 2.97396
2.22011 2.98504
2.25768 3.01984
2.29447 3.04857
2.33244 3.07187
2.37107 3.10905
2.40824 3.13363
2.4456 3.1813
2.48287 3.21859
2.52114 3.2854
2.55871 3.26012
2.5966 3.36574
2.63448 3.38112
2.6721 3.42145
2.70927 3.3969
2.74663 3.49339
2.78462 3.47236
2.82217 3.54257
2.85974 3.58952
2.89763 3.60707
2.935 3.58717
2.97267 3.62588
3.0103 3.77493
3.04805 3.64344
3.08565 3.7581
3.1232 3.77519
3.16077 3.8208
3.19838 3.83912
3.23603 3.84308
3.2737 3.85307
3.31133 3.89255
3.34889 3.94395
3.3865 3.92082
3.42423 3.97112
3.4618 3.96954
3.49941 3.98964
3.53706 4.01682
3.57473 4.05923
