0.60206 2.18366
0.69897 2.24664
0.778151 2.29771
0.845098 2.3354
0.90309 2.36659
0.954243 2.38936
1 2.40113
1.04139 2.41033
1.07918 2.4196
1.11394 2.42172
1.17609 2.4358
1.20412 2.44553
1.23045 2.45494
1.27875 2.47196
1.32222 2.48219
1.36173 2.48829
1.39794 2.50646
1.43136 2.51521
1.4624 2.53157
1.50515 2.54203
1.54407 2.55984
1.57978 2.56095
1.61278 2.57591
1.65321 2.5918
1.6902 2.60314
1.73239 2.61807
1.77085 2.66508
1.80618 2.67609
1.8451 2.68435
1.88081 2.71562
1.91908 2.72301
1.95904 2.77961
1.99564 2.80643
2.03342 2.80148
2.06819 2.86079
2.10721 2.86174
2.14613 2.91595
2.18184 2.92586
2.22011 2.97533
2.25768 3.00526
2.29447 3.04316
2.33244 3.09984
2.37107 3.12011
2.40824 3.13904
2.4456 3.15705
2.48287 3.22332
2.52114 3.22055
2.55871 3.22391
2.5966 3.29015
2.63448 3.31865
2.6721 3.35096
2.70927 3.38594
2.74663 3.45
2.78462 3.41721
2.82217 3.46706
2.85974 3.50312
2.89763 3.50836
2.935 3.55635
2.97267 3.61699
3.0103 3.65459
3.04805 3.64473
3.08565 3.68924
3.1232 3.72095
3.16077 3.73604
3.19838 3.77181
3.23603 3.87364
3.2737 3.85753
3.31133 3.78948
3.34889 3.911
