0.60206 2.20099
0.69897 2.25372
0.778151 2.30939
0.845098 2.34387
0.90309 2.37227
0.954243 2.39249
1 2.40311
1.04139 2.40797
1.07918 2.41658
1.11394 2.42467
1.17609 2.43991
1.20412 2.44768
1.23045 2.45289
1.27875 2.46977
1.32222 2.47903
1.36173 2.48837
1.39794 2.50741
1.43136 2.52452
1.4624 2.52863
1.50515 2.54761
1.54407 2.56623
1.57978 2.58268
1.61278 2.59763
1.65321 2.61447
1.6902 2.62388
1.73239 2.64062
1.77085 2.66045
1.80618 2.67741
1.8451 2.71095
1.88081 2.70968
1.91908 2.74292
1.95904 2.74573
1.99564 2.77575
2.03342 2.81499
2.06819 2.81277
2.10721 2.86488
2.14613 2.88127
2.18184 2.93278
2.22011 2.95516
2.25768 2.99778
2.29447 3.02776
2.33244 3.07783
2.37107 3.14342
2.40824 3.14374
2.4456 3.17697
2.48287 3.20158
2.52114 3.26461
2.55871 3.29457
2.5966 3.32708
2.63448 3.2948
2.6721 3.34493
2.70927 3.42904
2.74663 3.40139
2.78462 3.43481
2.82217 3.39697
2.85974 3.49535
2.89763 3.56625
2.935 3.62484
2.97267 3.63073
3.0103 3.61984
3.04805 3.64827
3.08565 3.70462
3.1232 3.78916
3.16077 3.74433
3.19838 3.79686
3.23603 3.79029
3.2737 3.84433
3.31133 3.8434
3.34889 3.91956
3.3865 3.95576
