0.60206 2.18854
0.69897 2.25171
0.778151 2.30086
0.845098 2.33999
0.90309 2.35969
0.954243 2.38394
1 2.39906
1.04139 2.40455
1.07918 2.41484
1.11394 2.42574
1.17609 2.44207
1.20412 2.44581
1.23045 2.45463
1.27875 2.46864
1.32222 2.47757
1.36173 2.49717
1.39794 2.50529
1.43136 2.52061
1.4624 2.52524
1.50515 2.53589
1.54407 2.55671
1.57978 2.56782
1.61278 2.58205
1.65321 2.59664
1.6902 2.61333
1.73239 2.63417
1.77085 2.66124
1.80618 2.66479
1.8451 2.68339
1.88081 2.70589
1.91908 2.74908
1.95904 2.76238
1.99564 2.789
2.03342 2.80287
2.06819 2.85863
2.10721 2.87818
2.14613 2.92427
2.18184 2.96242
2.22011 2.95513
2.25768 3.03892
2.29447 3.03737
2.33244 3.06446
2.37107 3.11692
2.40824 3.16963
2.4456 3.18962
2.48287 3.23697
2.52114 3.26394
2.55871 3.24081
2.5966 3.27454
2.63448 3.32917
2.6721 3.33786
2.70927 3.3514
2.74663 3.37296
2.78462 3.47691
2.82217 3.50803
2.85974 3.41131
2.89763 3.51956
2.935 3.55994
2.97267 3.60749
3.0103 3.6167
3.04805 3.63634
3.08565 3.6494
3.1232 3.60917
3.16077 3.674
3.19838 3.69577
3.23603 3.76687
