0.60206 2.19285
0.69897 2.25806
0.778151 2.30386
0.845098 2.34305
0.90309 2.36937
0.954243 2.39237
1 2.4089
1.04139 2.41462
1.07918 2.4241
1.11394 2.43314
1.17609 2.45149
1.20412 2.46142
1.23045 2.46621
1.27875 2.47616
1.32222 2.49103
1.36173 2.50758
1.39794 2.52215
1.43136 2.52255
1.4624 2.53835
1.50515 2.55392
1.54407 2.56505
1.57978 2.58045
1.61278 2.58879
1.65321 2.60226
1.6902 2.6211
1.73239 2.62799
1.77085 2.63553
1.80618 2.67568
1.8451 2.69605
1.88081 2.70207
1.91908 2.73044
1.95904 2.75815
1.99564 2.76731
2.03342 2.81877
2.06819 2.84685
2.10721 2.8562
2.14613 2.90318
2.18184 2.90868
2.22011 2.92689
2.25768 2.9687
2.29447 2.98828
2.33244 3.05636
2.37107 3.08379
2.40824 3.10757
2.4456 3.13603
2.48287 3.14837
2.52114 3.21272
2.55871 3.26211
2.5966 3.27769
2.63448 3.2616
2.6721 3.31282
2.70927 3.38602
2.74663 3.40774
2.78462 3.38513
2.82217 3.42779
2.85974 3.47082
2.89763 3.47378
2.935 3.5664
2.97267 3.53092
3.0103 3.62009
3.04805 3.67746
3.08565 3.71159
3.1232 3.76097
3.16077 3.77984
3.19838 3.79412
3.23603 3.84264
3.2737 3.79772
3.31133 3.83592
3.34889 3.86334
3.3865 3.88014
