0.60206 2.18363
0.69897 2.25246
0.778151 2.30154
0.845098 2.34059
0.90309 2.36704
0.954243 2.39256
1 2.40523
1.04139 2.41668
1.07918 2.42571
1.11394 2.43373
1.17609 2.44939
1.20412 2.45588
1.23045 2.46737
1.27875 2.48127
1.32222 2.49454
1.36173 2.50517
1.39794 2.52203
1.43136 2.52837
1.4624 2.53016
1.50515 2.54762
1.54407 2.56811
1.57978 2.57844
1.61278 2.58981
1.65321 2.60568
1.6902 2.6278
1.73239 2.6527
1.77085 2.65278
1.80618 2.68081
1.8451 2.70167
1.88081 2.72035
1.91908 2.73782
1.95904 2.786
1.99564 2.78596
2.03342 2.81344
2.06819 2.8517
2.10721 2.88699
2.14613 2.90085
2.18184 2.93312
2.22011 2.96526
2.25768 3.01996
2.29447 3.06646
2.33244 3.06777
2.37107 3.1124
2.40824 3.14582
2.4456 3.20505
2.48287 3.21205
2.52114 3.23832
2.55871 3.30336
2.5966 3.32274
2.63448 3.37493
2.6721 3.37414
2.70927 3.44235
2.74663 3.41529
2.78462 3.45718
2.82217 3.43793
2.85974 3.47736
2.89763 3.57781
2.935 3.59421
2.97267 3.56164
3.0103 3.61981
3.04805 3.68213
3.08565 3.66173
3.1232 3.74029
3.16077 3.73483
3.19838 3.73151
3.23603 3.76422
3.2737 3.91654
3.31133 3.83812
3.34889 3.86832
3.3865 3.9494
