0.60206 2.18325
0.69897 2.25649
0.778151 2.3045
0.845098 2.3479
0.90309 2.37286
0.954243 2.39787
1 2.4117
1.04139 2.41995
1.07918 2.42828
1.11394 2.43425
1.17609 2.4507
1.20412 2.4572
1.23045 2.4664
1.27875 2.48095
1.32222 2.49064
1.36173 2.50331
1.39794 2.51488
1.43136 2.52768
1.4624 2.53374
1.50515 2.54932
1.54407 2.56274
1.57978 2.5768
1.61278 2.58851
1.65321 2.6042
1.6902 2.60729
1.73239 2.62349
1.77085 2.64583
1.80618 2.65809
1.8451 2.66669
1.88081 2.70799
1.91908 2.71472
1.95904 2.74663
1.99564 2.76556
2.03342 2.79967
2.06819 2.83087
2.10721 2.86644
2.14613 2.87289
2.18184 2.89552
2.22011 2.94294
2.25768 2.98369
2.29447 2.99377
2.33244 3.07086
2.37107 3.06805
2.40824 3.12059
2.4456 3.16432
2.48287 3.17269
2.52114 3.22151
2.55871 3.29897
2.5966 3.30685
2.63448 3.35448
2.6721 3.42434
2.70927 3.41692
2.74663 3.36724
2.78462 3.45034
2.82217 3.47954
2.85974 3.4756
2.89763 3.54795
2.935 3.60083
2.97267 3.66257
3.0103 3.59464
3.04805 3.67034
3.08565 3.68668
3.1232 3.75796
3.16077 3.78705
3.19838 3.79119
3.23603 3.83087
3.2737 3.79628
3.31133 3.84948
3.34889 3.90728
3.3865 3.89924
3.42423 3.90308
3.4618 3.95676
