0.60206 2.18713
0.69897 2.25402
0.778151 2.30441
0.845098 2.34473
0.90309 2.37406
0.954243 2.40031
1 2.41247
1.04139 2.42248
1.07918 2.42474
1.11394 2.43968
1.17609 2.45702
1.20412 2.46326
1.23045 2.47343
1.27875 2.48525
1.32222 2.49619
1.36173 2.50604
1.39794 2.51931
1.43136 2.52662
1.4624 2.53623
1.50515 2.55004
1.54407 2.56826
1.57978 2.57549
1.61278 2.59484
1.65321 2.60875
1.6902 2.61572
1.73239 2.64781
1.77085 2.66109
1.80618 2.67575
1.8451 2.69336
1.88081 2.71987
1.91908 2.743
1.95904 2.75645
1.99564 2.78602
2.03342 2.8167
2.06819 2.84521
2.10721 2.88252
2.14613 2.9116
2.18184 2.9452
2.22011 2.97653
2.25768 3.0103
2.29447 3.01882
2.33244 3.08161
2.37107 3.10561
2.40824 3.13676
2.4456 3.19966
2.48287 3.21467
2.52114 3.25401
2.55871 3.26533
2.5966 3.32374
2.63448 3.32464
2.6721 3.32449
2.70927 3.40694
2.74663 3.4164
2.78462 3.44605
2.82217 3.45912
2.85974 3.43891
2.89763 3.52937
2.935 3.53935
2.97267 3.67246
3.0103 3.65663
3.04805 3.67257
3.08565 3.66676
3.1232 3.70909
3.16077 3.78875
3.19838 3.80508
3.23603 3.86282
3.2737 3.80243
3.31133 3.80162
3.34889 3.89192
3.3865 3.90108
3.42423 3.84715
3.4618 3.88796
3.49941 3.93327
