0.60206 2.19771
0.69897 2.25746
0.778151 2.3063
0.845098 2.34408
0.90309 2.3685
0.954243 2.39173
1 2.40081
1.04139 2.41335
1.07918 2.42309
1.11394 2.42882
1.17609 2.44621
1.20412 2.45164
1.23045 2.46206
1.27875 2.47541
1.32222 2.48385
1.36173 2.49924
1.39794 2.50797
1.43136 2.52253
1.4624 2.52605
1.50515 2.53409
1.54407 2.55873
1.57978 2.5693
1.61278 2.57968
1.65321 2.59689
1.6902 2.60564
1.73239 2.62296
1.77085 2.64253
1.80618 2.6597
1.8451 2.68155
1.88081 2.70562
1.91908 2.71765
1.95904 2.75796
1.99564 2.78724
2.03342 2.8221
2.06819 2.83462
2.10721 2.84472
2.14613 2.89126
2.18184 2.92277
2.22011 2.96288
2.25768 2.98683
2.29447 3.03599
2.33244 3.06734
2.37107 3.09092
2.40824 3.13466
2.4456 3.15574
2.48287 3.21919
2.52114 3.20306
2.55871 3.29527
2.5966 3.26237
2.63448 3.28473
2.6721 3.39501
2.70927 3.3637
2.74663 3.36257
2.78462 3.38749
2.82217 3.43589
2.85974 3.44504
2.89763 3.45407
2.935 3.53879
2.97267 3.57975
3.0103 3.59814
3.04805 3.62876
3.08565 3.65288
3.1232 3.7164
3.16077 3.7736
3.19838 3.78284
3.23603 3.73544
3.2737 3.76564
3.31133 3.82379
3.34889 3.82729
3.3865 3.81899
