0.60206 2.18785
0.69897 2.25593
0.778151 2.30611
0.845098 2.34273
0.90309 2.37859
0.954243 2.39543
1 2.41055
1.04139 2.41717
1.07918 2.42954
1.11394 2.43552
1.17609 2.45317
1.20412 2.4617
1.23045 2.46707
1.27875 2.48039
1.32222 2.49062
1.36173 2.50484
1.39794 2.52166
1.43136 2.52208
1.4624 2.53547
1.50515 2.55465
1.54407 2.56841
1.57978 2.58514
1.61278 2.58953
1.65321 2.60311
1.6902 2.62246
1.73239 2.64273
1.77085 2.66645
1.80618 2.6782
1.8451 2.70257
1.88081 2.73945
1.91908 2.76145
1.95904 2.77223
1.99564 2.80761
2.03342 2.80639
2.06819 2.85868
2.10721 2.87288
2.14613 2.91807
2.18184 2.91642
2.22011 2.97336
2.25768 2.99016
2.29447 3.01493
2.33244 3.06934
2.37107 3.09627
2.40824 3.10758
2.4456 3.16374
2.48287 3.18705
2.52114 3.24173
2.55871 3.19163
2.5966 3.2568
2.63448 3.2795
2.6721 3.33973
2.70927 3.35795
2.74663 3.4033
2.78462 3.40879
2.82217 3.48055
2.85974 3.46553
2.89763 3.49228
2.935 3.59274
2.97267 3.59346
3.0103 3.63251
3.04805 3.67344
3.08565 3.65563
3.1232 3.6464
3.16077 3.71076
3.19838 3.69143
3.23603 3.72788
3.2737 3.74523
3.31133 3.72744
3.34889 3.79658
