0.60206 2.19543
0.69897 2.25502
0.778151 2.30389
0.845098 2.3362
0.90309 2.36715
0.954243 2.39112
1 2.40631
1.04139 2.41414
1.07918 2.42584
1.11394 2.42887
1.17609 2.44688
1.20412 2.45316
1.23045 2.46165
1.27875 2.47611
1.32222 2.48922
1.36173 2.50488
1.39794 2.51665
1.43136 2.5257
1.4624 2.52656
1.50515 2.55334
1.54407 2.56502
1.57978 2.56654
1.61278 2.5832
1.65321 2.60657
1.6902 2.61997
1.73239 2.64493
1.77085 2.6616
1.80618 2.67314
1.8451 2.69384
1.88081 2.72048
1.91908 2.72345
1.95904 2.75231
1.99564 2.79375
2.03342 2.81907
2.06819 2.84983
2.10721 2.88237
2.14613 2.88951
2.18184 2.91753
2.22011 2.98491
2.25768 2.98348
2.29447 3.03544
2.33244 3.06719
2.37107 3.08755
2.40824 3.14307
2.4456 3.19533
2.48287 3.24077
2.52114 3.21607
2.55871 3.27218
2.5966 3.32013
2.63448 3.35672
2.6721 3.32202
2.70927 3.42098
2.74663 3.44935
2.78462 3.44137
2.82217 3.40096
2.85974 3.5074
2.89763 3.49008
2.935 3.63353
2.97267 3.66736
3.0103 3.64168
3.04805 3.60793
3.08565 3.70191
3.1232 3.76799
3.16077 3.78292
3.19838 3.85931
3.23603 3.77
3.2737 3.80009
3.31133 3.86842
3.34889 3.89195
3.3865 3.87512
