0.60206 2.18773
0.69897 2.25383
0.778151 2.30027
0.845098 2.33637
0.90309 2.36315
0.954243 2.38598
1 2.40429
1.04139 2.40784
1.07918 2.41682
1.11394 2.42239
1.17609 2.44224
1.20412 2.44757
1.23045 2.45604
1.27875 2.46983
1.32222 2.47831
1.36173 2.49487
1.39794 2.50626
1.43136 2.51397
1.4624 2.52745
1.50515 2.54031
1.54407 2.55586
1.57978 2.56077
1.61278 2.58979
1.65321 2.59881
1.6902 2.61566
1.73239 2.63725
1.77085 2.65955
1.80618 2.67103
1.8451 2.6905
1.88081 2.72674
1.91908 2.74285
1.95904 2.72732
1.99564 2.79062
2.03342 2.8121
2.06819 2.83873
2.10721 2.86944
2.14613 2.92007
2.18184 2.94173
2.22011 2.97477
2.25768 2.98951
2.29447 3.02198
2.33244 3.08451
2.37107 3.1129
2.40824 3.14467
2.4456 3.17398
2.48287 3.23445
2.52114 3.25422
2.55871 3.26541
2.5966 3.31355
2.63448 3.35478
2.6721 3.39329
2.70927 3.41934
2.74663 3.41958
2.78462 3.4124
2.82217 3.44582
2.85974 3.44326
2.89763 3.54498
2.935 3.58216
2.97267 3.64195
3.0103 3.68981
3.04805 3.69697
3.08565 3.66371
3.1232 3.75043
3.16077 3.83456
3.19838 3.77415
3.23603 3.88615
3.2737 3.77913
3.31133 3.85043
3.34889 3.86616
3.3865 3.9234
3.42423 3.88104
