0.60206 2.17746
0.69897 2.24686
0.778151 2.29164
0.845098 2.33578
0.90309 2.36794
0.954243 2.3845
1 2.40203
1.04139 2.41048
1.07918 2.41858
1.11394 2.42838
1.17609 2.44125
1.20412 2.45027
1.23045 2.46108
1.27875 2.47382
1.32222 2.484
1.36173 2.49111
1.39794 2.50817
1.43136 2.51555
1.4624 2.52954
1.50515 2.55725
1.54407 2.56639
1.57978 2.58574
1.61278 2.59489
1.65321 2.60445
1.6902 2.62688
1.73239 2.64509
1.77085 2.65195
1.80618 2.67343
1.8451 2.71129
1.88081 2.71639
1.91908 2.73568
1.95904 2.78032
1.99564 2.79677
2.03342 2.82576
2.06819 2.85558
2.10721 2.86184
2.14613 2.9066
2.18184 2.94595
2.22011 2.97693
2.25768 2.99209
2.29447 3.0564
2.33244 3.08911
2.37107 3.09943
2.40824 3.1314
2.4456 3.17012
2.48287 3.2091
2.52114 3.24035
2.55871 3.28357
2.5966 3.30791
2.63448 3.30306
2.6721 3.33244
2.70927 3.35987
2.74663 3.35258
2.78462 3.43279
2.82217 3.46589
2.85974 3.52974
2.89763 3.50474
2.935 3.51153
2.97267 3.64293
3.0103 3.66055
3.04805 3.61855
3.08565 3.74174
3.1232 3.62167
3.16077 3.70302
3.19838 3.76413
3.23603 3.76793
3.2737 3.77509
3.31133 3.81379
