0.60206 2.1921
0.69897 2.2533
0.778151 2.30634
0.845098 2.34225
0.90309 2.3701
0.954243 2.39439
1 2.4084
1.04139 2.41495
1.07918 2.42581
1.11394 2.43529
1.17609 2.45458
1.20412 2.46166
1.23045 2.47218
1.27875 2.47971
1.32222 2.49126
1.36173 2.51127
1.39794 2.52039
1.43136 2.528
1.4624 2.5428
1.50515 2.55807
1.54407 2.56518
1.57978 2.58596
1.61278 2.60267
1.65321 2.61208
1.6902 2.63553
1.73239 2.65981
1.77085 2.68301
1.80618 2.69251
1.8451 2.72535
1.88081 2.74751
1.91908 2.75381
1.95904 2.78393
1.99564 2.82007
2.03342 2.8549
2.06819 2.84147
2.10721 2.90377
2.14613 2.89721
2.18184 2.96341
2.22011 2.99459
2.25768 3.0407
2.29447 3.0556
2.33244 3.05322
2.37107 3.14486
2.40824 3.13454
2.4456 3.17602
2.48287 3.19993
2.52114 3.20962
2.55871 3.27954
2.5966 3.31759
2.63448 3.27649
2.6721 3.3003
2.70927 3.36122
2.74663 3.35266
2.78462 3.42097
2.82217 3.42503
2.85974 3.50103
2.89763 3.52556
2.935 3.52559
2.97267 3.62225
3.0103 3.64263
3.04805 3.66246
3.08565 3.70099
3.1232 3.6741
3.16077 3.70593
3.19838 3.73581
3.23603 3.74534
3.2737 3.79529
