0.60206 2.1814
0.69897 2.25045
0.778151 2.30257
0.845098 2.3417
0.90309 2.37416
0.954243 2.39565
1 2.40537
1.04139 2.41526
1.07918 2.42552
1.11394 2.43165
1.17609 2.44661
1.20412 2.45556
1.23045 2.45957
1.27875 2.47426
1.32222 2.48601
1.36173 2.49836
1.39794 2.51329
1.43136 2.52479
1.4624 2.5343
1.50515 2.54561
1.54407 2.56369
1.57978 2.57143
1.61278 2.59319
1.65321 2.61029
1.6902 2.62519
1.73239 2.632
1.77085 2.66102
1.80618 2.65036
1.8451 2.68862
1.88081 2.70578
1.91908 2.72177
1.95904 2.76081
1.99564 2.7821
2.03342 2.78981
2.06819 2.81874
2.10721 2.84736
2.14613 2.89816
2.18184 2.91922
2.22011 2.96424
2.25768 2.98333
2.29447 3.00758
2.33244 3.02809
2.37107 3.07927
2.40824 3.09279
2.4456 3.15193
2.48287 3.16266
2.52114 3.20665
2.55871 3.26618
2.5966 3.28169
2.63448 3.31065
2.6721 3.39308
2.70927 3.35109
2.74663 3.35696
2.78462 3.39766
2.82217 3.42999
2.85974 3.39148
2.89763 3.44806
2.935 3.55563
2.97267 3.61854
3.0103 3.58875
3.04805 3.66542
3.08565 3.63151
3.1232 3.76046
3.16077 3.7842
3.19838 3.79953
3.23603 3.82019
3.2737 3.78496
3.31133 3.82284
3.34889 3.90537
3.3865 3.94753
3.42423 3.91427
3.4618 3.95699
3.49941 3.91225
