0.60206 2.19211
0.69897 2.25602
0.778151 2.30099
0.845098 2.33782
0.90309 2.36521
0.954243 2.38509
1 2.39898
1.04139 2.41
1.07918 2.41893
1.11394 2.42645
1.17609 2.44183
1.20412 2.45361
1.23045 2.45569
1.27875 2.46824
1.32222 2.48445
1.36173 2.49434
1.39794 2.50561
1.43136 2.51669
1.4624 2.5273
1.50515 2.54019
1.54407 2.56017
1.57978 2.56218
1.61278 2.58735
1.65321 2.59727
1.6902 2.60595
1.73239 2.62174
1.77085 2.65861
1.80618 2.67589
1.8451 2.68331
1.88081 2.72402
1.91908 2.73403
1.95904 2.77665
1.99564 2.77782
2.03342 2.79946
2.06819 2.85266
2.10721 2.85387
2.14613 2.89843
2.18184 2.91076
2.22011 2.9429
2.25768 2.99975
2.29447 2.99934
2.33244 3.04319
2.37107 3.08038
2.40824 3.08473
2.4456 3.09385
2.48287 3.19172
2.52114 3.2111
2.55871 3.24963
2.5966 3.28239
2.63448 3.26644
2.6721 3.30518
2.70927 3.35125
2.74663 3.42045
2.78462 3.45099
2.82217 3.41655
2.85974 3.52292
2.89763 3.54059
2.935 3.64532
2.97267 3.61876
3.0103 3.68237
3.04805 3.71035
3.08565 3.7308
3.1232 3.81085
3.16077 3.82929
3.19838 3.86769
3.23603 3.83924
3.2737 3.8468
3.31133 3.89393
3.34889 3.92833
3.3865 3.90635
