0.60206 2.18935
0.69897 2.25307
0.778151 2.30374
0.845098 2.34245
0.90309 2.37877
0.954243 2.39607
1 2.41282
1.04139 2.42122
1.07918 2.42855
1.11394 2.43453
1.17609 2.45137
1.20412 2.45865
1.23045 2.46489
1.27875 2.48086
1.32222 2.49029
1.36173 2.497
1.39794 2.5163
1.43136 2.52203
1.4624 2.53757
1.50515 2.55199
1.54407 2.56273
1.57978 2.56909
1.61278 2.57888
1.65321 2.60393
1.6902 2.6154
1.73239 2.64249
1.77085 2.65
1.80618 2.66153
1.8451 2.68245
1.88081 2.70819
1.91908 2.7151
1.95904 2.75107
1.99564 2.76548
2.03342 2.81629
2.06819 2.82271
2.10721 2.86017
2.14613 2.88661
2.18184 2.92184
2.22011 2.96484
2.25768 2.97607
2.29447 3.01995
2.33244 3.0581
2.37107 3.09269
2.40824 3.10222
2.4456 3.16813
2.48287 3.18695
2.52114 3.17502
2.55871 3.28683
2.5966 3.25291
2.63448 3.28189
2.6721 3.32417
2.70927 3.33921
2.74663 3.42276
2.78462 3.39633
2.82217 3.52334
2.85974 3.46962
2.89763 3.57031
2.935 3.53671
2.97267 3.60628
3.0103 3.64472
3.04805 3.65223
3.08565 3.72771
3.1232 3.72981
3.16077 3.80891
3.19838 3.78733
3.23603 3.79379
3.2737 3.82852
3.31133 3.82415
3.34889 3.85335
3.3865 3.84555
3.42423 3.84342
