0.60206 1.93623
0.69897 2.02904
0.778151 2.16888
0.845098 2.24177
0.90309 2.24869
0.954243 2.27123
1 2.34852
1.04139 2.40801
1.07918 2.42841
1.11394 2.42493
1.17609 2.49526
1.20412 2.586
1.23045 2.62809
1.27875 2.63966
1.32222 2.57192
1.36173 2.71095
1.39794 2.72964
1.43136 2.74909
1.4624 2.75621
1.50515 2.82731
1.54407 2.83243
1.57978 2.82301
1.61278 2.88337
1.65321 2.89293
1.6902 2.77613
1.73239 2.94792
1.77085 2.8032
1.80618 2.93442
1.8451 3.0791
1.88081 2.99211
1.91908 3.03576
1.95904 3.12522
1.99564 3.04853
2.03342 3.09246
2.06819 3.18898
2.10721 3.2601
2.14613 3.20496
2.18184 3.2145
2.22011 3.2348
2.25768 3.28569
2.29447 3.38473
2.33244 3.48003
2.37107 3.53173
2.40824 3.46204
2.4456 3.32074
2.48287 3.34478
2.52114 3.43963
2.55871 3.42361
2.5966 3.51035
2.63448 3.54354
2.6721 3.71341
2.70927 3.77232
