0.60206 1.52288
0.69897 1.65128
0.778151 1.75858
0.845098 1.8487
0.90309 1.8754
0.954243 1.94129
1 1.91473
1.04139 1.95607
1.07918 1.97744
1.11394 2.10011
1.17609 2.08364
1.20412 2.10508
1.23045 2.17407
1.27875 2.17644
1.32222 2.23778
1.36173 2.27276
1.39794 2.28531
1.43136 2.32613
1.4624 2.31185
1.50515 2.39053
1.54407 2.43181
1.57978 2.47401
1.61278 2.46332
1.65321 2.53755
1.6902 2.52447
1.73239 2.56385
1.77085 2.49525
1.80618 2.60341
1.8451 2.66834
1.88081 2.70105
1.91908 2.70899
1.95904 2.69213
1.99564 2.8228
2.03342 2.87193
2.06819 2.72503
2.10721 2.8738
2.14613 2.86642
2.18184 2.9121
2.22011 2.97016
2.25768 3.03329
2.29447 3.05502
2.33244 3.06305
2.37107 3.00077
2.40824 3.13192
2.4456 3.21221
2.48287 3.22092
2.52114 3.21042
2.55871 3.23219
2.5966 3.26844
2.63448 3.26713
2.6721 3.31313
2.70927 3.35367
2.74663 3.40357
2.78462 3.49147
2.82217 3.52609
2.85974 3.61499
2.89763 3.6558
