0.60206 1.87945
0.69897 1.92387
0.778151 2.03055
0.845098 2.09691
0.90309 2.15613
0.954243 2.26632
1 2.32588
1.04139 2.34392
1.07918 2.38136
1.11394 2.3939
1.17609 2.44244
1.20412 2.51708
1.23045 2.4791
1.27875 2.50906
1.32222 2.56598
1.36173 2.64935
1.39794 2.66958
1.43136 2.63293
1.4624 2.72537
1.50515 2.71867
1.54407 2.72776
1.57978 2.77904
1.61278 2.80499
1.65321 2.84674
1.6902 2.88446
1.73239 2.85601
1.77085 2.90626
1.80618 2.87284
1.8451 2.94049
1.88081 2.97225
1.91908 3.00272
1.95904 3.00949
1.99564 2.92323
2.03342 3.09904
2.06819 3.08219
2.10721 3.00748
2.14613 3.12152
2.18184 3.14876
2.22011 3.17349
2.25768 3.16805
2.29447 3.20902
2.33244 3.29048
2.37107 3.2373
2.40824 3.29481
2.4456 3.33377
2.48287 3.31594
2.52114 3.34811
2.55871 3.40534
2.5966 3.43444
2.63448 3.42443
2.6721 3.44542
2.70927 3.52459
2.74663 3.48067
2.78462 3.52303
2.82217 3.58401
