0.60206 1.85032
0.69897 1.92519
0.778151 1.97238
0.845098 2.03416
0.90309 2.04155
0.954243 2.06655
1 2.12739
1.04139 2.12834
1.07918 2.18127
1.11394 2.16338
1.17609 2.21586
1.20412 2.24633
1.23045 2.25865
1.27875 2.2933
1.32222 2.32605
1.36173 2.32577
1.39794 2.35191
1.43136 2.33908
1.4624 2.36689
1.50515 2.41055
1.54407 2.46937
1.57978 2.47778
1.61278 2.4794
1.65321 2.52001
1.6902 2.54009
1.73239 2.59382
1.77085 2.63615
1.80618 2.6484
1.8451 2.63966
1.88081 2.70241
1.91908 2.77068
1.95904 2.80505
1.99564 2.79732
2.03342 2.84485
2.06819 2.77961
2.10721 2.87693
2.14613 2.89637
2.18184 2.92374
2.22011 2.93952
2.25768 2.92601
2.29447 3.02628
2.33244 3.04112
2.37107 3.04144
2.40824 3.0537
2.4456 3.05333
2.48287 3.07284
2.52114 3.04714
2.55871 3.11767
2.5966 3.13149
2.63448 3.17924
2.6721 3.17206
2.70927 3.19059
2.74663 3.26925
2.78462 3.22591
2.82217 3.26491
