0.60206 1.75173
0.69897 1.87638
0.778151 1.93872
0.845098 2.02752
0.90309 2.08789
0.954243 2.12751
1 2.17877
1.04139 2.15816
1.07918 2.16746
1.11394 2.19204
1.17609 2.30523
1.20412 2.33858
1.23045 2.27341
1.27875 2.37707
1.32222 2.35452
1.36173 2.40648
1.39794 2.39316
1.43136 2.4608
1.4624 2.51487
1.50515 2.49963
1.54407 2.5601
1.57978 2.54544
1.61278 2.628
1.65321 2.59677
1.6902 2.6416
1.73239 2.70233
1.77085 2.64576
1.80618 2.77466
1.8451 2.75665
1.88081 2.77952
1.91908 2.80445
1.95904 2.84155
1.99564 2.83313
2.03342 2.89899
2.06819 2.87422
2.10721 2.89273
2.14613 2.9758
2.18184 2.95752
2.22011 2.96168
2.25768 2.96523
2.29447 2.95652
2.33244 3.01953
2.37107 3.10621
2.40824 3.14084
2.4456 3.11626
2.48287 3.07737
2.52114 3.1298
2.55871 3.20269
2.5966 3.27037
2.63448 3.25413
2.6721 3.27914
2.70927 3.3144
2.74663 3.34567
2.78462 3.38432
2.82217 3.40002
