0.60206 1.5313
0.69897 1.62427
0.778151 1.69106
0.845098 1.75104
0.90309 1.79222
0.954243 1.83549
1 1.84843
1.04139 1.88432
1.07918 1.89365
1.11394 1.94046
1.17609 1.96186
1.20412 1.98928
1.23045 2.01359
1.27875 2.04423
1.32222 2.11576
1.36173 2.111
1.39794 2.15123
1.43136 2.16235
1.4624 2.22549
1.50515 2.2285
1.54407 2.3051
1.57978 2.3041
1.61278 2.32896
1.65321 2.40535
1.6902 2.40432
1.73239 2.43339
1.77085 2.49613
1.80618 2.47741
1.8451 2.52079
1.88081 2.53804
1.91908 2.55784
1.95904 2.58706
1.99564 2.62859
2.03342 2.63313
2.06819 2.66242
2.10721 2.68663
2.14613 2.71597
2.18184 2.80308
2.22011 2.77676
2.25768 2.7696
2.29447 2.87309
2.33244 2.87175
2.37107 2.96323
2.40824 2.88817
2.4456 3.00307
2.48287 3.02866
2.52114 2.96757
2.55871 3.14158
2.5966 3.18443
2.63448 3.07719
2.6721 3.20428
2.70927 3.30859
2.74663 3.37097
2.78462 3.33352
2.82217 3.38873
2.85974 3.49615
2.89763 3.525
2.935 3.53409
2.97267 3.53264
3.0103 3.5889
