0.60206 1.84385
0.69897 1.92471
0.778151 2.08816
0.845098 2.13476
0.90309 2.22848
0.954243 2.3157
1 2.30831
1.04139 2.38226
1.07918 2.40278
1.11394 2.47744
1.17609 2.47045
1.20412 2.56347
1.23045 2.58347
1.27875 2.6104
1.32222 2.61919
1.36173 2.65529
1.39794 2.71041
1.43136 2.72992
1.4624 2.71141
1.50515 2.78742
1.54407 2.82809
1.57978 2.90993
1.61278 2.96909
1.65321 2.96234
1.6902 3.02543
1.73239 3.01131
1.77085 3.11773
1.80618 3.12416
1.8451 3.17336
1.88081 3.19407
1.91908 3.16488
1.95904 3.28118
1.99564 3.31917
2.03342 3.35252
2.06819 3.37562
2.10721 3.43638
2.14613 3.44609
2.18184 3.46348
2.22011 3.32155
2.25768 3.49667
2.29447 3.5902
2.33244 3.5647
2.37107 3.62562
2.40824 3.64094
2.4456 3.68004
2.48287 3.70109
2.52114 3.49758
2.55871 3.72655
2.5966 3.81743
2.63448 3.78995
2.6721 3.8585
2.70927 3.87892
2.74663 3.96807
2.78462 3.9812
2.82217 3.83352
