0.60206 1.59459
0.69897 1.64951
0.778151 1.73465
0.845098 1.7439
0.90309 1.80199
0.954243 1.7983
1 1.86249
1.04139 1.89182
1.07918 1.88756
1.11394 1.85076
1.17609 1.96379
1.20412 1.99824
1.23045 2.02545
1.27875 2.04211
1.32222 2.05529
1.36173 2.06135
1.39794 2.08114
1.43136 2.1065
1.4624 2.11108
1.50515 2.14439
1.54407 2.18459
1.57978 2.21288
1.61278 2.21971
1.65321 2.25784
1.6902 2.30027
1.73239 2.33434
1.77085 2.36142
1.80618 2.38631
1.8451 2.40334
1.88081 2.4293
1.91908 2.47542
1.95904 2.4948
1.99564 2.51937
2.03342 2.54759
2.06819 2.57794
2.10721 2.5858
2.14613 2.60234
2.18184 2.65553
2.22011 2.67018
2.25768 2.7155
2.29447 2.76595
2.33244 2.81307
2.37107 2.85324
2.40824 2.90884
2.4456 2.95718
2.48287 3.03632
2.52114 3.0676
2.55871 3.09475
2.5966 3.11995
2.63448 3.19896
2.6721 3.21693
2.70927 3.27086
2.74663 3.31396
2.78462 3.41361
2.82217 3.44304
2.85974 3.45383
