0.60206 2.01821
0.69897 1.83966
0.778151 2.25574
0.845098 2.22683
0.90309 2.20708
0.954243 2.3841
1 2.4651
1.04139 2.47703
1.07918 2.47521
1.11394 2.50742
1.17609 2.64214
1.20412 2.66379
1.23045 2.67991
1.27875 2.69942
1.32222 2.72096
1.36173 2.73569
1.39794 2.78413
1.43136 2.8174
1.4624 2.84094
1.50515 2.89248
1.54407 2.93116
1.57978 2.95398
1.61278 2.99171
1.65321 3.0117
1.6902 3.04377
1.73239 3.06355
1.77085 3.09241
1.80618 3.10577
1.8451 3.11454
1.88081 3.13688
1.91908 3.12629
1.95904 3.14913
1.99564 3.13544
2.03342 3.13437
2.06819 3.18848
2.10721 3.19165
2.14613 3.2015
2.18184 3.20038
2.22011 3.2146
2.25768 3.20293
2.29447 3.20569
2.33244 3.27335
2.37107 3.26295
2.40824 3.30798
2.4456 3.32697
2.48287 3.3889
2.52114 3.41268
2.55871 3.44092
2.5966 3.42758
2.63448 3.46782
2.6721 3.44563
