0.60206 2.34617
0.69897 2.41251
0.778151 2.56964
0.845098 2.67939
0.90309 2.50306
0.954243 2.57353
1 2.55871
1.04139 2.69206
1.07918 2.64297
1.11394 2.71187
1.17609 2.85404
1.20412 2.71978
1.23045 2.68862
1.27875 2.922
1.32222 2.98426
1.36173 2.94834
1.39794 2.95618
1.43136 3.02197
1.4624 3.02308
1.50515 3.0184
1.54407 2.99436
1.57978 3.02152
1.61278 3.1664
1.65321 3.18695
1.6902 3.14523
1.73239 3.13361
1.77085 3.18006
1.80618 3.24686
1.8451 3.22496
1.88081 3.17922
1.91908 3.28189
1.95904 3.32485
1.99564 3.33609
2.03342 3.35112
2.06819 3.36758
2.10721 3.38414
2.14613 3.37495
2.18184 3.39784
2.22011 3.44989
2.25768 3.49868
2.29447 3.56046
2.33244 3.61701
2.37107 3.6984
2.40824 3.75484
2.4456 3.78115
2.48287 3.83919
2.52114 3.89095
2.55871 3.92837
2.5966 3.92745
2.63448 3.95712
2.6721 3.98676
2.70927 3.97911
2.74663 3.97614
2.78462 4.01641
2.82217 4.01859
