0.60206 1.95471
0.69897 2.03402
0.778151 2.16645
0.845098 2.23363
0.90309 2.28681
0.954243 2.33433
1 2.3269
1.04139 2.42609
1.07918 2.45667
1.11394 2.42519
1.17609 2.49994
1.20412 2.55867
1.23045 2.61344
1.27875 2.57893
1.32222 2.6257
1.36173 2.67501
1.39794 2.71417
1.43136 2.75478
1.4624 2.7639
1.50515 2.73844
1.54407 2.82375
1.57978 2.82805
1.61278 2.92255
1.65321 2.95941
1.6902 2.95599
1.73239 2.96268
1.77085 3.0089
1.80618 3.02069
1.8451 3.05536
1.88081 3.04147
1.91908 3.09195
1.95904 3.12307
1.99564 3.18784
2.03342 3.15392
2.06819 3.18762
2.10721 3.18534
2.14613 3.2543
2.18184 3.2525
2.22011 3.3078
2.25768 3.34408
2.29447 3.403
2.33244 3.47541
2.37107 3.47843
2.40824 3.52492
2.4456 3.55385
2.48287 3.61393
2.52114 3.65944
2.55871 3.62177
2.5966 3.64609
2.63448 3.6397
2.6721 3.70762
2.70927 3.66416
2.74663 3.66913
