0.60206 2.40817
0.69897 2.59459
0.778151 2.63649
0.845098 2.63951
0.90309 2.71643
0.954243 2.69968
1 2.82979
1.04139 2.77141
1.07918 2.89996
1.11394 2.89529
1.17609 2.97078
1.20412 2.96523
1.23045 2.86859
1.27875 2.99257
1.32222 3.05949
1.36173 3.08279
1.39794 3.10692
1.43136 3.11969
1.4624 3.04665
1.50515 3.15538
1.54407 3.12857
1.57978 3.2049
1.61278 3.18194
1.65321 3.22101
1.6902 3.26137
1.73239 3.29316
1.77085 3.26713
1.80618 3.3029
1.8451 3.29107
1.88081 3.3783
1.91908 3.33373
1.95904 3.36651
1.99564 3.33364
2.03342 3.42845
2.06819 3.43517
2.10721 3.46238
2.14613 3.43451
2.18184 3.49246
2.22011 3.5188
2.25768 3.58724
2.29447 3.55088
2.33244 3.65409
2.37107 3.60296
2.40824 3.65836
2.4456 3.62496
2.48287 3.74398
2.52114 3.69583
2.55871 3.74146
2.5966 3.78209
2.63448 3.82489
2.6721 3.82268
2.70927 3.85077
2.74663 3.87131
2.78462 3.92649
