0.60206 1.65677
0.69897 1.74859
0.778151 1.8079
0.845098 1.83633
0.90309 1.94466
0.954243 2.0182
1 2.00151
1.04139 2.08009
1.07918 2.05968
1.11394 2.01434
1.17609 2.14924
1.20412 2.12283
1.23045 2.19127
1.27875 2.22407
1.32222 2.22741
1.36173 2.24144
1.39794 2.16112
1.43136 2.1247
1.4624 2.22589
1.50515 2.14979
1.54407 2.28431
1.57978 2.38173
1.61278 2.29454
1.65321 2.373
1.6902 2.39788
1.73239 2.45596
1.77085 2.41776
1.80618 2.47986
1.8451 2.46639
1.88081 2.59329
1.91908 2.55264
1.95904 2.59445
1.99564 2.56139
2.03342 2.5861
2.06819 2.72723
2.10721 2.63796
2.14613 2.68147
2.18184 2.78652
2.22011 2.76507
2.25768 2.75146
2.29447 2.82733
2.33244 2.76638
2.37107 2.91265
2.40824 2.9818
2.4456 3.07461
2.48287 3.08469
2.52114 3.10268
2.55871 3.13398
2.5966 3.15147
2.63448 3.21778
2.6721 3.33752
2.70927 3.4266
2.74663 3.51526
