0.60206 1.8322
0.69897 1.93918
0.778151 1.99467
0.845098 2.05041
0.90309 2.09831
0.954243 2.13084
1 2.14805
1.04139 2.17347
1.07918 2.20449
1.11394 2.24231
1.17609 2.27147
1.20412 2.29202
1.23045 2.29304
1.27875 2.34345
1.32222 2.32395
1.36173 2.4044
1.39794 2.42267
1.43136 2.41778
1.4624 2.43343
1.50515 2.4687
1.54407 2.50146
1.57978 2.51755
1.61278 2.51081
1.65321 2.55702
1.6902 2.55806
1.73239 2.58121
1.77085 2.61012
1.80618 2.64461
1.8451 2.65765
1.88081 2.66168
1.91908 2.70439
1.95904 2.72333
1.99564 2.72221
2.03342 2.77113
2.06819 2.81029
2.10721 2.80524
2.14613 2.80357
2.18184 2.82933
2.22011 2.84598
2.25768 2.86345
2.29447 2.86208
2.33244 2.94298
2.37107 2.95007
2.40824 3.03491
2.4456 3.07519
2.48287 3.12397
2.52114 3.13792
2.55871 3.18882
2.5966 3.20847
2.63448 3.25556
2.6721 3.2501
2.70927 3.26941
2.74663 3.33108
2.78462 3.32389
2.82217 3.31312
2.85974 3.38141
