0.60206 2.04373
0.69897 2.10949
0.778151 1.91161
0.845098 2.01983
0.90309 2.21045
0.954243 2.43524
1 2.56791
1.04139 2.66127
1.07918 2.72299
1.11394 2.76269
1.17609 2.82667
1.20412 2.85194
1.23045 2.87241
1.27875 2.90915
1.32222 2.94726
1.36173 2.9772
1.39794 3.00872
1.43136 3.04279
1.4624 3.07145
1.50515 3.10682
1.54407 3.11491
1.57978 3.12193
1.61278 3.12459
1.65321 3.13495
1.6902 3.15095
1.73239 3.17217
1.77085 3.1984
1.80618 3.2231
1.8451 3.24939
1.88081 3.2741
1.91908 3.29781
1.95904 3.31997
1.99564 3.33373
2.03342 3.3506
2.06819 3.36748
2.10721 3.38025
2.14613 3.38158
2.18184 3.39608
2.22011 3.40701
2.25768 3.43127
2.29447 3.44252
2.33244 3.44956
2.37107 3.45911
2.40824 3.47082
2.4456 3.46231
2.48287 3.48378
2.52114 3.49492
2.55871 3.52372
2.5966 3.505
2.63448 3.53535
2.6721 3.53099
2.70927 3.55512
2.74663 3.54566
2.78462 3.55782
