0.60206 1.68804
0.69897 1.80089
0.778151 1.86529
0.845098 1.93973
0.90309 1.95816
0.954243 1.98833
1 2.01717
1.04139 2.05154
1.07918 2.0787
1.11394 2.11284
1.17609 2.11542
1.20412 2.14879
1.23045 2.16879
1.27875 2.21923
1.32222 2.23576
1.36173 2.25943
1.39794 2.31029
1.43136 2.34163
1.4624 2.35027
1.50515 2.38417
1.54407 2.43813
1.57978 2.41409
1.61278 2.4816
1.65321 2.5046
1.6902 2.52909
1.73239 2.58704
1.77085 2.5831
1.80618 2.60685
1.8451 2.66463
1.88081 2.70365
1.91908 2.76502
1.95904 2.79555
1.99564 2.79585
2.03342 2.80873
2.06819 2.88594
2.10721 2.9594
2.14613 2.94454
2.18184 2.97441
2.22011 3.05002
2.25768 3.06444
2.29447 3.07928
2.33244 3.17298
2.37107 3.2203
2.40824 3.18183
2.4456 3.31114
2.48287 3.2581
2.52114 3.29969
2.55871 3.40639
2.5966 3.27133
2.63448 3.29413
2.6721 3.42498
2.70927 3.48431
