0.60206 2.0018
0.69897 2.30929
0.778151 2.46907
0.845098 2.62666
0.90309 2.37708
0.954243 2.36824
1 2.55408
1.04139 2.88414
1.07918 2.8146
1.11394 3.01264
1.17609 3.04275
1.20412 3.05645
1.23045 3.0862
1.27875 3.0975
1.32222 3.16896
1.36173 3.28755
1.39794 3.2879
1.43136 3.22591
1.4624 3.37889
1.50515 3.36991
1.54407 3.4311
1.57978 3.46448
1.61278 3.42429
1.65321 3.5191
1.6902 3.52392
1.73239 3.5864
1.77085 3.5587
1.80618 3.62438
1.8451 3.59565
1.88081 3.66783
1.91908 3.64617
1.95904 3.75098
1.99564 3.76829
2.03342 3.76782
2.06819 3.80595
2.10721 3.73724
2.14613 3.79107
2.18184 3.78082
2.22011 3.94583
2.25768 3.86208
2.29447 3.88361
2.33244 3.93618
2.37107 3.94923
2.40824 3.99089
2.4456 4.09358
2.48287 3.93579
2.52114 4.09456
2.55871 4.16986
2.5966 4.19457
2.63448 4.21582
2.6721 4.26662
2.70927 4.2837
2.74663 4.25124
2.78462 3.99454
2.82217 4.3516
2.85974 4.31651
2.89763 4.36757
2.935 4.36257
