0.60206 2.4861
0.69897 2.55739
0.778151 2.75959
0.845098 2.6445
0.90309 2.69191
0.954243 2.81707
1 2.86765
1.04139 2.94112
1.07918 2.95271
1.11394 2.98539
1.17609 3.03948
1.20412 3.00682
1.23045 3.03063
1.27875 3.08912
1.32222 3.10545
1.36173 3.09374
1.39794 3.19288
1.43136 3.21411
1.4624 3.22802
1.50515 3.12519
1.54407 3.05454
1.57978 3.29859
1.61278 3.2156
1.65321 3.26091
1.6902 3.36829
1.73239 3.28275
1.77085 3.41054
1.80618 3.44673
1.8451 3.42186
1.88081 3.48779
1.91908 3.44146
1.95904 3.56788
1.99564 3.62229
2.03342 3.6523
2.06819 3.57744
2.10721 3.62502
2.14613 3.74004
2.18184 3.67361
2.22011 3.75974
2.25768 3.60503
2.29447 3.68029
2.33244 3.70218
2.37107 3.64888
2.40824 3.92449
2.4456 3.87474
2.48287 3.99495
2.52114 3.92371
2.55871 3.9484
2.5966 3.87422
2.63448 4.00403
2.6721 3.79149
2.70927 4.13615
2.74663 4.18014
2.78462 4.1737
2.82217 4.1905
2.85974 4.2592
