0.60206 1.70093
0.69897 1.81218
0.778151 1.8705
0.845098 1.93288
0.90309 2.01068
0.954243 2.01797
1 2.05644
1.04139 2.08047
1.07918 2.16526
1.11394 2.16613
1.17609 2.19216
1.20412 2.22993
1.23045 2.22076
1.27875 2.25924
1.32222 2.32263
1.36173 2.3232
1.39794 2.36429
1.43136 2.38576
1.4624 2.41714
1.50515 2.4515
1.54407 2.42794
1.57978 2.48803
1.61278 2.45778
1.65321 2.57751
1.6902 2.53864
1.73239 2.60138
1.77085 2.55754
1.80618 2.59486
1.8451 2.64901
1.88081 2.65722
1.91908 2.69792
1.95904 2.68997
1.99564 2.73968
2.03342 2.76799
2.06819 2.79179
2.10721 2.81641
2.14613 2.86646
2.18184 2.87383
2.22011 2.89435
2.25768 2.9235
2.29447 2.87752
2.33244 2.95542
2.37107 2.99937
2.40824 3.06873
2.4456 3.07525
2.48287 3.09241
2.52114 3.14949
2.55871 3.10049
2.5966 3.03181
2.63448 3.14089
2.6721 3.24683
2.70927 3.23666
2.74663 3.28616
2.78462 3.29757
2.82217 3.36396
2.85974 3.37396
2.89763 3.40046
2.935 3.47469
