0.60206 1.82846
0.69897 1.92199
0.778151 1.99672
0.845098 2.0405
0.90309 2.08345
0.954243 2.11533
1 2.14808
1.04139 2.19128
1.07918 2.21416
1.11394 2.25126
1.17609 2.29367
1.20412 2.28087
1.23045 2.32774
1.27875 2.36589
1.32222 2.37443
1.36173 2.40232
1.39794 2.43954
1.43136 2.48473
1.4624 2.47836
1.50515 2.50514
1.54407 2.52603
1.57978 2.56014
1.61278 2.59137
1.65321 2.62937
1.6902 2.60722
1.73239 2.63589
1.77085 2.67562
1.80618 2.683
1.8451 2.70332
1.88081 2.73093
1.91908 2.79932
1.95904 2.80482
1.99564 2.84158
2.03342 2.85105
2.06819 2.90818
2.10721 2.90587
2.14613 2.92274
2.18184 2.93953
2.22011 2.96965
2.25768 2.99373
2.29447 2.98936
2.33244 3.04602
2.37107 3.07781
2.40824 3.10152
2.4456 3.14062
2.48287 3.16362
2.52114 3.16936
2.55871 3.17235
2.5966 3.24275
2.63448 3.21726
2.6721 3.22396
2.70927 3.19024
2.74663 3.23587
2.78462 3.25703
