780
772
776
784
788
792
680
896
772
692
820
756
696
828
752
776
772
784
776
744
816
764
744
728
744
736
428
920
736
644
832
736
732
736
744
732
736
752
752
748
640
868
748
456
312
708
744
652
816
724
740
728
728
720
712
708
708
692
696
688
680
676
688
684
676
280
796
868
680
688
664
704
684
668
704
676
672
684
724
716
708
716
696
712
712
700
689
689
689
376
376
616
616
616
512
340
424
362
362
288
760
640
664
636
730
730
730
652
1374
1374
296
1040
316
1273
1273
1273
708
696
708
696
696
688
692
692
688
684
676
672
680
676
672
668
668
680
680
664
676
688
704
704
720
720
720
720
424
912
696
704
688
680
668
676
676
672
656
656
420
828
660
652
652
644
648
648
660
648
652
648
652
616
706
706
628
400
400
272
716
332
676
328
336
472
852
548
788
672
324
360
608
772
712
416
772
772
772
360
348
692
684
688
688
684
672
676
668
660
648
656
664
672
652
660
652
644
644
640
632
632
864
864
864
864
864
864
688
620
836
620
832
596
808
684
536
528
828
648
628
624
624
612
616
616
620
620
312
312
636
644
640
656
668
652
392
848
652
781
781
781
781
316
388
728
816
800
796
808
668
424
468
748
720
444
916
696
688
672
676
672
664
676
692
652
740
696
692
680
672
680
672
660
656
632
684
264
404
676
676
690
690
720
732
732
708
708
712
656
732
440
260
700
680
684
684
496
868
388
284
636
712
672
664
660
660
656
656
648
648
652
652
652
652
664
588
588
236
232
472
700
716
588
856
736
752
768
756
732
732
684
684
720
680
668
660
608
720
664
652
660
636
668
652
648
640
648
652
833
833
833
833
833
728
744
728
728
728
748
732
724
716
724
724
700
720
736
712
716
716
740
700
708
596
808
700
1044
1044
902
902
790
790
1028
1028
686
686
1046
1046
1010
1010
696
696
707
707
707
707
707
707
228
833
833
833
833
700
688
704
712
712
720
720
1092
1092
1133
1133
1133
644
730
730
308
632
632
632
632
728
546
546
348
1002
1002
698
698
672
875
875
875
875
678
678
1122
1122
866
866
748
748
820
820
688
316
380
752
700
804
740
720
696
712
696
1028
1028
676
692
684
704
700
708
704
700
704
692
704
700
688
696
704
712
700
946
946
946
692
556
1260
1260
1260
1260
1260
1260
680
632
736
692
612
840
704
720
724
452
248
708
708
692
420
896
684
680
688
688
680
688
696
580
808
688
692
584
796
684
688
592
780
600
804
624
732
684
684
684
668
680
692
688
684
700
676
680
684
628
740
692
632
732
676
684
676
668
672
684
664
664
676
676
672
660
676
680
668
680
648
720
696
716
696
704
1376
1376
660
978
978
1004
1004
670
670
1012
1012
1008
1008
680
680
1028
1028
968
968
646
646
646
634
634
524
512
512
332
956
956
608
712
668
676
688
684
340
748
748
736
736
580
580
580
580
356
544
364
468
620
724
420
260
368
948
668
232
300
836
682
682
676
344
360
708
698
698
716
516
772
1102
1102
668
704
696
692
692
676
260
464
692
676
688
688
676
408
876
680
668
660
672
684
680
684
700
560
880
688
692
588
820
684
692
688
620
772
688
692
692
905
905
905
668
668
220
472
308
396
704
712
716
332
1004
720
696
224
460
416
864
680
680
680
680
604
736
668
668
668
400
272
580
748
236
404
596
748
612
680
652
652
220
436
652
652
664
248
412
640
668
652
644
652
668
612
708
640
648
608
684
652
640
636
640
640
640
972
972
648
640
652
652
648
640
664
564
804
680
676
408
848
652
632
636
636
636
632
640
640
644
640
604
696
656
592
708
656
656
640
644
588
716
636
600
712
652
660
664
684
684
688
688
684
680
660
652
656
652
644
664
664
616
776
704
704
700
692
700
668
700
684
680
676
680
668
684
676
672
436
880
680
680
572
796
592
764
664
672
684
668
680
588
784
672
668
676
672
668
672
668
596
752
664
664
668
660
664
664
668
668
652
656
664
660
664
672
644
656
656
644
644
632
704
680
696
680
704
400
892
672
680
672
576
764
664
672
660
660
668
640
728
688
684
680
668
600
760
668
664
668
676
660
656
652
696
656
580
768
628
704
656
596
716
648
648
660
660
656
652
672
676
620
716
676
676
668
664
560
768
660
656
644
648
552
744
636
648
644
644
656
560
776
644
696
676
588
760
672
664
668
672
668
664
684
668
676
668
656
680
664
652
664
656
652
652
636
680
648
648
652
648
648
652
644
652
648
660
652
656
616
688
652
592
700
648
576
708
636
640
636
640
556
752
652
652
660
660
664
552
788
672
664
660
680
660
664
660
664
660
664
668
664
660
668
668
660
672
628
744
672
664
708
680
684
680
672
684
688
680
700
400
880
692
648
384
868
664
660
652
384
888
692
692
664
668
668
676
672
672
684
680
684
684
672
672
672
652
664
664
524
524
260
1088
1088
1088
840
840
284
380
528
528
528
412
852
644
652
648
652
640
644
656
652
644
656
656
652
648
652
656
652
652
648
604
672
640
608
668
624
636
636
628
624
548
720
640
636
592
728
588
740
592
728
588
736
564
760
640
648
652
656
648
652
664
656
660
660
592
720
660
660
668
656
664
672
628
704
672
676
664
404
860
660
648
652
644
640
644
588
704
652
652
644
416
624
824
636
648
644
636
644
648
400
836
660
652
576
760
672
676
708
724
580
852
716
704
688
692
684
664
676
664
660
656
668
668
660
668
676
396
856
664
656
656
648
656
668
652
652
660
652
648
392
856
680
680
588
784
688
676
668
672
680
688
604
780
696
628
756
688
632
664
800
576
780
684
672
664
672
672
692
684
688
680
692
688
672
684
688
676
668
680
680
680
664
672
668
672
664
676
676
676
680
676
668
668
672
624
704
656
660
660
656
664
660
656
656
656
656
660
612
696
648
652
660
656
652
420
912
708
688
676
672
552
784
612
696
656
584
732
652
624
396
848
652
644
652
648
644
652
656
656
644
644
648
644
644
388
824
644
628
388
820
632
640
640
632
400
828
640
648
548
736
616
680
644
640
652
656
668
656
652
660
656
660
648
652
652
644
652
656
664
660
660
656
660
644
648
656
604
696
660
644
656
644
636
608
564
764
652
640
648
660
648
652
656
652
644
640
428
812
600
664
628
628
624
632
636
644
560
756
668
978
978
586
586
780
610
610
1468
1468
1468
1468
556
764
824
824
512
448
464
734
734
684
668
660
656
644
584
508
508
320
636
620
380
796
616
612
572
656
628
604
688
464
860
632
776
608
828
616
724
724
776
696
684
684
680
584
748
296
368
652
616
666
666
666
272
364
672
676
660
668
592
636
240
552
676
676
668
672
672
608
736
664
668
636
696
588
752
672
672
684
636
692
668
656
672
196
480
684
692
416
268
604
784
684
688
672
672
676
672
676
668
664
556
796
672
676
564
804
700
696
612
376
396
692
680
576
388
860
668
652
616
684
648
584
692
636
616
630
630
618
618
608
608
616
308
316
576
684
640
600
712
688
692
700
732
564
856
692
688
704
680
400
524
352
664
656
652
672
652
652
656
660
644
652
652
656
580
708
384
828
644
640
652
656
660
656
652
652
668
668
688
620
796
680
684
692
692
688
588
780
680
660
660
664
560
768
648
660
652
656
660
572
748
608
708
660
640
648
656
656
592
728
664
668
668
656
652
592
732
400
840
656
648
640
612
656
632
632
628
380
804
632
616
624
552
736
708
684
672
672
660
656
656
636
544
768
652
640
656
652
648
660
660
664
660
660
568
792
652
532
516
252
612
612
220
492
604
604
604
752
1114
1114
1114
640
640
656
656
656
670
670
670
670
670
652
650
650
596
424
932
522
522
256
644
636
638
638
404
414
414
256
376
624
624
624
592
672
640
508
772
644
646
646
636
336
336
652
644
2753
2753
2753
469
469
469
469
2086
2086
2086
576
368
336
634
634
640
642
642
632
328
304
632
626
626
638
638
612
524
728
624
600
588
464
800
616
616
624
612
624
616
628
632
628
644
652
660
648
564
736
644
640
628
636
636
632
588
672
636
628
628
640
588
684
632
584
692
640
632
636
644
640
636
636
640
552
732
640
640
644
632
636
644
636
620
632
632
636
628
640
604
704
648
660
652
660
640
648
648
640
648
644
644
636
636
648
644
552
732
648
636
636
632
592
692
632
564
728
648
620
684
648
648
384
848
648
644
656
656
652
668
672
672
680
692
680
684
680
688
672
672
660
652
664
656
664
668
672
664
672
668
660
668
660
668
652
656
588
748
668
672
680
672
680
696
684
680
680
692
684
404
872
696
676
676
680
400
876
676
668
692
664
704
692
688
660
660
680
760
760
240
536
536
720
292
526
526
492
568
328
660
676
620
620
240
416
608
732
668
668
416
888
520
520
646
646
404
668
312
344
702
702
596
520
288
905
905
905
236
232
212
596
938
938
938
692
280
392
340
348
688
688
916
916
916
400
872
668
660
436
848
664
652
388
860
656
660
572
780
672
664
668
672
660
680
640
640
756
372
312
564
780
660
640
680
660
660
660
652
572
760
660
616
724
668
576
752
676
572
788
684
680
612
704
704
668
660
660
652
652
644
644
640
660
556
740
644
636
624
628
576
592
668
560
644
608
544
664
604
596
604
600
608
620
640
636
644
576
716
644
644
632
644
652
656
656
648
648
640
636
632
636
628
628
632
632
404
816
632
632
640
656
660
660
660
660
652
652
648
648
640
636
536
724
640
540
712
632
628
636
632
632
692
648
648
644
636
644
632
636
640
632
644
648
636
680
648
636
692
688
600
856
736
728
728
728
700
700
700
646
646
716
540
540
876
700
680
676
668
672
668
652
672
660
556
744
656
648
648
644
648
600
688
644
548
724
640
620
624
620
616
616
624
548
716
632
644
656
668
592
752
664
560
736
644
596
688
648
576
724
640
636
640
636
640
556
740
648
652
652
660
660
656
656
648
648
412
808
640
532
724
632
632
644
644
640
568
732
652
648
644
640
544
768
652
652
644
660
664
648
800
628
784
692
640
728
688
612
728
664
664
656
660
664
664
660
604
716
648
644
648
652
648
652
572
768
672
620
696
664
664
664
656
656
870
870
870
870
1080
600
600
612
332
220
641
641
641
1410
1410
1410
740
624
928
752
744
576
746
746
860
696
304
400
708
692
622
622
808
676
684
364
264
830
830
830
296
793
793
793
404
408
800
336
468
792
776
768
752
556
908
592
828
704
696
696
692
704
568
856
720
624
808
692
716
712
684
664
748
684
604
392
880
696
684
664
680
684
672
688
696
708
228
476
228
542
542
464
336
516
923
923
923
923
560
560
280
700
684
684
680
680
408
762
762
652
652
660
660
652
668
668
664
668
672
684
668
672
332
340
656
668
660
548
768
644
600
756
676
464
924
680
696
236
348
820
690
690
692
680
676
412
872
676
664
664
672
672
356
304
676
684
680
678
678
688
388
852
660
652
625
625
625
636
820
692
680
672
668
600
716
648
648
644
640
628
628
560
292
400
620
588
636
612
268
356
628
636
548
740
648
640
572
716
640
620
648
628
624
616
256
348
612
624
620
620
620
628
372
248
620
372
244
296
304
604
604
726
726
726
726
692
692
692
864
689
689
689
689
672
672
676
652
640
636
568
672
616
444
776
945
945
945
945
1058
1058
1058
668
668
837
837
837
628
634
634
636
640
632
632
632
456
804
632
632
628
632
632
540
712
628
620
612
616
582
582
320
320
600
600
596
552
456
232
600
224
984
636
640
640
652
652
656
660
652
644
252
392
648
632
632
924
924
616
616
300
316
624
628
624
624
630
630
630
630
636
632
644
636
588
676
628
620
624
616
604
388
808
620
612
616
624
628
628
624
640
380
824
632
632
628
640
648
660
664
664
664
668
664
660
656
644
644
644
636
640
640
644
628
640
660
572
736
656
640
640
628
604
640
624
620
624
620
628
628
648
640
668
668
676
680
676
676
660
528
780
648
644
636
632
624
624
612
644
604
664
628
1240
668
686
686
616
752
712
592
864
700
700
700
700
592
780
684
688
684
692
616
788
704
616
780
680
676
720
684
596
752
660
652
644
644
656
672
684
612
780
692
672
660
652
648
648
652
660
692
712
724
728
644
780
688
676
652
644
632
624
636
648
676
712
572
904
720
720
712
696
696
700
556
816
672
668
668
664
648
652
652
636
636
392
636
800
640
644
628
688
684
696
696
688
684
676
660
656
656
660
664
672
636
708
680
680
676
680
676
656
652
656
644
652
420
860
664
652
576
804
564
776
588
732
636
668
380
454
454
644
648
