776
700
896
776
780
680
888
788
704
924
452
1272
1272
2294
2294
792
764
760
772
772
772
772
832
912
708
1008
864
848
840
844
832
840
412
976
832
808
812
676
928
780
780
748
416
888
728
756
756
772
796
804
820
832
840
760
868
816
800
784
776
776
584
924
772
780
780
632
900
764
768
660
860
760
760
416
900
772
680
900
772
772
780
764
768
760
768
744
744
728
648
420
892
732
712
708
656
760
728
620
1096
636
1100
824
812
832
840
608
1012
784
792
444
932
788
644
388
932
760
724
724
712
724
700
700
700
700
700
716
740
428
948
752
648
936
780
736
836
772
676
798
798
728
712
708
700
696
604
796
704
616
784
708
700
692
708
708
712
688
584
804
684
636
716
676
612
736
676
680
684
416
872
692
676
692
696
692
700
708
596
808
708
600
812
712
648
744
696
680
688
684
688
692
692
612
764
680
684
676
672
664
664
672
660
656
652
644
644
636
636
640
632
640
636
652
652
672
668
584
772
688
692
692
696
696
692
676
672
672
668
600
732
676
668
668
676
672
668
676
652
660
654
654
652
658
658
660
660
660
668
660
660
664
652
668
392
836
668
656
648
652
652
652
648
656
656
656
652
648
644
564
712
644
640
648
660
652
664
668
664
656
664
612
724
660
616
712
660
664
668
656
660
656
652
644
664
648
648
660
656
660
660
660
672
660
660
656
600
704
652
644
648
652
640
648
572
728
652
652
656
652
236
420
652
644
516
780
632
636
496
764
624
628
632
628
636
640
636
648
652
672
668
684
704
704
712
712
704
688
692
660
708
676
584
756
656
580
712
648
592
684
648
560
744
652
656
664
644
652
444
820
636
636
644
640
568
700
636
632
632
632
572
748
672
580
740
660
652
648
644
624
648
636
632
628
628
588
664
624
580
676
624
632
632
636
572
720
648
644
648
648
604
680
644
564
708
640
636
636
636
596
680
640
636
636
636
624
644
628
628
628
640
560
716
636
648
652
436
820
660
648
640
644
636
640
628
632
556
696
624
620
620
612
612
608
608
584
620
604
596
600
596
600
596
596
604
604
600
600
608
604
604
604
608
600
604
604
456
736
604
598
598
600
504
692
392
690
690
604
588
624
608
612
612
608
612
612
608
592
604
632
496
732
612
592
584
668
608
608
632
620
548
688
618
618
616
602
602
652
612
624
624
604
620
572
336
308
612
604
612
604
604
602
602
600
404
764
596
594
594
572
602
602
380
768
600
600
600
612
604
616
608
608
620
412
784
608
596
612
608
596
600
608
608
600
604
604
608
612
608
604
608
604
600
608
600
600
604
588
616
608
608
604
372
780
600
600
600
588
608
592
596
592
592
592
596
596
596
600
376
784
596
600
600
596
600
412
640
756
616
612
612
416
556
792
596
628
584
636
504
756
588
240
400
628
252
800
776
632
588
668
620
480
692
736
636
564
740
640
636
644
636
640
612
662
662
648
644
648
600
660
628
568
644
612
540
648
588
588
584
600
596
352
244
608
616
624
624
640
660
392
848
640
644
644
644
628
640
640
640
640
388
836
648
636
632
640
636
548
720
644
640
628
636
592
696
640
636
636
644
632
564
692
632
620
620
624
644
400
840
632
628
636
544
712
628
624
620
628
624
624
628
632
624
628
624
628
356
356
488
616
616
624
616
616
264
364
616
616
616
380
488
804
618
618
618
604
608
530
530
604
764
604
604
612
616
588
644
616
628
624
620
484
740
616
592
628
612
612
608
608
572
644
604
600
604
600
606
606
612
612
516
716
612
612
604
608
516
676
376
752
596
584
580
576
444
712
572
580
572
584
572
612
606
606
612
572
648
620
564
656
592
602
602
532
664
564
572
572
572
480
648
564
516
612
564
572
588
568
620
430
430
344
604
584
616
588
596
592
584
580
580
576
577
577
577
252
320
556
482
482
482
280
568
532
600
264
312
572
572
588
592
584
564
564
660
600
604
604
624
624
620
636
632
628
624
632
620
612
620
620
616
616
608
608
608
600
468
728
604
596
600
548
664
584
584
640
604
600
604
608
596
380
776
592
584
588
588
580
588
588
596
612
608
620
632
632
624
620
620
612
608
384
776
600
588
596
600
592
596
400
772
596
592
596
600
600
592
600
600
608
564
640
608
608
600
604
608
600
596
604
600
404
764
600
552
632
588
592
596
604
600
600
604
612
600
604
600
532
684
620
584
624
608
604
600
600
604
596
600
604
604
608
608
604
612
612
600
612
540
684
608
600
608
604
604
608
612
624
608
624
620
620
612
612
616
612
608
608
600
608
592
596
596
600
604
604
596
600
600
596
596
596
596
600
600
596
604
616
616
608
604
620
616
608
608
606
606
372
698
698
608
596
596
604
594
594
596
532
656
596
560
256
376
600
584
572
648
568
568
672
602
602
596
540
656
596
596
576
620
604
600
604
616
528
736
624
620
608
604
588
612
592
560
608
580
528
620
580
576
580
584
508
660
592
584
592
592
532
348
760
600
588
248
232
672
616
344
848
604
528
656
628
604
608
612
532
680
612
600
612
612
600
604
604
596
600
608
572
628
532
656
604
596
596
600
600
600
600
604
604
608
436
764
608
568
644
608
608
600
608
608
612
608
608
608
608
600
604
608
600
604
600
534
534
642
642
616
624
564
576
620
620
588
700
328
284
612
614
614
616
384
220
572
616
610
610
612
612
620
624
624
616
620
388
788
616
612
428
592
682
682
540
660
592
600
604
596
596
608
600
528
692
600
608
616
600
364
686
686
592
588
368
656
720
556
604
580
584
564
568
572
580
588
588
592
224
364
596
596
592
600
598
598
596
600
596
600
596
292
300
592
600
360
252
568
584
588
584
584
588
592
580
572
592
580
552
612
580
588
588
364
760
592
580
592
588
588
592
588
584
576
568
568
560
552
552
548
376
1156
1156
576
564
584
584
588
604
612
604
608
612
608
388
784
608
600
596
596
604
596
596
600
604
596
600
600
596
596
596
596
600
596
588
596
592
588
600
600
600
588
592
524
620
568
492
492
696
560
568
240
336
552
644
608
604
436
684
748
616
616
404
788
608
608
600
600
528
676
604
604
600
604
608
608
604
612
600
604
608
604
604
608
612
604
604
604
600
604
600
600
600
616
616
620
620
604
608
608
600
592
600
600
544
652
604
600
604
596
604
544
660
600
548
656
596
596
592
588
588
620
636
616
616
616
604
600
604
592
592
596
588
596
592
540
656
604
528
352
776
596
592
588
544
636
592
572
608
596
596
600
364
776
604
596
588
596
596
592
592
548
640
596
596
596
600
600
592
596
596
596
596
592
592
600
592
588
596
592
600
604
604
608
540
680
608
604
600
596
596
592
596
592
588
588
592
584
584
532
632
588
588
580
584
584
584
588
584
584
588
576
580
576
552
604
580
580
580
572
372
748
584
572
572
572
576
572
392
732
580
572
572
572
568
580
576
580
584
580
580
584
588
516
652
592
592
588
584
592
584
580
580
564
600
584
540
624
596
516
660
596
548
616
576
580
580
572
576
576
360
748
576
576
576
580
576
580
368
752
584
544
616
584
580
576
580
584
580
376
740
584
576
576
576
372
744
576
572
580
572
528
636
588
572
584
580
588
580
584
400
748
588
536
628
588
588
588
588
588
308
276
584
584
580
588
584
580
580
580
584
584
580
584
584
464
704
584
580
560
604
468
468
468
252
564
616
616
624
536
604
604
540
360
764
508
640
578
578
576
580
572
580
476
676
580
572
572
572
216
352
216
400
400
630
630
568
548
548
604
564
564
568
568
568
568
564
564
564
556
564
564
560
564
348
744
572
564
568
580
572
572
576
576
572
576
572
572
568
576
244
332
568
572
576
596
548
572
564
408
704
572
560
564
560
552
540
564
436
496
708
564
560
560
548
560
548
544
540
536
344
688
532
520
524
524
512
532
504
556
532
536
544
544
544
552
560
556
560
564
564
220
340
564
528
624
592
584
580
584
572
572
568
568
564
560
508
608
556
556
556
560
512
624
228
344
536
592
568
536
584
456
664
564
556
564
560
564
560
564
568
408
716
572
540
588
348
728
396
696
556
452
656
552
556
560
560
564
568
572
576
576
576
576
352
736
568
528
600
564
560
544
580
572
564
568
572
576
572
568
572
572
564
564
572
560
564
568
564
564
568
572
560
520
616
560
564
568
560
568
568
564
568
572
244
328
568
576
564
572
564
460
636
604
566
566
568
572
512
620
572
564
348
736
484
656
564
556
568
564
520
608
568
566
566
572
572
564
572
564
252
320
572
564
516
628
536
464
700
568
572
572
556
596
572
572
576
580
580
576
572
576
528
604
568
536
588
364
728
568
564
568
576
580
588
388
752
592
580
584
588
588
580
584
364
748
584
544
592
452
500
712
560
564
560
536
580
556
548
552
552
532
576
552
564
560
564
572
372
736
568
564
564
448
688
576
568
576
580
576
380
748
580
576
580
512
644
588
580
580
588
556
608
584
544
612
576
580
576
584
592
592
588
544
656
596
596
380
772
586
586
592
540
616
584
352
760
592
588
584
592
588
588
596
540
644
596
540
660
600
600
596
600
356
788
604
592
584
588
588
584
588
560
348
784
608
600
596
604
600
604
528
672
596
536
640
584
580
584
576
580
580
580
576
588
576
388
736
568
572
572
568
572
568
568
564
576
568
556
592
564
568
568
572
568
564
572
568
576
572
576
576
580
568
572
580
576
572
580
552
596
584
568
576
576
328
812
572
568
568
568
568
564
568
572
572
584
576
556
608
592
580
588
584
588
368
756
580
580
572
596
584
584
580
508
648
564
580
568
568
568
568
576
576
580
576
592
364
752
580
576
572
576
576
572
572
576
580
572
580
576
576
584
576
576
580
576
352
736
572
568
568
568
564
568
568
556
592
572
572
572
568
568
572
572
564
568
568
560
564
520
612
572
564
576
572
580
576
580
352
736
580
524
620
564
552
584
564
564
572
568
576
580
580
576
532
632
588
576
580
580
580
288
288
580
576
576
584
576
576
580
576
576
572
512
632
572
568
572
568
572
568
568
548
592
568
564
352
720
568
552
560
364
712
560
552
552
556
556
556
556
564
560
556
568
564
564
568
564
572
560
396
712
572
568
564
564
568
568
560
568
568
568
568
528
620
596
592
600
592
592
596
588
588
584
588
528
648
588
584
584
592
576
584
584
580
580
572
568
572
520
616
564
572
572
580
580
592
588
400
796
372
812
636
612
624
620
620
612
616
520
712
612
544
668
596
512
660
588
580
588
588
592
600
612
612
620
628
624
620
616
624
632
616
616
356
564
792
616
608
596
608
612
572
644
616
600
616
608
612
616
612
604
612
612
604
608
608
604
564
636
608
528
664
596
592
596
584
588
588
584
584
580
592
592
588
580
580
576
572
576
576
576
568
580
580
584
580
576
584
588
584
388
720
588
588
584
584
572
576
580
592
604
596
600
600
352
764
596
592
616
608
604
604
584
592
592
592
604
572
628
600
604
600
596
588
552
632
596
596
588
584
592
588
580
504
652
548
612
580
576
532
616
576
568
576
572
568
520
628
568
576
572
572
572
572
436
700
572
572
568
520
612
572
572
564
568
568
568
560
560
560
560
552
492
376
728
564
548
552
552
544
556
544
552
556
548
576
564
360
732
572
572
580
580
576
584
584
580
584
584
588
364
756
588
584
512
664
592
588
384
740
580
576
576
356
740
584
580
576
572
580
532
644
612
604
624
352
816
628
632
524
832
664
696
668
672
664
664
656
596
848
720
700
640
712
664
560
748
636
640
644
640
632
632
632
624
620
372
788
616
548
656
604
512
676
604
596
592
588
528
676
568
576
584
588
592
592
608
576
660
620
616
612
608
392
776
600
604
624
636
568
728
640
572
712
272
360
616
608
612
604
608
604
592
636
620
512
712
608
596
580
620
592
592
592
596
592
592
588
584
520
636
580
576
572
568
520
608
572
352
720
568
564
556
556
556
552
556
552
560
572
528
664
616
620
636
632
636
608
648
616
620
356
792
608
604
564
620
368
752
588
524
352
764
592
596
524
664
448
720
592
588
580
584
592
600
608
616
620
540
728
636
624
624
620
516
724
616
600
592
428
728
584
576
576
528
676
628
540
788
664
664
652
656
652
644
640
644
644
640
640
628
628
608
608
604
600
596
600
604
612
616
620
624
624
620
540
704
624
544
668
612
600
600
600
560
636
600
596
600
600
540
644
596
584
588
572
580
584
592
608
612
620
636
648
648
648
364
828
640
636
636
636
624
624
524
360
796
616
608
600
608
608
596
600
604
584
620
608
620
624
632
644
636
652
644
640
636
632
360
796
620
612
612
384
824
656
672
688
664
604
720
656
564
724
636
632
632
628
632
628
624
624
628
620
620
620
612
616
604
604
588
616
600
600
596
596
600
592
608
596
540
640
588
592
584
528
636
592
576
576
568
576
540
604
572
564
572
572
572
572
576
576
572
576
580
604
608
600
600
520
348
780
604
596
596
588
588
580
604
596
580
604
592
528
404
764
600
588
384
748
596
540
640
596
592
596
604
604
608
608
604
608
600
516
672
592
592
588
592
412
670
670
592
596
