1444
1444
805
805
805
468
332
784
784
244
1136
1136
1136
200
572
192
440
312
640
848
740
720
728
724
724
740
752
756
768
772
760
752
756
748
740
752
752
748
752
748
752
744
732
744
740
732
732
720
712
688
696
688
684
676
676
716
1052
1052
688
256
468
724
720
272
456
728
728
740
736
736
736
740
756
744
752
740
724
720
708
708
704
696
692
696
676
672
672
696
728
744
752
772
800
808
828
848
836
844
848
840
832
832
828
816
816
808
800
788
776
752
756
748
736
736
736
732
712
704
696
692
684
688
688
696
688
688
692
692
704
704
704
712
728
732
736
744
752
748
756
764
776
764
772
772
776
776
776
784
776
788
792
792
788
788
788
776
776
768
768
740
372
372
484
484
460
388
228
536
240
688
522
522
352
260
440
644
644
698
698
698
496
832
666
666
674
674
576
328
440
228
320
792
684
684
696
700
716
732
752
756
780
772
776
780
780
768
768
772
764
756
760
760
756
752
752
756
752
752
752
752
740
736
716
704
704
708
716
740
752
768
760
776
784
780
776
776
776
768
772
772
768
752
728
716
712
712
716
716
716
724
720
736
752
760
292
456
560
188
744
732
728
492
240
740
720
740
768
784
788
804
824
824
820
836
848
840
832
848
864
848
860
864
868
844
848
860
832
820
820
808
796
772
772
776
772
768
760
752
760
752
756
760
768
764
768
752
756
600
828
364
432
732
728
736
732
740
752
764
768
776
784
796
792
792
800
800
804
792
780
780
772
772
752
748
748
740
748
756
776
764
772
772
780
788
788
788
780
768
772
768
768
764
756
748
748
752
740
752
752
764
768
760
768
764
772
768
768
768
756
752
760
764
756
760
768
768
756
768
776
780
780
792
784
788
780
776
776
776
772
764
768
752
756
752
744
732
736
728
736
728
724
728
612
832
728
672
796
736
736
740
736
736
728
724
716
704
708
692
680
680
672
680
684
684
684
688
708
728
744
748
756
752
744
736
732
716
704
692
700
712
720
724
748
752
768
776
780
780
780
768
768
772
760
760
764
776
768
768
776
768
764
772
780
768
776
780
788
328
468
256
532
784
768
776
776
768
772
772
768
772
768
776
772
760
512
240
372
372
716
704
696
684
676
668
668
668
668
672
680
692
696
708
712
708
720
724
740
752
752
748
744
728
316
774
774
300
704
696
696
684
680
676
644
692
660
660
676
676
700
708
720
728
732
724
728
728
748
720
728
728
724
720
704
696
688
696
708
724
716
724
728
728
724
740
748
732
736
744
756
756
768
764
768
764
760
760
760
760
752
748
736
720
720
716
716
708
708
704
724
712
580
912
744
776
752
748
744
732
720
712
716
720
724
716
712
704
708
716
728
748
740
744
748
748
748
744
728
736
740
756
756
776
784
792
816
824
816
812
812
808
800
792
780
780
768
756
756
744
740
736
736
740
744
736
732
744
748
756
764
756
752
748
740
732
720
720
728
716
712
724
756
784
792
800
816
812
804
800
796
792
792
792
796
772
772
768
752
752
756
752
752
752
740
732
736
740
736
752
744
760
764
776
776
784
784
784
784
780
772
764
756
744
728
724
728
712
708
716
708
716
724
740
752
748
748
756
748
752
744
752
752
748
748
748
752
752
768
788
756
400
976
976
760
480
268
740
732
732
736
744
744
268
468
1132
1132
744
744
732
732
736
748
740
744
740
744
736
720
376
248
796
200
492
690
690
688
684
492
200
708
708
720
720
740
752
776
772
780
780
784
796
800
800
800
776
760
760
752
744
752
752
744
740
736
740
740
748
740
748
752
756
760
768
788
780
788
796
804
808
808
796
792
788
772
764
764
756
756
752
756
748
736
736
724
724
720
728
1094
1094
292
432
724
702
702
688
644
740
696
576
852
724
724
734
734
220
520
740
736
732
732
636
808
708
700
684
492
392
484
204
484
692
696
700
712
720
740
740
756
768
780
772
788
780
796
800
796
792
776
776
768
772
764
760
752
736
740
736
728
732
732
728
716
724
728
728
728
732
748
736
736
740
752
752
768
768
776
784
788
756
436
332
748
656
656
232
504
280
268
504
752
646
646
328
352
332
360
600
600
968
804
800
764
764
892
840
820
808
820
812
804
812
792
792
780
768
768
768
752
752
716
616
624
240
700
700
696
612
756
676
672
660
660
660
660
664
656
660
664
664
664
664
664
664
664
672
672
676
676
668
676
684
684
688
688
676
684
676
676
676
200
516
516
708
548
208
756
692
456
790
790
760
636
780
388
320
632
632
764
764
688
516
788
748
676
376
324
692
652
752
644
780
720
708
696
604
804
696
648
692
660
684
664
668
656
648
656
660
648
632
668
656
656
640
676
652
636
656
640
640
640
636
644
644
648
648
648
644
628
656
520
580
784
496
676
640
632
620
620
556
668
632
584
520
520
236
620
620
932
932
620
620
616
616
614
614
1206
1206
596
492
720
472
712
568
588
500
556
716
580
584
568
596
524
636
588
576
584
560
600
580
560
420
508
508
328
564
488
650
650
340
860
612
640
612
656
640
640
652
648
652
652
652
640
664
648
648
640
564
712
636
632
228
408
196
340
510
510
360
460
512
486
486
486
486
352
818
818
818
818
544
252
620
1412
684
676
668
696
680
684
688
680
676
672
660
668
660
656
652
648
648
640
636
632
604
604
604
596
596
748
616
620
624
628
636
648
652
664
656
660
672
664
664
672
660
668
664
660
664
656
660
660
656
656
656
636
668
648
644
652
620
656
656
240
388
640
644
640
644
632
640
628
636
636
640
636
640
632
644
624
660
644
648
640
648
624
656
644
648
636
632
636
648
644
636
640
648
652
656
648
652
652
652
656
652
652
648
652
656
656
660
664
648
680
676
680
684
688
684
680
676
672
664
656
648
648
640
632
628
628
620
612
612
608
600
604
600
604
596
600
592
580
612
596
592
600
508
672
588
592
588
584
588
584
580
580
572
568
570
570
192
232
700
208
348
576
488
488
688
556
560
564
564
548
596
560
596
580
584
584
456
708
196
380
456
708
576
484
676
580
580
576
576
576
204
476
476
458
458
458
300
416
416
328
650
650
650
300
548
552
540
396
228
564
564
564
568
572
396
204
544
572
572
572
396
752
568
556
572
596
424
768
524
572
576
580
572
580
580
584
580
584
588
588
592
592
588
588
584
584
584
584
580
580
580
216
356
340
240
580
420
420
312
454
454
566
566
240
292
300
196
400
400
644
340
340
252
308
572
588
560
560
572
568
562
562
500
592
676
560
624
590
590
592
588
584
592
602
602
594
594
594
592
596
588
588
596
596
588
588
584
584
576
580
580
580
580
580
576
576
576
580
576
576
576
580
572
580
576
580
576
568
568
568
564
564
568
564
552
560
560
552
552
552
548
552
548
552
544
548
548
544
544
548
540
548
544
544
540
544
544
540
540
548
540
544
544
540
540
540
540
540
540
540
540
540
532
544
536
536
540
528
540
552
536
540
540
540
544
544
548
548
544
548
548
552
552
556
560
556
556
556
540
560
552
552
548
544
528
556
548
544
544
544
544
544
520
552
540
540
540
536
536
532
532
532
524
512
540
524
508
536
528
528
524
524
512
532
528
512
532
528
504
536
524
512
520
536
528
512
536
528
520
512
532
524
504
528
524
524
504
536
524
524
520
524
524
524
520
524
520
524
524
528
524
528
528
528
524
532
524
532
528
532
528
520
536
516
520
544
516
540
532
540
536
540
524
548
548
548
552
552
572
572
564
556
576
540
580
580
576
572
568
576
568
568
544
576
564
568
532
544
564
520
536
556
520
528
556
524
556
524
524
536
552
524
532
548
516
528
552
520
544
536
516
532
548
504
540
540
520
520
540
516
524
540
516
524
520
532
516
520
536
504
520
532
512
508
536
524
528
524
528
512
540
532
532
528
520
544
516
520
540
504
520
540
508
512
520
512
532
528
512
532
524
500
536
524
508
532
520
500
532
520
504
524
516
480
540
500
500
492
532
496
520
512
492
508
524
496
504
520
488
520
512
496
516
492
500
500
508
496
340
656
496
708
708
420
668
482
482
372
1058
1058
344
572
572
572
516
516
516
476
512
340
376
240
532
504
500
504
500
508
504
488
512
508
492
500
500
504
228
252
516
432
464
464
464
628
538
538
464
464
508
604
216
288
404
596
524
376
560
584
520
492
492
520
520
380
552
576
492
396
604
516
476
512
500
516
484
500
496
512
472
352
660
496
508
492
504
500
496
440
544
360
636
516
508
500
500
504
480
536
492
488
500
480
516
496
508
464
512
496
488
492
496
484
492
492
492
504
480
488
492
488
492
496
248
260
476
492
512
488
496
504
500
500
504
308
196
504
504
504
504
508
504
512
508
512
508
508
504
512
512
508
220
284
508
508
512
504
508
500
508
504
508
500
504
504
504
500
504
492
504
500
500
504
500
496
504
504
504
504
504
376
624
496
504
524
496
504
488
524
508
512
528
500
512
536
524
500
516
512
352
192
516
504
572
300
232
268
268
532
528
1060
528
532
536
520
528
532
532
532
532
520
528
548
400
640
524
448
600
528
528
524
524
516
524
520
512
512
508
508
492
536
512
520
516
516
516
516
516
536
504
520
540
520
524
524
516
512
540
520
520
528
512
516
520
496
496
560
512
500
540
520
524
516
528
524
520
520
520
516
516
512
516
520
516
516
512
516
508
508
516
508
512
508
504
504
512
508
512
500
528
516
508
528
508
516
512
512
476
596
544
536
544
532
540
548
540
528
536
532
532
532
532
532
536
532
532
528
528
528
532
532
524
532
524
532
532
528
540
532
536
540
556
528
540
552
528
540
528
556
548
524
548
520
528
544
536
516
548
544
520
556
548
532
536
556
524
544
560
552
536
544
556
556
536
560
528
568
536
564
552
560
540
568
556
536
544
564
556
376
704
540
548
548
556
556
536
544
568
540
556
568
544
556
552
552
556
276
292
432
672
560
540
288
276
532
544
540
536
512
556
556
528
532
500
396
688
220
768
592
440
608
544
528
540
524
548
524
536
528
456
578
578
424
628
540
516
524
540
520
540
520
520
520
536
516
520
520
532
516
520
536
512
520
532
504
532
524
488
532
524
504
528
500
528
496
508
532
500
216
816
524
516
516
492
396
632
504
524
488
508
520
496
500
516
504
492
512
496
488
508
488
492
492
492
508
316
668
496
484
484
508
500
480
496
500
480
492
276
208
504
480
504
492
472
256
248
496
480
500
496
476
420
572
480
488
504
480
488
500
460
520
492
476
500
492
232
732
500
476
484
500
472
484
504
484
476
500
496
492
476
484
492
476
476
480
492
496
468
476
496
480
472
496
480
460
496
484
468
468
432
540
464
464
356
600
476
488
464
476
488
708
708
260
244
444
488
248
696
476
492
464
476
492
472
468
488
488
452
496
472
488
480
488
468
472
404
548
480
488
472
472
456
512
460
480
492
468
492
488
464
476
476
492
480
472
476
492
384
572
468
472
488
468
448
512
460
476
484
464
464
484
464
468
468
464
464
488
456
344
588
468
480
456
464
352
604
456
468
484
452
452
476
464
480
452
484
452
702
702
448
416
520
464
472
496
480
476
468
476
472
478
478
476
488
472
472
476
480
492
280
1086
1086
492
244
244
484
484
484
484
476
484
484
484
480
500
480
484
476
504
488
508
476
496
508
480
492
508
484
364
616
492
508
480
472
504
508
476
504
488
384
592
256
232
484
484
488
464
520
472
484
500
476
228
252
484
476
484
504
476
488
464
504
484
484
484
500
468
488
504
460
494
494
488
488
496
460
504
472
500
734
734
488
488
504
480
492
508
476
492
484
492
488
488
488
488
488
508
504
740
740
272
244
488
516
508
496
496
500
520
496
500
504
504
508
508
512
508
508
516
512
520
536
532
536
520
544
540
540
520
552
524
400
664
524
528
520
520
524
528
544
548
528
564
560
548
568
548
572
544
568
544
548
556
564
540
552
548
564
540
544
560
536
544
548
560
540
544
564
540
548
548
564
544
556
564
560
544
572
548
548
552
548
548
540
540
564
532
536
556
528
536
548
528
528
548
520
528
528
528
524
524
540
520
528
540
516
524
524
536
516
536
532
516
540
536
536
520
544
536
536
516
544
532
536
520
532
540
520
544
540
544
548
544
552
556
556
560
560
560
544
564
544
564
540
568
544
564
556
556
560
560
544
572
560
536
564
552
552
552
548
552
552
548
556
552
560
556
556
564
560
560
276
288
560
556
552
540
560
548
536
556
532
536
540
564
552
552
560
552
564
564
564
568
572
572
572
572
568
556
576
568
564
548
572
560
556
544
560
552
552
548
548
552
548
544
544
524
540
520
540
532
528
520
536
528
528
528
532
516
524
536
516
536
528
524
528
528
524
528
524
524
524
520
520
524
520
520
524
516
524
520
520
516
520
516
520
516
512
516
516
512
516
512
516
516
516
512
516
520
516
512
516
516
516
516
516
516
520
516
516
520
520
524
524
528
524
532
528
532
532
532
536
516
552
536
540
536
532
536
536
540
544
540
536
536
536
532
532
512
516
544
476
540
528
508
508
504
508
508
512
508
512
512
520
524
520
524
520
532
524
532
516
536
528
536
520
516
528
552
544
544
552
548
548
552
564
560
564
568
572
576
580
576
592
588
584
592
604
612
604
588
600
600
596
600
596
592
588
584
572
580
572
564
568
552
540
544
544
536
536
536
536
532
532
536
528
532
528
532
532
528
528
532
532
536
532
520
552
536
532
544
540
544
540
544
548
544
544
420
672
544
552
548
548
552
552
552
556
564
560
564
560
556
560
560
556
556
552
556
556
560
560
560
568
564
564
568
568
568
564
556
576
568
560
556
552
556
556
548
556
552
552
556
548
556
552
552
552
548
552
548
548
548
532
564
548
544
548
544
544
544
540
544
540
540
536
532
536
532
536
528
532
528
528
528
524
528
520
524
524
524
520
524
520
524
520
520
516
516
528
536
536
536
544
544
544
544
544
544
540
540
544
540
544
540
540
540
540
536
544
536
544
536
544
540
540
540
544
540
536
540
536
536
536
536
532
528
532
532
528
528
528
532
536
532
536
536
540
536
536
540
540
544
536
568
560
564
568
576
580
592
588
600
600
600
600
600
592
596
584
576
556
572
564
564
568
572
576
584
592
568
620
592
588
592
592
592
588
584
580
576
580
572
572
336
232
564
568
572
564
572
576
576
580
588
580
580
576
580
584
576
584
580
244
398
398
688
568
564
556
556
540
572
476
656
548
564
572
552
584
576
572
576
556
588
580
1056
672
564
564
556
560
560
560
560
552
548
552
548
544
528
556
540
536
536
528
528
532
532
532
536
540
544
552
552
556
560
560
572
576
580
580
584
580
584
588
580
580
580
576
572
576
572
560
592
572
576
576
576
576
572
568
572
576
568
576
568
572
564
556
568
556
556
556
552
556
552
548
552
548
552
552
548
548
548
552
548
552
548
416
684
484
552
632
552
540
572
556
552
448
668
552
556
556
548
552
552
556
552
556
552
556
556
552
548
560
552
552
548
576
548
576
564
560
568
564
564
564
560
556
560
556
560
556
556
504
612
560
556
516
596
556
556
552
552
444
652
548
544
548
544
540
540
536
520
528
544
520
524
520
520
500
536
516
504
536
520
516
520
520
520
516
500
452
600
512
500
532
516
512
512
512
516
512
512
516
512
512
512
512
512
512
520
524
524
524
536
536
540
540
548
548
552
552
552
556
552
552
556
548
552
544
552
540
540
532
528
524
524
524
524
524
520
520
528
520
520
520
524
516
524
520
520
448
588
200
240
604
520
520
512
516
512
512
508
516
508
512
508
504
508
504
504
500
500
496
496
496
324
572
584
492
488
496
488
488
492
492
492
496
492
496
496
496
496
492
492
496
496
496
472
500
508
476
512
496
488
488
488
492
488
488
492
496
476
512
500
500
488
516
504
504
504
504
500
508
292
208
500
508
432
432
612
508
396
612
496
500
504
504
504
508
512
520
524
528
512
544
532
532
536
472
596
520
532
504
532
504
532
504
532
516
520
524
520
520
524
524
524
532
532
536
544
556
556
556
564
560
564
568
564
572
572
576
576
580
576
576
572
572
572
572
572
576
576
580
580
584
584
584
580
580
576
576
568
568
572
568
564
564
564
564
564
560
560
556
556
556
552
556
556
560
564
560
560
572
564
560
568
320
804
544
576
556
556
536
572
532
560
548
536
540
520
548
528
516
524
534
534
524
516
520
520
520
516
516
516
516
520
520
520
520
500
548
504
540
520
528
528
532
540
528
560
552
552
556
564
572
576
584
584
584
584
584
588
592
576
608
596
596
600
600
604
604
596
604
604
608
604
604
604
604
604
596
600
588
588
584
584
584
580
592
588
588
588
596
596
600
600
604
604
608
604
604
592
596
608
600
596
596
596
592
592
588
584
576
572
568
564
564
564
560
564
568
564
572
568
572
572
572
568
564
564
568
568
576
588
596
592
584
584
580
572
580
572
568
568
568
564
564
560
556
560
556
556
552
556
556
552
560
556
560
560
560
556
556
552
536
564
544
540
540
544
544
548
544
544
540
552
552
552
556
560
560
564
564
564
564
568
564
560
564
564
564
556
560
552
552
548
548
548
544
552
556
556
560
560
560
568
564
564
568
564
476
648
560
564
564
564
568
568
564
560
564
556
556
556
552
548
556
552
556
560
560
560
560
564
564
564
568
560
520
608
576
544
560
560
564
572
572
580
576
584
584
580
584
580
580
584
584
580
592
600
596
600
604
596
596
596
596
592
588
596
584
588
592
592
604
616
608
612
616
612
624
632
628
620
624
620
620
616
508
688
672
628
628
628
628
628
628
624
628
596
624
604
600
600
600
596
600
600
600
608
360
264
440
772
616
612
616
612
608
608
608
604
604
600
604
604
600
596
512
676
588
528
556
468
208
572
248
442
442
580
560
584
452
684
568
572
568
576
572
564
568
560
544
576
554
554
544
548
552
548
556
564
564
572
572
580
584
588
588
592
588
596
588
596
604
596
596
1160
608
576
572
568
568
564
560
564
560
564
564
560
560
564
556
564
556
560
556
556
564
556
556
556
556
552
552
552
552
552
556
556
552
548
548
548
544
540
540
540
536
540
536
536
540
536
536
532
532
536
532
528
536
528
532
532
528
528
532
532
528
532
536
528
536
532
532
532
540
532
536
540
536
532
536
536
532
532
532
536
536
532
536
536
536
536
532
536
540
540
544
544
556
564
564
568
572
568
576
572
568
580
576
576
568
564
564
560
560
560
552
560
560
552
580
572
584
592
596
600
592
620
616
616
616
612
608
608
608
604
600
604
600
600
600
600
596
600
596
600
604
608
604
612
612
612
616
608
604
604
600
600
600
600
588
596
596
576
608
592
592
588
588
592
588
596
596
592
592
498
498
760
588
576
576
576
572
584
592
592
588
608
620
640
652
664
668
684
680
684
680
672
668
668
656
640
640
632
616
608
608
608
604
604
592
596
592
584
588
584
580
584
588
584
588
592
588
592
584
588
588
580
576
576
572
580
580
580
584
588
588
588
592
604
600
600
596
600
604
604
600
604
592
612
600
600
600
604
600
472
716
472
688
608
584
580
580
576
584
568
608
592
596
604
616
636
372
256
586
586
989
989
989
989
