2256
2256
2256
494
494
494
672
500
762
762
668
664
660
656
648
648
648
648
652
664
680
676
688
684
684
672
660
656
656
648
652
660
220
428
656
656
664
664
664
680
680
696
704
716
716
720
720
216
492
700
276
817
817
817
664
656
656
596
700
384
876
380
248
842
842
448
356
620
624
240
380
200
420
620
624
632
632
824
824
824
940
940
622
622
632
794
794
440
440
776
324
340
554
554
764
764
640
636
636
636
648
640
644
652
660
668
668
668
664
656
656
664
660
384
536
420
672
664
664
664
656
664
656
656
664
452
612
272
664
644
692
676
684
680
688
692
708
712
716
708
704
704
712
716
720
716
712
704
692
692
680
676
664
656
656
664
668
676
684
680
684
688
704
696
708
708
712
720
728
720
732
732
736
736
672
744
744
744
728
740
736
748
756
744
752
756
748
744
752
752
744
756
772
768
776
788
905
905
905
905
905
400
544
704
704
440
440
440
934
934
268
1520
1520
739
739
739
739
739
739
739
739
675
675
675
675
675
675
675
675
716
1644
1644
1644
1644
1644
1644
1644
1644
1644
1644
1644
580
684
684
684
692
692
692
692
692
692
692
692
692
692
692
692
1070
1070
1070
236
268
324
590
590
590
590
958
958
644
640
516
516
244
640
640
628
632
628
620
548
692
746
746
360
208
510
510
416
416
416
620
624
624
628
624
640
644
660
664
676
664
676
672
672
672
664
660
660
652
652
656
656
668
668
676
676
688
696
700
704
712
708
708
716
708
712
716
712
712
712
696
700
688
688
681
681
681
684
676
668
656
672
664
660
612
700
468
840
384
940
528
800
660
664
668
672
668
296
380
656
700
656
708
476
880
340
340
672
668
672
668
656
660
656
648
648
652
640
640
640
632
196
432
628
620
628
632
632
636
644
644
652
656
656
664
664
648
644
648
648
648
648
644
636
628
624
624
624
616
616
616
608
612
612
608
612
608
608
612
612
612
612
612
612
604
608
604
604
604
604
604
604
600
452
748
592
604
592
592
600
592
588
600
592
592
592
592
588
592
588
588
592
592
592
600
600
604
600
608
604
612
608
616
616
612
612
616
612
616
616
616
612
608
604
608
600
592
596
588
588
584
580
580
580
500
656
576
576
576
556
580
220
280
576
512
548
728
588
548
584
560
568
580
444
656
540
588
488
628
560
560
560
436
612
608
572
556
560
560
560
568
568
568
580
576
584
584
584
588
584
564
600
580
576
580
576
560
584
572
560
564
556
556
552
552
548
524
568
544
540
540
540
538
538
823
823
823
823
568
496
476
476
264
876
876
592
592
576
624
600
604
604
604
604
604
612
612
620
612
612
616
580
614
614
520
272
400
436
736
596
584
472
638
638
580
576
580
576
516
524
524
628
628
628
560
224
316
316
300
568
572
568
572
572
576
580
584
1172
584
588
592
588
584
592
588
588
588
584
460
720
588
584
584
584
576
576
576
568
568
572
572
568
568
568
572
576
576
572
576
502
502
740
584
588
536
636
588
584
592
588
588
596
592
588
592
548
648
308
452
452
344
240
596
592
598
598
204
288
396
300
594
594
596
588
284
492
492
492
580
584
576
580
580
572
572
568
568
568
564
564
564
564
564
564
568
560
564
568
572
560
568
564
516
608
568
568
564
568
568
568
572
568
560
592
556
592
556
592
576
572
572
568
568
564
456
668
596
580
580
588
592
588
596
588
588
588
592
568
604
580
564
588
572
564
568
564
560
560
544
572
560
560
556
560
556
560
556
556
552
552
552
548
548
552
544
548
540
532
556
544
540
548
552
552
556
564
568
572
568
576
576
576
584
580
580
580
580
576
580
576
576
572
576
568
568
568
564
556
572
580
574
574
580
580
584
588
588
588
588
572
596
584
576
576
572
568
564
560
564
564
560
564
560
560
560
556
556
552
556
536
568
560
560
560
564
564
572
572
576
580
588
588
592
592
600
596
600
600
596
596
588
592
588
584
580
580
576
580
576
572
576
576
576
580
572
616
592
588
600
600
604
604
604
608
608
608
604
608
596
600
596
596
596
596
592
592
576
604
576
608
588
584
584
584
580
588
588
588
560
620
588
589
589
589
592
592
592
600
604
608
604
604
604
612
608
612
608
612
592
624
608
600
600
600
604
596
596
600
600
600
600
600
604
596
600
596
592
596
592
588
592
588
592
592
588
592
596
588
592
592
592
584
588
584
584
576
584
576
576
576
576
572
572
568
568
564
564
564
568
564
564
564
560
564
564
552
564
560
556
432
680
560
556
552
552
552
552
536
564
548
556
548
548
544
544
540
544
544
540
536
540
536
540
540
540
540
548
544
544
544
548
544
548
548
544
552
548
548
548
564
568
564
560
560
564
564
564
568
560
568
560
564
556
556
556
556
556
560
556
552
552
548
544
548
544
544
544
540
536
532
536
532
528
536
532
528
528
524
524
524
524
524
524
524
528
524
524
524
528
528
524
528
524
524
524
528
524
520
520
520
516
516
508
516
492
520
504
500
500
500
504
500
496
500
496
500
492
500
496
496
496
508
496
500
504
500
492
508
512
504
508
508
496
520
508
512
512
512
508
516
508
512
512
512
504
512
508
504
504
508
508
504
500
504
488
516
488
504
500
516
500
504
500
500
500
496
488
516
504
504
504
492
512
496
528
524
396
648
512
540
508
552
536
540
540
544
548
544
548
552
452
656
552
552
548
552
548
548
544
544
548
544
544
544
548
544
548
548
544
548
548
552
544
552
548
544
552
552
548
548
548
552
548
544
544
544
540
536
540
532
532
536
536
532
540
444
632
540
544
544
548
552
560
560
560
564
572
576
568
576
576
572
576
576
568
568
584
580
580
584
584
584
576
576
572
572
564
564
564
556
560
556
556
556
556
556
560
560
564
556
560
564
556
564
564
556
556
560
556
564
560
560
560
560
564
564
564
568
568
576
572
568
576
576
580
580
576
576
576
568
572
572
572
564
564
564
564
560
560
560
564
556
564
564
564
560
560
568
356
1429
1429
1429
1429
816
588
800
800
800
602
602
372
232
592
592
592
592
590
590
556
628
596
596
608
616
464
512
208
696
636
660
644
632
642
642
972
972
480
480
340
504
420
320
256
400
368
496
368
268
300
556
556
716
388
720
364
412
412
572
568
568
564
564
556
560
556
556
544
304
670
670
564
564
556
560
432
432
240
1106
1106
360
648
648
516
516
516
680
272
260
500
636
834
834
552
558
558
556
476
552
640
558
558
564
458
458
196
196
368
428
648
600
460
664
560
560
564
228
332
564
560
556
552
556
516
600
556
552
556
556
552
464
648
552
492
612
552
552
552
544
544
564
564
556
564
564
560
560
564
556
560
560
560
560
564
560
552
588
548
600
576
576
584
576
572
580
580
576
580
452
696
572
572
568
564
564
564
560
432
692
548
524
592
552
552
552
548
544
552
544
544
200
300
576
576
548
548
548
356
384
292
612
544
544
544
544
380
712
548
548
520
568
548
548
548
544
548
548
192
356
544
548
548
532
552
568
556
556
556
564
560
560
564
564
564
560
564
556
560
560
556
556
556
556
556
560
560
564
572
568
572
576
576
576
576
580
576
584
580
588
588
592
592
600
592
596
592
592
588
592
592
596
592
592
284
304
588
588
584
580
580
440
716
572
576
576
568
572
568
572
572
572
568
576
580
576
572
576
572
580
584
584
584
588
584
584
580
580
588
576
584
580
584
580
580
584
588
588
588
584
584
580
584
584
580
580
580
584
584
584
576
580
584
584
584
584
592
584
588
592
588
592
584
588
588
580
584
584
580
584
584
584
584
584
588
588
580
580
580
572
572
572
468
652
584
564
566
566
564
456
676
564
564
564
560
560
560
552
540
568
552
548
548
544
548
552
540
552
544
548
544
544
528
560
544
544
548
540
540
540
540
532
540
532
536
536
540
540
532
544
536
540
536
236
304
540
532
540
536
532
536
532
540
536
536
532
536
532
532
532
536
532
532
540
536
540
544
548
544
548
544
548
548
544
528
568
544
496
588
540
540
536
516
548
536
528
532
536
528
532
532
532
532
536
536
544
540
544
544
544
544
548
544
524
564
540
524
552
540
540
532
524
552
520
548
536
536
416
648
536
528
508
548
520
524
524
524
520
504
540
504
536
524
524
516
504
536
520
516
524
520
516
516
520
516
520
528
524
528
532
540
540
544
552
556
560
560
568
568
568
564
568
568
572
576
576
580
580
584
588
588
592
596
596
600
596
600
600
592
600
600
596
596
592
596
596
596
596
596
592
596
600
596
596
596
600
604
596
604
600
604
604
608
608
608
604
604
604
596
604
612
600
604
604
604
608
604
608
604
612
608
600
604
600
596
596
600
596
592
592
588
580
572
576
572
568
572
568
572
572
572
572
572
572
572
568
572
568
568
572
568
568
576
576
576
580
580
580
576
576
584
576
584
576
580
580
576
580
576
580
576
576
576
576
580
580
584
584
584
580
584
588
584
580
596
588
588
596
588
592
592
588
584
580
580
580
576
576
572
576
572
572
580
576
576
580
580
576
576
576
580
572
572
576
576
568
576
576
576
576
572
572
572
572
572
576
572
572
572
568
568
564
564
560
564
564
556
560
560
564
560
556
560
556
560
560
560
560
564
560
568
556
564
564
560
560
560
560
556
556
556
552
548
556
552
552
552
548
544
552
548
548
548
548
548
524
564
304
244
544
516
576
548
548
548
548
532
560
544
544
540
540
540
512
564
540
532
540
536
536
536
536
528
536
532
528
528
528
528
524
524
520
520
520
520
516
516
516
520
516
520
520
524
524
524
524
532
528
532
528
532
536
536
540
544
540
544
520
556
540
544
528
552
544
552
528
568
548
564
528
544
544
528
552
540
536
536
532
536
520
556
540
544
544
548
548
552
548
552
548
548
548
548
552
532
556
548
544
540
460
620
540
544
536
544
540
544
540
540
544
528
544
556
540
536
536
540
532
532
540
532
528
528
528
532
528
528
528
532
528
524
532
524
532
528
528
528
532
532
532
536
540
540
544
540
540
544
540
540
544
540
544
544
548
544
548
548
548
548
544
544
548
544
540
544
544
540
540
544
536
540
544
540
540
544
540
540
544
540
544
540
548
548
544
552
552
552
552
556
556
556
564
560
564
564
568
564
568
572
572
568
568
564
568
564
568
568
564
560
560
560
560
560
564
564
572
568
568
572
576
576
576
584
588
592
596
600
600
612
604
616
616
616
620
620
620
620
616
620
620
616
616
612
608
608
608
608
604
604
600
596
596
592
592
588
588
588
588
592
596
596
600
604
596
604
596
600
596
600
604
600
600
596
592
596
588
596
588
484
700
592
592
588
596
584
588
584
588
588
580
584
584
576
580
572
576
568
572
568
564
564
568
564
560
564
568
564
564
564
564
572
568
568
572
572
568
580
568
580
576
576
580
580
580
584
584
580
584
580
580
580
584
580
576
580
580
584
584
576
580
580
572
576
568
568
564
568
564
560
560
560
560
560
556
552
560
552
552
548
552
560
564
560
556
560
564
572
576
580
588
584
584
596
616
620
616
616
572
656
616
612
608
592
596
596
604
616
624
616
612
612
612
608
604
592
1154
1154
568
560
556
552
548
544
540
540
536
536
540
536
532
540
536
532
540
352
708
532
532
532
532
528
528
532
532
536
532
536
532
532
532
532
532
528
532
528
524
528
520
508
536
516
512
512
500
508
516
512
508
504
508
508
508
508
512
516
512
516
516
520
520
524
520
524
524
520
516
524
512
516
508
512
512
512
512
512
512
512
516
516
516
520
516
520
520
520
516
520
516
508
512
508
508
508
508
512
516
512
524
520
528
532
532
536
540
540
552
548
552
540
572
564
564
568
564
568
572
576
584
592
596
600
608
612
620
620
628
632
628
620
620
612
612
604
604
604
608
604
604
604
608
604
612
608
616
620
624
624
632
632
640
636
632
620
616
612
620
628
624
620
616
612
608
600
596
596
592
592
596
592
596
600
596
408
192
592
588
528
256
372
296
212
664
564
576
564
568
568
560
576
572
572
584
580
596
596
592
592
600
588
592
584
584
588
576
580
580
576
580
576
576
576
580
584
584
584
588
580
584
580
576
576
572
568
564
560
560
556
556
548
548
548
548
540
548
544
552
556
568
584
596
608
624
644
648
664
668
676
672
672
676
676
676
668
668
680
680
688
696
696
696
700
700
704
700
708
700
696
672
672
652
640
640
620
620
612
612
616
616
612
616
620
620
632
628
636
636
644
648
644
656
652
648
652
652
648
652
644
644
648
644
640
644
652
648
644
632
624
620
608
608
604
588
592
588
580
580
576
572
572
576
572
572
576
580
580
580
584
588
596
604
596
572
746
746
746
524
510
510
324
548
656
448
662
662
596
596
600
600
608
618
618
606
606
312
304
592
604
608
612
604
608
612
604
612
608
604
900
900
592
596
260
316
877
877
877
877
568
564
564
564
564
564
564
568
564
568
572
564
568
560
572
564
564
566
566
560
408
380
332
557
557
557
556
552
548
552
452
648
552
216
340
560
548
576
576
572
576
580
580
580
584
592
592
572
600
584
588
576
576
576
576
560
564
556
556
556
552
572
560
556
552
564
568
568
572
576
580
588
592
596
596
600
604
608
604
612
624
624
624
472
808
640
636
648
652
644
652
652
644
644
644
636
640
644
648
648
652
648
652
660
656
656
664
660
648
652
640
640
628
628
608
616
608
604
608
608
600
600
596
596
596
596
600
596
592
596
596
600
600
604
604
596
596
600
596
604
600
604
608
604
608
608
604
608
604
604
608
604
600
600
604
604
604
604
600
600
596
592
592
588
588
592
584
588
592
588
588
592
592
592
596
592
596
588
588
592
588
588
592
588
588
588
588
584
580
576
580
572
576
576
576
572
576
572
576
576
572
580
576
576
584
588
584
588
592
584
592
584
584
584
580
584
580
584
584
592
592
600
600
600
604
604
604
604
608
604
600
600
604
612
624
624
636
632
636
636
636
636
636
628
632
620
628
628
632
632
632
628
632
632
628
628
628
636
628
636
636
632
632
644
640
636
632
636
624
632
632
624
632
636
636
640
644
648
640
640
636
616
620
608
612
616
624
636
636
648
656
664
668
680
688
688
700
704
708
708
708
708
696
664
656
652
640
636
640
636
644
648
644
640
640
648
652
664
656
660
672
676
668
664
660
664
656
656
656
660
656
660
660
660
664
664
660
660
656
652
652
644
644
636
640
640
648
640
648
652
644
636
636
624
624
616
616
608
608
604
600
608
604
596
596
588
588
588
588
588
584
584
584
580
580
580
580
580
580
580
584
584
580
584
576
580
576
576
576
572
572
568
564
556
560
556
552
548
552
548
552
548
548
552
548
552
552
552
548
552
548
544
548
544
544
544
544
536
540
540
544
544
544
556
560
568
572
580
588
596
604
608
616
624
628
636
640
648
656
664
668
676
692
684
692
688
680
680
688
676
680
692
684
680
672
660
676
692
692
704
708
696
712
712
704
712
712
712
712
716
688
720
692
688
692
672
672
668
668
664
664
656
664
664
672
664
668
664
668
668
668
680
680
684
688
688
688
684
680
680
676
672
672
676
588
744
656
648
636
636
632
624
620
616
608
604
596
592
584
584
572
572
568
560
560
556
552
544
548
544
544
544
540
544
540
544
248
292
548
552
552
560
564
