856
860
292
612
1728
872
844
846
846
388
460
980
980
3008
824
456
9638
9638
1832
512
344
2284
2112
344
472
452
708
324
220
660
716
848
3584
876
684
964
2740
1560
696
392
592
468
508
576
493
493
493
684
484
492
468
636
444
588
808
808
808
572
536
520
580
700
348
644
640
692
356
634
634
680
452
10708
11228
560
5836
3248
788
2820
8436
12652
852
812
836
812
372
264
256
808
804
816
836
840
2612
2628
4364
4280
1476
332
2032
2032
1004
256
580
432
3169
3169
3169
3169
1056
582
582
1149
1149
1149
722
722
892
628
1004
832
840
832
824
828
816
828
840
840
844
844
528
324
1246
1246
1603
1603
1603
1603
1603
1603
1603
284
220
372
508
404
404
452
582
582
712
860
860
288
668
668
800
1600
800
812
788
804
796
804
816
1234
1234
704
976
844
840
840
824
701
701
701
701
778
778
759
759
759
759
702
702
702
529
529
529
870
870
870
870
870
870
870
870
870
870
870
870
870
870
870
870
870
468
380
380
570
570
570
570
570
570
570
488
488
488
488
488
488
488
488
488
500
500
500
500
780
780
772
784
788
784
784
800
400
400
780
796
808
808
808
816
820
820
820
828
824
808
816
812
804
804
812
792
792
796
796
780
796
800
402
402
590
590
540
540
540
332
460
398
398
320
556
556
556
556
412
412
412
412
412
412
412
412
412
590
590
590
590
590
590
590
420
420
420
393
393
393
780
776
780
792
800
796
804
812
820
812
820
812
808
804
808
804
796
800
808
800
800
792
804
792
796
800
808
804
796
816
816
820
816
824
824
824
828
840
832
828
828
824
828
816
824
824
808
808
804
812
808
812
812
804
808
824
824
836
848
856
872
880
872
880
864
864
852
856
868
880
884
860
860
860
840
856
860
872
860
872
892
892
896
868
876
872
860
880
876
876
872
888
860
648
1028
844
844
256
576
1224
1224
820
808
528
1084
688
924
804
804
808
804
440
372
800
808
732
864
808
224
568
804
792
800
792
792
784
784
764
784
784
788
784
780
808
796
816
808
824
812
820
808
824
848
848
852
860
852
844
856
860
852
840
852
832
832
828
796
796
788
776
772
776
752
764
764
760
752
756
760
756
752
744
748
744
744
740
736
736
732
740
736
724
736
732
728
720
724
728
724
728
724
724
724
720
720
728
716
724
716
720
724
708
724
720
720
728
724
724
728
716
724
716
724
732
664
808
724
732
704
760
728
724
724
716
724
708
720
724
684
752
708
712
720
696
720
704
720
708
712
344
368
712
704
712
712
700
712
700
708
644
764
712
704
704
704
692
708
712
708
704
700
708
704
712
716
696
708
712
712
712
708
708
704
708
704
700
704
704
708
704
680
704
708
684
700
692
688
696
692
688
692
692
708
696
704
716
712
696
708
708
708
692
704
708
708
692
700
704
700
692
696
696
700
688
692
692
684
688
696
696
692
696
696
700
700
700
704
700
700
708
188
504
700
700
696
704
704
244
448
700
700
700
700
704
688
696
700
684
700
680
692
692
680
684
692
676
688
676
684
684
680
684
680
628
740
680
680
676
676
680
684
672
692
684
680
700
680
684
676
680
672
672
684
664
684
688
676
684
684
676
680
684
676
668
676
672
668
672
672
664
668
484
864
664
496
844
664
676
664
672
676
668
672
676
664
672
672
624
708
672
540
796
668
692
648
668
276
348
716
656
364
312
668
672
216
460
664
664
204
468
660
604
724
664
672
664
668
560
776
652
348
320
672
656
668
668
652
668
672
668
668
680
676
664
680
676
680
668
680
684
680
684
684
684
672
680
676
656
676
672
664
672
672
664
668
676
656
668
668
660
672
664
664
668
668
668
676
668
664
664
668
664
660
664
660
664
668
660
664
664
664
668
668
664
648
664
660
664
660
664
652
656
660
660
660
660
672
660
664
680
668
680
672
680
680
676
680
684
676
680
680
676
660
680
668
664
672
672
672
656
668
664
664
668
668
644
660
668
656
660
668
668
676
668
664
676
672
672
676
668
676
672
664
668
668
660
668
660
664
660
660
660
664
656
644
660
652
640
652
648
652
652
652
632
648
652
644
652
648
648
652
656
652
640
652
652
636
648
644
644
632
644
644
644
648
644
640
644
644
640
644
644
640
640
644
652
644
656
656
660
660
668
668
656
664
664
664
612
708
668
668
664
672
672
664
668
668
656
660
660
664
656
660
660
640
656
652
632
652
652
640
652
648
656
648
644
652
652
648
644
648
644
648
644
644
648
644
640
632
644
644
636
632
644
640
632
644
636
636
636
640
628
640
640
636
636
648
644
636
648
644
644
648
648
648
648
652
648
640
644
648
636
644
644
644
644
644
632
640
644
636
640
640
640
648
636
644
636
640
640
636
636
632
632
536
724
632
636
624
636
640
628
636
628
636
620
628
636
632
632
636
632
632
636
644
628
644
652
640
648
644
596
672
636
636
632
632
636
628
624
636
616
628
628
624
632
632
640
620
632
632
628
616
624
628
612
624
624
628
620
624
628
616
628
632
624
628
628
624
628
640
616
636
640
628
636
640
636
632
636
640
628
636
640
628
628
636
632
624
636
636
644
636
636
636
628
632
636
632
632
628
624
628
624
632
628
620
624
624
616
628
1240
620
620
612
612
620
608
616
624
612
620
624
624
620
616
624
612
608
620
608
608
620
600
616
612
608
608
608
604
600
608
596
600
604
600
592
608
584
592
604
592
596
592
588
592
588
580
588
596
592
596
600
592
584
592
608
592
592
596
600
592
600
608
604
604
608
604
600
604
612
604
596
604
608
600
596
604
600
592
600
600
596
596
592
592
592
596
596
584
596
596
580
592
596
588
584
588
592
584
580
588
588
580
592
588
592
576
592
592
580
576
592
592
576
584
588
580
584
580
508
660
584
584
576
584
580
580
572
580
576
576
580
572
576
580
576
576
568
572
572
576
584
580
576
568
576
572
572
576
568
564
576
580
572
572
572
576
568
576
576
572
568
576
576
572
568
576
568
560
568
572
564
560
568
572
568
560
556
572
560
564
560
560
560
552
568
564
556
552
564
568
548
560
560
552
552
560
560
560
508
608
560
556
568
568
564
560
564
572
564
556
480
660
564
564
568
572
576
568
572
572
572
576
560
576
580
572
560
576
580
572
572
580
576
576
576
580
576
576
572
584
580
576
584
580
576
584
584
584
580
580
580
584
568
584
580
576
568
580
584
572
576
580
580
572
572
576
580
572
576
580
580
568
576
580
576
572
588
572
568
576
580
568
572
576
576
568
580
576
576
572
584
568
580
584
584
576
580
484
700
576
584
588
588
580
588
592
588
572
588
476
692
584
588
584
580
588
588
576
592
588
1164
284
308
580
588
588
592
576
592
492
564
704
592
592
600
600
596
596
600
596
600
600
592
604
600
600
436
752
600
592
604
592
588
588
584
596
596
584
592
592
588
596
1636
728
592
588
592
508
680
580
592
592
588
496
692
596
588
596
596
588
592
596
600
588
588
592
584
592
596
584
600
592
560
620
588
588
1172
440
708
600
1164
576
252
352
564
572
384
780
576
576
584
580
580
588
576
568
584
584
580
572
584
578
578
592
492
672
588
484
696
584
588
596
592
580
596
588
584
584
592
568
600
592
588
584
580
584
580
576
592
592
584
576
584
588
568
580
584
580
576
584
580
576
576
584
584
580
576
584
580
576
588
584
572
580
592
576
576
588
580
580
584
584
588
580
584
596
572
588
584
584
580
584
584
580
580
580
576
576
576
580
580
572
584
576
580
576
576
580
576
580
572
580
580
576
580
584
576
572
452
692
580
580
1144
580
560
556
608
588
572
576
580
584
584
576
580
580
580
576
500
656
580
576
264
316
576
588
460
688
584
584
576
576
580
584
572
584
580
584
584
564
584
588
580
580
584
584
572
580
448
716
584
580
584
584
584
584
584
592
584
576
584
596
588
576
584
592
588
576
592
584
572
580
588
580
576
584
580
572
580
576
576
568
576
576
576
572
576
580
568
564
580
576
576
568
580
1144
572
572
580
556
576
572
576
568
580
568
560
572
572
568
560
576
564
572
560
428
708
572
572
564
564
572
576
580
584
588
588
588
592
592
596
588
600
600
596
600
592
596
604
600
596
604
608
588
596
600
600
592
592
592
596
584
588
588
596
584
592
588
588
592
592
588
580
280
904
584
592
584
580
588
424
748
576
580
584
584
584
584
576
584
584
580
576
576
584
576
580
576
568
576
584
572
568
584
584
576
576
580
584
568
576
588
580
564
572
584
580
576
572
568
576
572
576
564
580
572
572
572
580
572
572
584
588
584
580
1772
588
588
580
588
588
600
588
596
584
596
584
592
584
588
592
584
592
1172
592
592
456
716
592
592
580
592
596
500
676
592
588
576
584
588
584
576
580
584
536
620
580
572
576
580
576
576
584
588
588
588
544
612
588
596
580
592
588
588
580
588
588
588
588
584
584
572
588
536
588
620
588
576
568
576
576
572
576
572
568
576
568
580
568
576
576
576
572
576
576
568
568
576
576
572
576
580
576
588
420
1316
592
580
588
508
680
592
600
600
600
608
612
612
612
604
612
612
600
604
608
592
608
608
604
604
604
612
596
608
608
1208
604
612
592
600
608
604
600
596
612
596
608
1188
596
596
596
600
456
740
600
592
608
588
592
488
700
592
588
1188
588
460
724
592
476
712
1180
588
596
580
588
1172
592
604
560
588
596
588
580
592
588
592
584
584
588
584
584
576
584
592
580
584
1164
584
596
604
560
592
592
584
596
596
588
596
592
588
596
604
596
584
600
524
672
580
600
596
592
596
600
592
1188
592
592
596
592
600
600
1048
728
600
464
716
600
1204
604
608
604
600
608
476
728
612
600
596
604
608
616
584
608
608
608
604
1228
604
616
612
612
612
612
608
604
608
612
608
604
612
608
616
1232
624
608
616
508
708
612
608
604
448
772
600
600
604
596
596
600
600
592
592
592
592
592
592
588
592
588
588
588
584
588
592
588
588
576
572
608
588
584
500
664
1752
416
756
580
576
584
528
612
588
576
580
580
576
584
576
576
452
708
568
572
580
580
576
576
580
572
580
588
584
580
588
580
580
580
588
584
580
584
576
584
580
572
588
580
580
584
576
576
572
572
580
576
576
576
580
580
572
584
584
588
588
596
592
596
604
600
588
604
468
720
596
588
600
584
592
592
576
588
584
580
576
584
584
568
580
572
420
728
1156
576
568
580
576
460
692
576
576
580
584
580
596
584
588
600
588
588
596
596
588
588
592
588
592
588
588
580
592
584
588
596
584
588
576
580
584
580
580
480
680
576
576
584
576
568
576
576
576
572
284
864
564
576
576
572
576
572
564
580
576
568
560
572
252
216
700
584
192
228
748
584
440
724
588
584
580
592
588
576
588
588
584
576
484
692
520
632
332
248
780
434
434
656
572
232
908
576
568
412
732
388
748
568
568
564
512
632
512
644
572
540
612
588
460
696
584
404
768
584
584
584
584
588
592
592
584
516
668
588
584
588
588
564
600
588
588
456
720
584
588
576
580
572
1156
576
216
220
708
1140
572
576
572
572
576
572
576
576
580
580
576
584
584
584
588
1098
1098
704
632
1197
1197
1197
1198
1198
604
600
600
600
600
284
304
612
300
316
608
604
604
536
664
600
600
496
1928
572
668
588
600
480
348
458
458
784
660
668
668
688
696
700
704
676
756
716
488
244
732
724
724
680
624
624
796
608
752
660
648
650
650
656
652
644
316
256
736
1092
1092
360
652
644
660
680
692
692
704
652
752
712
720
712
476
661
661
661
890
890
672
368
272
680
660
652
636
636
636
632
628
636
632
628
632
640
1284
652
648
640
644
648
1292
652
296
752
908
648
652
648
664
648
644
1300
644
644
648
640
640
636
636
632
636
632
636
636
644
640
636
652
648
652
648
648
648
652
648
636
648
648
640
644
644
644
636
644
640
640
636
636
636
636
640
640
640
640
640
636
648
636
636
632
640
636
640
636
636
636
624
632
532
628
720
620
628
628
616
620
612
612
608
616
616
604
604
604
604
608
604
604
600
1136
684
612
612
608
524
1892
608
604
596
600
596
596
600
596
596
592
592
1196
600
600
596
596
596
596
600
608
608
604
612
612
620
616
624
624
624
620
624
624
628
632
632
632
212
428
620
628
640
632
624
628
628
620
632
516
736
620
624
624
616
520
728
536
600
744
636
1268
640
636
644
634
634
1600
1600
636
628
644
640
640
640
648
656
652
990
990
664
664
664
664
502
502
268
624
740
588
696
652
636
644
648
648
648
648
652
656
652
656
656
672
668
668
668
672
668
660
676
664
664
668
676
668
664
668
672
664
656
664
660
652
652
668
680
1372
504
868
1376
696
700
700
632
608
712
860
700
700
708
696
600
804
1124
264
704
694
694
698
698
536
828
680
684
652
704
12756
12756
12756
