764
714
714
576
576
576
576
738
738
748
748
740
732
724
728
724
716
716
708
804
804
804
412
236
594
594
384
304
711
711
711
711
708
1064
1064
572
572
272
596
276
536
700
650
650
733
733
733
733
712
712
712
716
708
688
724
708
704
664
728
700
692
696
696
696
684
716
696
704
684
700
708
708
700
684
672
704
632
728
672
672
668
656
652
668
628
652
636
628
624
632
620
620
624
616
624
620
556
696
544
712
272
450
450
688
688
642
642
642
642
540
328
408
634
634
632
622
622
836
836
836
612
296
328
604
919
919
919
919
620
628
544
716
624
640
656
500
788
644
636
640
616
652
612
640
624
616
620
612
620
596
624
608
600
600
746
746
746
746
746
260
352
324
408
660
634
634
753
753
753
753
312
292
444
570
570
570
252
512
848
656
986
986
652
672
656
680
660
648
676
656
660
656
660
632
664
652
644
636
636
616
648
612
605
605
605
634
634
634
634
632
632
640
636
228
416
448
448
376
656
676
672
652
464
208
696
680
684
660
716
680
676
680
676
688
692
692
700
696
716
716
716
396
482
482
784
697
697
697
668
408
312
688
682
682
596
700
700
700
665
665
665
665
264
853
853
853
853
296
669
669
669
668
668
672
308
514
514
653
653
653
653
288
545
545
545
252
384
962
962
448
448
416
785
785
785
785
785
785
785
693
693
693
693
192
640
200
542
542
968
968
948
948
1392
1392
1392
408
408
276
304
508
508
308
440
440
864
864
864
864
864
864
864
864
864
864
864
200
460
280
388
664
672
664
672
672
664
672
676
668
672
672
668
680
668
664
668
664
672
664
652
664
656
656
644
656
648
656
648
644
656
648
640
644
644
644
648
648
644
1036
1036
1036
1142
1142
1142
756
756
688
902
902
902
336
336
666
666
220
448
660
625
625
625
1572
1572
228
456
456
272
796
658
658
364
292
652
656
648
568
712
636
636
632
628
632
624
636
624
628
628
628
628
628
620
624
620
620
388
852
620
620
616
616
540
676
612
600
608
604
604
604
604
608
608
604
612
608
608
608
616
608
616
608
608
612
604
600
608
600
604
600
584
620
604
600
596
608
624
548
648
612
596
604
608
604
608
336
880
604
608
608
600
464
748
600
236
360
600
596
596
596
592
196
400
596
588
596
596
592
592
596
588
600
596
592
596
596
532
648
592
584
584
584
576
572
580
576
568
576
512
632
858
858
580
488
672
584
588
596
596
600
604
584
628
608
1218
1218
920
920
616
612
616
616
616
616
616
500
736
620
604
636
624
628
624
624
624
628
508
744
632
400
228
628
636
632
632
632
636
640
636
636
644
636
644
640
644
962
962
648
648
654
654
328
336
196
468
668
276
400
640
1285
1285
1285
1285
937
937
937
937
689
689
689
508
678
678
612
606
606
604
288
458
458
604
916
916
610
610
608
608
608
212
388
1488
1488
600
997
997
997
896
896
898
898
926
926
926
978
978
978
978
348
292
644
640
652
648
640
652
644
216
530
530
935
935
935
935
524
650
650
480
662
662
470
470
272
576
596
460
716
592
592
588
564
284
468
468
596
898
898
252
356
600
608
604
604
608
602
602
608
600
600
604
368
224
604
596
596
596
292
446
446
608
526
526
756
604
208
514
514
384
244
628
628
640
648
644
668
680
664
656
668
656
656
652
272
376
640
584
584
1209
1209
1209
1209
1209
1209
1209
1209
1209
1209
220
636
953
953
953
428
628
384
268
672
668
668
648
648
572
420
300
628
644
636
616
636
640
640
640
640
660
644
656
536
760
240
420
582
582
736
736
324
324
652
664
640
716
650
650
1185
1185
1185
1185
1185
380
400
500
200
626
626
626
380
500
500
700
660
300
240
480
300
658
658
324
820
820
820
820
820
820
680
704
660
708
688
688
692
692
688
688
688
684
688
684
676
680
668
692
680
684
680
692
688
668
700
688
692
680
696
688
684
684
688
680
684
672
688
676
676
668
600
740
672
648
684
664
648
420
260
1324
1324
660
616
676
672
648
644
632
632
632
624
620
624
596
636
604
576
260
424
628
628
1873
1873
1873
3716
3716
3716
3716
632
632
628
624
620
608
612
604
608
600
600
592
600
600
592
600
604
600
600
608
604
608
612
612
612
616
616
544
684
612
612
608
608
604
600
604
600
596
600
596
596
592
600
592
592
592
592
592
588
588
592
568
612
588
592
592
592
592
596
596
592
596
596
592
596
588
592
596
592
572
610
610
596
596
588
624
608
588
628
616
616
616
1244
566
566
736
524
732
632
628
492
764
600
652
620
504
748
616
624
616
240
376
628
612
620
236
376
612
616
620
592
620
644
556
676
616
520
712
616
616
628
492
748
620
600
596
664
620
616
624
612
404
852
636
624
628
264
228
732
644
628
624
600
644
628
620
624
620
396
848
616
628
632
624
624
496
764
616
660
640
636
624
1178
1178
792
560
700
628
636
636
636
636
648
648
652
656
648
648
636
640
608
648
632
624
628
624
628
632
628
624
628
620
628
628
624
628
616
628
624
612
616
608
604
604
596
596
600
592
588
592
588
584
588
584
580
572
592
576
580
560
592
576
572
568
576
568
568
568
572
568
568
568
572
564
568
596
556
556
428
344
312
312
316
592
577
577
577
488
656
576
572
556
596
566
566
592
408
744
572
520
612
588
566
566
564
556
560
564
558
558
1108
1108
1108
520
520
648
1680
1680
572
476
640
584
564
560
560
560
560
556
556
360
192
544
572
232
320
548
548
436
1694
1694
1694
528
933
933
933
820
820
561
561
561
558
558
560
560
560
564
560
568
564
568
568
572
576
576
580
580
580
580
580
580
584
580
588
580
584
568
604
584
580
568
600
580
568
592
596
584
588
584
588
584
584
584
588
560
596
580
576
580
572
568
572
572
572
572
576
524
892
892
1036
1036
768
768
1314
1314
1314
348
256
486
486
620
932
932
574
574
572
468
304
474
474
1148
408
741
741
741
741
1195
1195
1195
1195
517
517
517
890
890
961
961
961
548
500
566
566
550
550
460
1102
1102
300
422
422
200
412
556
544
949
949
949
572
572
572
556
596
576
564
588
800
800
800
800
800
572
566
566
548
574
574
568
568
568
684
684
748
748
748
748
748
624
600
700
852
852
1127
1127
1127
1127
1127
1127
1127
1127
672
608
600
600
604
600
608
612
616
628
632
636
636
644
652
672
660
628
672
652
660
652
656
660
652
644
632
636
376
252
632
628
460
792
624
628
624
624
628
628
628
632
628
640
632
632
384
264
616
632
626
626
628
616
620
612
616
396
832
616
612
612
548
676
380
856
620
628
620
624
624
1254
1254
624
618
618
322
322
624
842
842
842
388
228
644
644
632
640
632
640
220
424
642
642
648
648
652
652
644
648
640
648
648
636
644
644
632
628
648
632
632
472
496
280
656
834
834
834
617
617
617
608
608
608
616
604
596
532
700
232
376
604
592
614
614
508
926
926
388
304
602
602
244
364
908
908
608
608
604
608
616
770
770
284
584
624
604
604
604
608
608
612
616
620
628
636
636
644
644
640
636
624
632
628
624
632
628
632
632
632
636
624
628
616
628
618
618
624
624
620
1252
604
644
616
500
736
612
612
612
612
612
612
616
612
616
620
608
632
620
620
608
564
700
616
620
612
620
616
616
612
612
608
588
620
604
576
620
456
740
600
600
600
604
608
608
612
624
620
628
636
640
648
652
656
656
656
656
648
648
644
636
636
640
632
636
636
628
636
632
632
640
640
628
632
628
628
628
628
632
624
628
628
620
628
628
624
624
624
624
616
624
620
628
620
632
632
612
652
544
724
636
628
640
644
640
636
576
680
656
204
436
572
620
1078
1078
1078
220
412
1159
1159
1159
1159
1150
1150
1238
1238
1177
1177
1177
1742
1742
569
569
569
520
520
940
940
572
220
352
576
576
584
588
592
592
596
604
604
612
608
604
608
604
600
612
604
604
608
604
608
608
612
608
612
612
612
616
616
608
616
616
616
616
628
624
632
636
640
644
648
648
652
656
652
664
664
864
864
864
628
1746
1746
528
584
584
284
648
646
646
646
1282
1282
966
966
224
412
572
636
736
648
644
652
640
644
865
865
865
652
2086
2086
360
656
304
680
680
964
964
964
805
805
805
805
944
944
272
300
857
857
857
624
624
565
565
565
780
620
604
532
1282
1282
1282
1282
368
372
418
418
608
608
608
604
608
612
608
616
620
600
632
616
616
624
616
600
628
616
608
616
608
612
616
612
612
616
616
616
620
620
620
620
620
616
420
784
632
604
604
604
604
608
608
608
612
608
616
620
620
620
624
620
632
632
632
636
632
636
640
632
640
636
632
636
632
632
636
632
612
648
636
636
624
636
636
628
636
548
712
616
640
632
628
624
628
628
624
624
636
608
628
624
628
632
628
636
636
636
640
632
632
636
628
628
632
624
624
620
624
624
620
616
620
616
612
624
620
620
616
624
520
680
664
624
600
640
550
550
616
744
616
526
526
440
948
592
592
440
196
228
372
610
610
600
600
566
566
556
836
836
228
712
712
324
1194
1194
228
340
584
416
416
328
808
352
576
576
208
368
572
568
568
328
232
588
380
204
552
412
732
572
572
480
664
570
570
570
572
576
252
304
472
316
480
480
220
438
438
616
456
648
648
612
196
292
652
580
580
600
572
532
620
544
576
600
580
320
836
580
484
676
584
432
700
572
596
580
580
564
769
769
769
452
452
824
576
1266
1266
1266
1266
224
608
588
596
588
596
584
580
532
652
588
588
584
588
596
588
592
592
592
588
588
584
584
580
580
580
580
588
585
585
585
584
580
580
576
488
668
572
580
580
576
576
580
572
576
576
576
576
576
576
584
576
584
588
584
588
592
592
596
600
592
600
596
596
600
608
600
600
608
600
600
600
600
600
600
596
592
596
596
592
592
592
592
588
592
592
592
592
596
596
604
596
600
612
608
600
600
608
608
608
616
620
628
624
620
616
616
632
644
656
660
656
656
656
656
628
652
640
636
628
624
620
624
616
612
612
604
596
596
588
584
588
568
532
652
584
588
592
592
604
616
616
632
636
648
652
652
652
652
652
648
644
628
652
632
632
620
464
772
496
716
608
612
596
624
620
612
616
616
616
556
392
268
548
332
368
604
600
580
608
592
588
588
592
592
572
600
612
596
324
208
668
600
596
600
592
592
588
588
592
588
600
600
608
608
612
616
620
624
628
632
632
640
644
648
648
648
648
660
664
656
664
244
416
648
648
648
644
644
648
640
652
648
652
652
656
656
656
668
668
672
676
680
688
488
848
672
668
676
688
684
688
700
704
700
708
691
691
691
691
672
656
652
640
636
636
640
640
644
648
648
656
652
656
656
660
660
664
664
668
664
668
668
672
668
664
664
664
656
660
652
660
648
652
656
866
866
866
654
654
654
648
1292
408
714
714
714
632
628
624
328
196
716
616
616
926
926
236
376
624
616
624
624
628
636
644
648
656
668
676
684
692
696
704
716
712
728
728
732
740
740
756
764
756
776
768
760
764
772
792
764
748
756
744
724
712
712
708
700
704
696
696
704
708
704
720
720
712
724
732
716
728
724
712
720
712
704
704
696
684
680
676
676
676
680
676
680
676
676
680
676
680
676
676
676
688
684
684
692
692
704
708
716
712
724
716
720
720
716
716
720
712
716
712
708
712
700
704
708
692
688
672
352
320
692
660
664
680
668
668
664
684
684
692
692
700
704
716
704
720
720
716
720
720
720
720
724
720
728
720
448
268
712
704
708
694
694
688
680
668
664
656
1262
1262
1262
573
573
573
648
700
636
624
640
640
640
644
648
284
360
640
548
728
612
624
608
648
624
636
632
648
648
652
656
664
668
640
632
684
768
688
688
668
700
668
684
568
780
676
668
676
672
672
672
680
536
808
672
660
664
648
652
644
636
588
656
640
620
624
612
934
934
950
950
970
970
656
660
664
672
672
672
676
672
668
672
668
664
664
664
668
668
664
672
672
670
670
652
660
648
632
1026
1026
1026
604
596
600
596
596
554
554
680
596
596
1440
1440
1440
1440
1440
1440
1440
1440
686
686
256
368
624
612
612
612
748
748
536
500
500
472
660
716
636
640
644
664
664
664
676
680
524
548
284
668
656
652
950
950
340
280
620
612
616
616
616
624
624
624
628
624
636
636
584
654
654
628
624
540
692
620
616
608
260
340
620
612
612
608
616
612
620
620
616
620
616
616
616
616
616
620
624
624
636
628
636
644
648
648
556
748
656
652
648
648
640
644
640
640
640
640
636
640
640
640
644
640
620
680
648
644
672
664
584
368
384
672
572
708
708
708
672
648
496
192
668
668
668
672
244
412
688
676
676
212
472
688
696
688
696
692
700
692
700
696
700
696
696
688
692
692
696
688
696
700
684
692
680
684
676
680
668
688
680
672
680
680
676
680
676
676
676
680
672
672
672
672
664
668
664
660
660
656
656
656
660
660
656
648
648
640
640
632
632
640
636
636
644
640
644
644
616
688
644
636
640
636
640
652
664
668
676
668
680
672
680
688
684
692
688
696
692
680
676
672
664
660
656
652
640
640
636
628
632
632
624
636
628
632
640
628
644
648
644
660
666
666
668
664
660
