9804
9804
9804
9804
9804
9804
9804
1122
1122
248
2454
2454
2454
1997
1997
1997
1997
1997
1997
943
943
943
943
232
731
731
731
731
240
442
442
2197
2197
2197
2197
2197
2197
2197
2197
2197
450
450
1022
1022
788
856
856
944
880
880
232
616
852
864
564
240
316
316
200
808
280
508
638
638
638
1084
1084
1088
1056
244
652
868
236
324
324
853
853
853
1153
1153
1153
844
868
848
868
816
846
846
376
468
832
858
858
852
856
220
636
300
552
852
860
892
932
908
568
332
472
622
622
856
858
858
864
848
548
320
240
1008
1008
1008
1008
928
952
1792
1792
876
840
844
712
884
884
884
720
504
504
1142
1142
340
904
766
766
920
452
456
716
352
216
496
1270
1270
312
577
577
577
577
577
577
577
577
577
930
930
340
216
661
661
661
661
661
561
561
561
561
808
816
832
816
812
840
824
800
812
828
804
816
824
808
824
812
824
820
828
836
836
860
780
904
820
840
740
916
804
800
788
780
764
760
748
704
816
772
768
764
756
776
776
768
792
800
772
776
776
716
796
624
896
764
384
384
776
780
792
772
792
664
332
556
772
272
496
776
700
876
784
788
796
780
772
776
756
716
788
748
740
756
744
752
752
756
760
276
488
744
760
756
760
748
760
756
764
744
760
764
776
748
760
744
736
736
724
720
712
720
720
708
704
288
1052
708
700
692
700
704
712
712
720
732
732
712
712
724
720
720
720
712
724
728
724
732
740
740
740
724
740
740
736
752
776
760
776
784
764
756
760
748
724
724
720
720
716
704
712
708
716
716
696
704
708
704
708
696
696
700
692
712
712
732
724
724
708
704
712
700
700
700
712
700
708
708
720
760
744
720
732
728
728
720
724
740
720
724
744
736
728
748
752
732
728
740
760
776
776
748
760
764
760
736
744
680
828
732
432
936
736
716
716
728
720
712
712
720
736
636
840
732
752
740
732
672
848
740
756
628
900
760
748
748
284
1116
740
744
712
804
768
760
752
748
756
760
736
752
712
772
752
736
740
752
756
744
764
776
740
756
720
748
736
724
744
744
740
740
664
860
744
764
772
756
764
744
760
756
716
772
756
740
452
936
752
740
724
728
724
744
668
812
732
736
736
724
640
828
740
672
808
760
756
776
780
784
760
754
754
754
754
358
358
260
580
748
736
744
744
732
724
664
844
756
748
612
852
716
724
712
712
708
688
700
692
688
692
696
696
704
716
736
716
724
716
720
712
704
708
712
712
724
724
728
764
776
748
768
648
904
576
576
380
772
748
220
528
232
512
332
392
748
596
876
732
724
728
728
732
740
608
720
864
668
352
456
220
496
728
708
732
740
740
760
784
780
788
788
752
760
708
812
760
740
740
752
716
744
716
728
460
936
732
708
712
724
652
768
720
716
744
728
748
584
896
732
736
764
688
820
764
744
748
748
704
772
732
740
736
744
740
744
748
740
764
720
816
736
704
808
732
752
736
744
736
744
632
856
648
868
756
748
744
748
748
748
748
772
776
768
788
788
432
956
756
744
732
748
712
788
748
752
736
756
768
744
760
768
744
752
744
748
740
664
848
760
744
744
748
732
724
736
724
740
600
904
744
752
736
736
756
588
924
748
644
872
740
748
740
732
736
696
772
728
724
736
708
724
708
700
696
696
608
820
700
712
724
716
720
736
744
728
748
744
740
728
740
744
752
744
736
748
756
732
740
748
744
744
750
750
736
632
884
732
748
748
728
732
724
736
736
728
744
748
744
736
636
824
744
740
732
708
424
900
684
680
688
684
672
680
688
684
692
700
700
700
692
708
708
704
416
884
696
676
668
672
628
800
692
684
676
672
664
660
664
660
668
668
636
700
676
684
688
684
692
692
680
692
684
668
676
440
844
656
660
656
644
652
660
648
648
652
652
652
656
664
672
668
688
680
680
696
696
696
688
684
688
680
684
676
676
452
864
672
680
668
668
660
668
652
664
672
680
668
672
684
676
680
688
684
688
692
704
692
700
708
696
432
920
700
696
700
708
692
704
720
704
440
924
708
712
724
708
420
904
716
696
632
796
696
708
716
700
224
480
708
456
900
704
688
688
620
772
700
708
700
708
724
736
732
748
752
740
760
776
760
776
604
928
744
752
628
856
736
728
712
728
732
720
728
736
720
736
744
724
732
732
724
732
520
216
724
732
736
720
732
732
724
716
728
718
718
728
1088
1088
736
732
732
752
732
736
756
748
732
752
748
728
728
900
900
900
900
929
929
929
412
932
712
708
702
702
700
696
352
352
496
496
574
574
716
712
720
724
716
720
716
720
720
716
620
796
704
704
700
640
768
708
692
660
740
692
692
692
692
680
692
692
684
700
700
692
700
696
704
692
692
696
684
684
684
688
680
688
684
680
676
684
684
676
684
688
680
684
688
688
692
708
716
704
704
716
720
696
708
708
700
452
892
604
800
692
688
688
680
692
688
628
756
692
688
276
404
686
686
676
676
392
788
788
672
676
668
668
416
876
676
664
672
660
688
672
680
688
688
684
692
700
696
448
908
696
696
692
684
688
684
684
680
684
688
684
684
692
688
692
684
692
420
888
684
684
680
676
672
688
692
416
896
700
692
624
756
692
688
684
692
688
680
464
884
688
684
692
684
680
696
700
688
696
700
696
636
764
704
628
764
700
672
720
704
684
700
696
688
692
696
704
692
688
712
776
780
760
748
732
596
856
708
704
708
684
692
696
684
708
708
700
704
704
696
704
700
700
696
696
452
900
688
644
720
680
688
692
640
716
692
688
684
416
888
680
688
676
672
676
684
684
680
692
696
692
708
712
704
708
716
704
708
712
700
696
696
696
684
692
696
684
692
688
684
688
684
688
684
652
720
684
672
704
680
696
692
684
692
692
688
704
700
688
704
708
692
692
696
688
680
692
680
680
684
680
676
684
640
712
684
356
324
668
416
264
228
232
864
676
680
676
668
668
668
668
656
708
688
692
408
300
708
708
708
704
694
694
284
416
688
688
696
692
704
720
716
720
732
620
760
760
532
456
1028
684
684
680
348
328
672
548
800
688
684
684
672
680
676
672
660
672
688
696
696
272
416
696
1372
684
680
684
660
696
688
652
720
688
220
468
684
680
676
440
852
664
668
676
668
676
680
676
696
692
684
704
704
688
580
848
740
712
704
696
700
680
404
856
672
664
660
672
664
684
684
676
696
428
512
900
688
684
684
680
680
676
672
676
672
612
728
668
660
672
664
664
664
668
660
668
672
668
660
660
672
648
460
828
652
660
660
652
620
440
864
664
660
664
656
648
664
672
660
668
680
676
676
668
676
668
408
884
664
672
664
648
660
652
640
656
648
640
644
644
648
648
644
648
664
644
664
656
660
668
676
668
668
696
676
672
588
780
672
684
680
692
676
684
680
684
676
680
688
680
684
684
688
680
684
680
672
672
412
864
672
668
668
664
676
676
680
668
608
752
688
672
676
420
860
668
668
660
660
664
660
660
644
688
456
844
660
668
660
652
652
648
656
660
624
692
672
660
672
680
672
664
676
672
672
668
676
672
660
676
672
664
668
668
676
664
672
676
672
668
680
676
676
672
688
688
672
684
692
692
684
684
680
676
668
680
676
672
668
680
672
672
676
676
676
672
684
684
672
668
684
684
676
680
704
756
728
732
720
708
704
696
676
688
680
668
676
672
676
676
684
688
684
692
692
680
696
692
684
688
640
744
692
696
692
688
700
704
692
704
700
688
632
760
684
696
696
696
700
708
696
696
700
700
696
700
700
688
700
696
692
696
656
716
688
684
668
716
708
700
704
712
712
708
724
632
820
444
904
664
756
708
432
896
696
716
728
724
748
756
728
764
752
728
752
756
732
740
732
636
440
956
740
716
724
720
708
724
728
716
740
732
728
724
740
732
720
744
744
732
748
752
736
744
740
728
724
728
708
724
720
704
712
652
788
704
724
724
708
732
728
716
728
720
716
736
736
704
756
732
724
736
712
420
908
700
708
704
696
708
704
708
720
704
708
716
708
716
716
708
712
712
712
708
720
716
736
724
724
740
716
720
716
708
720
700
720
704
672
732
700
712
700
700
704
696
704
696
692
704
688
708
612
820
716
712
728
728
724
708
708
704
704
696
700
696
684
704
696
688
700
688
696
704
700
700
696
708
700
696
712
696
692
684
692
696
684
692
684
680
688
684
680
692
680
688
692
684
688
700
688
688
696
708
700
696
712
700
708
720
724
720
736
732
708
728
736
704
748
708
700
684
676
636
600
732
648
660
648
624
696
668
660
676
672
676
672
676
672
664
676
680
692
688
704
708
708
712
716
700
724
716
696
696
696
700
708
720
728
636
800
716
716
596
824
712
704
712
708
728
748
756
648
884
756
740
740
744
736
744
748
752
748
760
744
748
692
820
732
740
740
748
756
756
636
852
732
728
708
708
704
424
880
708
668
732
704
708
704
712
708
720
720
628
796
748
736
628
860
748
760
756
736
752
756
616
904
764
660
848
728
720
708
748
732
724
816
776
664
924
760
796
804
816
808
812
800
788
712
800
744
728
732
724
724
416
552
908
732
720
708
704
692
696
688
704
704
704
716
784
744
628
868
736
740
628
892
756
796
808
792
688
952
788
780
768
752
728
716
704
704
632
756
688
696
700
696
704
708
692
696
692
680
684
688
684
668
676
660
660
652
664
648
656
668
668
684
716
714
714
224
404
618
618
798
798
798
328
364
692
688
692
376
312
688
865
865
865
865
704
702
702
696
684
688
688
408
868
684
340
340
626
626
796
692
692
1038
1038
688
684
688
688
672
696
692
680
680
684
676
676
672
672
672
672
664
664
668
660
664
660
664
656
660
990
990
664
660
330
330
1117
1117
1117
644
704
676
632
428
872
684
668
672
680
688
676
676
700
692
688
704
704
416
904
704
716
724
732
720
736
732
720
732
708
744
720
724
704
440
896
700
684
688
696
700
704
716
720
720
732
724
724
728
716
720
720
712
700
712
704
716
372
332
700
700
684
672
588
720
656
644
648
644
656
656
684
696
692
716
732
728
744
740
724
736
736
724
712
732
724
636
852
732
424
940
720
728
736
720
744
744
724
728
740
724
720
724
724
716
736
724
716
716
716
648
784
712
704
688
712
720
704
716
732
724
728
740
724
716
640
832
716
732
732
672
768
724
672
736
708
700
700
708
700
708
724
712
708
716
760
752
736
732
732
736
700
752
716
712
708
708
700
716
724
680
820
736
664
796
728
696
692
696
692
620
416
884
688
688
700
712
728
704
716
704
708
716
720
724
724
732
724
620
840
724
616
824
716
636
792
724
692
400
892
716
700
704
712
620
808
700
712
720
672
808
744
740
752
692
816
744
732
732
736
744
736
748
732
732
736
732
708
708
712
700
696
708
712
724
604
852
728
712
744
728
720
724
720
720
712
708
708
708
712
676
768
736
736
736
728
732
720
712
716
712
700
696
696
700
704
712
720
628
872
732
740
752
732
740
736
732
732
740
736
756
748
756
748
736
756
620
892
736
748
672
836
744
740
724
732
720
720
724
716
708
704
716
716
668
760
724
728
712
716
716
732
764
776
792
796
784
804
632
964
760
780
788
772
752
740
740
764
764
744
764
756
760
744
764
768
760
740
756
788
768
744
732
744
720
720
704
704
716
712
712
640
800
724
724
724
724
724
684
780
712
720
724
720
732
736
732
736
724
728
720
648
784
704
708
708
696
704
712
660
752
716
676
768
736
744
732
660
832
768
756
736
744
