2844
600
680
624
628
248
400
608
632
636
636
644
344
790
790
644
668
456
804
632
264
512
512
624
640
644
628
628
628
568
684
624
634
634
628
528
686
686
624
636
640
636
640
640
636
536
748
636
636
640
644
636
644
512
768
644
636
636
636
644
636
632
640
1568
1568
1568
1568
1568
636
636
636
680
680
656
468
392
208
232
640
620
1078
1078
1078
816
816
734
734
734
632
216
520
520
460
796
224
400
488
464
288
224
392
404
788
308
224
744
620
620
632
576
392
296
640
644
652
652
652
648
652
648
648
648
652
648
652
648
656
648
652
648
636
648
640
636
632
640
636
632
628
632
632
628
636
644
636
636
632
640
632
628
628
624
624
508
566
566
566
566
316
278
278
729
729
729
324
626
626
448
800
620
592
664
288
336
628
628
584
648
664
640
634
634
640
240
416
656
660
656
664
664
668
672
672
668
676
666
666
666
666
668
668
668
672
668
668
680
272
260
788
532
808
224
444
664
672
660
664
656
520
792
644
648
652
640
640
212
428
640
632
640
544
748
640
648
644
644
648
504
772
632
544
748
632
644
640
640
640
640
656
636
640
644
656
636
668
596
596
708
544
732
618
618
618
616
616
764
764
260
732
732
732
732
732
732
732
360
1193
1193
1193
340
1022
1022
312
296
600
308
448
448
196
404
520
308
384
600
604
604
600
906
906
604
248
348
220
380
608
612
392
744
736
616
624
620
452
700
700
612
200
550
550
550
524
576
608
528
712
668
652
612
248
360
540
540
740
588
620
608
588
620
572
640
600
604
484
720
592
600
416
424
968
968
968
968
568
556
556
556
504
644
644
348
952
952
248
963
963
963
963
963
963
963
584
488
316
764
764
448
352
388
320
212
566
566
566
816
816
816
448
588
668
668
544
624
588
588
584
584
588
580
588
524
640
580
576
580
576
576
580
572
588
196
384
528
632
582
582
456
700
584
584
584
588
584
588
568
536
656
544
636
580
604
584
556
256
364
208
388
340
796
284
344
212
236
716
588
548
484
484
220
504
652
580
356
796
576
468
684
580
400
756
580
324
252
580
582
582
576
348
244
336
232
580
580
508
620
620
584
584
588
264
320
512
648
616
608
614
614
500
724
612
612
584
632
608
608
596
636
624
628
628
624
624
616
624
624
616
624
624
624
620
624
632
624
624
628
624
620
616
620
620
616
616
508
710
710
710
710
998
998
300
1056
1056
1056
1056
1056
348
228
328
1145
1145
1145
560
416
256
618
618
380
1002
1002
570
570
570
376
364
260
276
612
688
612
612
620
520
716
620
592
648
620
624
536
716
616
620
620
624
572
660
600
540
700
612
572
636
608
600
436
760
612
600
596
592
592
228
364
584
464
712
580
588
750
750
1062
1062
1062
604
604
604
604
552
762
762
762
778
778
778
240
320
200
592
592
592
606
606
220
376
424
348
288
460
960
960
594
594
582
582
532
572
604
604
604
452
348
476
476
412
674
674
515
515
515
515
515
308
572
572
236
220
540
540
736
546
546
596
514
514
620
792
364
560
560
224
446
446
560
464
664
560
560
436
692
568
572
596
592
596
592
596
596
596
592
592
492
1288
1288
1288
308
344
232
494
494
692
796
796
796
796
796
572
564
392
440
308
572
512
512
524
652
652
572
572
572
524
524
758
758
758
758
758
758
758
584
584
600
604
604
596
596
540
644
584
584
580
576
576
572
568
570
570
568
564
560
568
568
856
856
568
560
566
566
560
544
580
564
526
526
624
556
556
556
556
548
200
352
552
548
552
548
548
544
552
548
552
548
556
564
564
572
572
576
568
572
578
578
576
576
436
724
568
576
444
692
564
560
564
568
564
568
568
576
576
580
576
572
580
580
580
580
572
568
284
316
604
592
484
704
588
588
580
576
576
572
568
568
564
564
560
560
568
568
568
568
460
680
568
572
576
572
568
580
584
576
580
580
584
576
584
584
584
588
584
584
768
768
768
757
757
757
500
272
364
564
564
564
196
368
376
744
560
560
556
556
484
632
244
328
536
560
556
208
348
408
700
564
564
372
756
568
568
568
572
572
572
532
608
564
564
568
564
564
564
564
564
560
560
416
900
900
572
556
552
552
396
704
204
344
548
532
560
544
540
544
544
540
540
544
544
540
540
544
480
604
540
540
540
540
360
716
544
536
540
544
548
544
548
548
556
552
560
560
556
560
576
544
560
556
556
560
556
560
552
560
564
556
556
564
564
556
564
564
572
564
568
572
576
580
596
588
584
592
600
596
596
364
716
684
588
592
580
580
584
580
576
316
260
572
572
572
568
572
572
570
570
568
572
572
572
572
564
566
566
568
564
564
560
564
564
564
568
568
564
572
568
572
572
280
292
572
564
568
564
572
504
632
564
564
564
564
560
556
556
560
556
552
560
552
552
552
552
544
548
548
548
548
544
544
548
552
548
552
560
344
208
560
552
560
556
608
576
576
572
568
568
576
568
572
308
268
580
576
228
348
580
584
588
580
584
588
584
584
580
584
588
596
584
588
588
596
596
584
600
600
596
596
592
592
596
596
596
608
600
608
596
608
604
600
596
604
600
600
600
604
604
600
596
612
600
608
604
644
608
616
616
648
612
620
616
620
620
616
612
640
608
624
620
648
620
632
632
672
656
632
664
660
628
636
636
632
640
628
660
628
640
640
668
632
648
636
664
628
644
636
668
656
636
632
668
652
628
624
632
616
624
612
616
624
628
608
620
616
608
608
608
616
608
600
612
608
608
612
616
624
624
620
628
636
624
664
636
652
632
640
624
220
404
616
620
624
612
612
616
612
608
612
608
604
608
608
616
612
612
616
612
616
624
628
620
624
628
632
628
620
632
620
612
608
612
616
608
604
616
608
616
612
620
624
616
608
620
616
652
616
628
624
620
620
620
620
620
624
244
372
612
616
616
616
620
624
632
620
624
644
612
628
624
620
616
620
620
616
616
624
620
620
620
616
620
612
616
612
612
616
608
604
608
604
604
600
600
596
596
592
592
592
596
588
592
592
588
592
592
588
604
608
600
604
604
604
600
600
600
596
596
596
592
600
596
592
592
592
584
596
596
592
600
596
600
600
600
592
592
588
588
588
592
592
592
596
604
604
608
604
608
612
600
604
608
608
596
608
608
608
604
604
608
608
604
608
612
612
608
612
620
616
612
616
620
612
608
616
608
608
604
616
612
616
620
632
632
628
636
628
628
620
624
632
616
612
616
612
612
612
608
612
612
616
612
612
616
612
616
620
620
616
620
624
620
616
624
632
628
628
628
632
632
628
636
636
640
628
628
624
616
628
636
636
636
632
640
640
628
628
620
620
608
608
596
604
568
616
588
584
584
584
588
600
600
604
604
608
608
612
616
624
632
624
616
616
612
616
620
620
616
612
612
612
608
608
600
608
608
612
612
612
616
624
624
632
636
624
620
624
624
620
624
624
616
620
620
616
616
612
624
620
624
624
620
620
616
616
616
608
608
612
616
608
612
608
604
608
604
604
596
600
600
604
596
596
600
596
596
596
592
592
592
596
596
592
588
584
592
660
632
644
632
640
632
628
620
616
612
612
604
600
600
596
600
596
596
596
596
592
592
588
584
584
588
584
588
596
600
604
592
612
600
600
596
568
624
588
480
712
596
472
712
600
588
592
596
592
592
596
600
592
596
596
600
596
592
596
600
592
600
600
608
608
612
392
816
592
256
340
584
476
692
584
576
572
580
572
572
572
260
312
496
288
360
570
570
572
572
572
576
580
580
580
508
664
578
578
580
580
380
224
544
572
572
572
568
572
308
264
560
568
566
566
236
336
356
208
564
572
568
568
568
576
568
500
652
576
580
576
580
572
576
572
572
576
572
572
580
596
556
576
580
580
576
580
580
580
584
580
584
584
464
704
580
580
588
584
588
584
596
232
380
564
592
588
596
588
588
596
596
588
592
596
596
596
592
596
600
592
596
592
592
588
580
580
576
572
568
568
568
564
564
564
560
556
560
556
552
556
556
556
556
556
556
560
556
564
560
556
560
560
560
564
564
564
568
224
364
502
502
308
376
444
688
564
604
576
576
576
909
909
909
909
909
252
312
444
668
556
556
548
232
332
546
546
216
296
588
822
822
544
1374
1374
1374
1374
1374
308
204
348
553
553
553
741
741
741
556
562
562
560
2073
2073
2073
568
580
584
876
876
464
696
1162
1162
1162
1162
1162
1162
336
466
466
466
2709
2709
2709
580
576
774
774
774
576
584
584
584
580
572
584
640
616
624
612
616
612
608
600
592
592
592
588
584
580
580
580
580
580
576
576
572
580
584
576
580
576
580
576
584
580
580
580
584
588
580
580
580
584
580
576
580
584
580
580
580
580
584
588
592
592
588
584
580
580
973
973
973
848
848
640
588
588
588
588
592
596
500
692
592
596
476
1534
1534
584
588
580
584
580
584
887
887
887
887
592
592
976
976
976
586
586
580
870
870
584
862
862
576
1695
1695
1695
1695
328
292
632
572
1150
1150
580
5856
5856
588
524
636
580
572
568
568
568
568
564
564
572
1994
1994
564
564
564
564
560
556
560
560
556
556
556
560
556
552
556
556
556
548
548
6174
6174
2073
2073
2073
564
564
560
560
560
556
564
560
556
560
560
556
564
568
560
564
560
564
562
562
560
544
572
208
348
212
244
312
336
1314
1314
616
640
640
640
640
640
544
532
532
528
208
236
560
560
560
200
698
698
524
204
332
532
528
528
540
528
528
532
536
532
540
532
536
472
608
544
540
548
548
540
548
552
536
556
552
552
216
336
548
556
556
556
556
556
552
564
560
560
564
568
564
564
576
572
576
572
576
568
568
572
572
568
576
576
568
576
576
572
580
572
572
580
568
572
576
572
584
580
584
580
580
576
200
380
580
592
544
620
576
580
568
580
576
576
580
564
572
596
556
576
572
572
580
576
576
576
572
580
580
576
576
576
584
580
584
584
576
580
576
492
656
220
372
584
488
680
592
584
584
588
592
592
600
608
608
608
624
616
616
608
612
620
616
608
604
616
612
612
608
616
612
620
612
620
624
636
612
632
628
616
604
616
616
612
612
620
628
616
616
620
624
620
612
616
616
608
604
596
592
656
612
620
616
604
608
608
604
604
612
616
616
612
616
612
616
472
784
624
624
628
636
632
620
608
604
596
600
600
608
608
612
620
620
608
612
612
608
600
604
604
596
588
592
588
592
588
596
600
600
600
612
604
604
608
608
608
608
604
604
600
600
596
600
596
600
592
596
600
596
596
596
600
608
612
604
600
600
592
584
584
580
576
580
576
576
572
572
572
564
572
568
572
568
568
568
572
584
588
596
596
596
586
586
584
588
294
294
584
584
592
592
596
592
588
592
588
584
592
592
600
596
600
596
596
596
592
588
592
592
600
600
604
616
616
616
620
624
624
628
620
616
612
608
604
604
600
596
588
592
592
588
592
584
584
588
588
580
580
580
580
580
580
580
576
584
584
576
584
588
588
584
588
588
584
584
588
584
592
596
604
612
604
608
3098
3098
612
616
620
604
604
612
612
608
604
612
616
612
612
3220
3220
3220
3220
3220
580
937
937
937
732
15357
15357
15357
15357
15357
15357
15357
15357
15357
616
616
604
604
608
608
632
636
648
652
648
640
644
644
1890
1890
610
610
596
604
596
592
588
272
316
584
2386
2386
2386
2386
2386
2386
2386
612
612
608
2838
2838
2838
660
636
640
648
636
628
628
628
628
624
628
624
620
624
624
616
608
604
600
592
592
596
604
600
604
608
2425
2425
2425
3308
3308
3308
3308
3308
3308
3308
612
620
616
617
617
617
628
620
632
632
636
632
640
636
632
632
628
628
624
628
624
620
620
620
612
616
604
608
604
596
600
592
596
592
588
588
588
580
580
580
580
1746
1746
1746
580
576
576
576
576
580
576
580
576
576
576
580
576
572
576
576
572
572
572
576
572
572
576
572
572
572
572
568
568
568
564
568
572
568
568
568
572
568
568
572
576
576
580
576
580
584
580
588
588
592
600
592
596
600
600
596
600
596
596
596
592
592
596
596
600
604
620
628
648
636
624
632
624
620
620
624
612
612
612
612
616
616
616
612
600
604
608
604
604
624
620
628
636
628
632
620
616
612
608
600
596
592
600
608
612
612
620
930
930
616
612
608
608
612
604
600
604
608
616
624
628
648
640
648
636
628
632
616
616
616
604
600
596
588
592
596
600
612
624
632
628
644
648
640
656
648
648
660
656
660
664
656
664
660
656
652
664
664
660
664
668
700
664
664
652
660
652
656
644
644
640
636
632
628
624
620
624
620
620
620
624
612
620
616
612
628
624
624
628
632
616
624
624
636
640
640
648
664
668
656
656
656
656
652
652
560
716
640
632
632
636
620
628
624
620
616
616
616
612
612
608
608
604
604
600
612
612
608
620
620
632
632
632
648
652
660
640
640
644
640
640
640
632
624
612
624
608
612
604
612
624
624
616
616
616
612
604
600
596
588
588
580
592
592
604
608
624
628
628
628
620
624
616
608
604
600
604
592
600
596
600
612
632
632
636
636
632
632
620
624
616
612
608
608
596
600
608
620
612
620
628
632
628
632
628
632
632
628
628
620
612
616
216
400
604
604
612
608
616
528
696
616
612
616
612
620
616
624
632
628
624
624
640
628
640
632
636
632
624
624
632
636
624
632
628
628
628
628
632
632
628
624
308
304
632
620
612
616
608
608
600
604
600
604
604
612
616
624
624
632
640
640
660
644
656
640
644
652
656
652
652
644
890
890
728
608
598
598
592
592
592
588
592
596
592
604
616
420
768
612
568
344
304
612
616
616
624
624
636
624
632
272
352
632
624
640
632
620
620
620
612
612
608
604
600
596
988
988
988
606
606
600
604
600
616
620
612
620
620
620
614
614
616
608
612
608
604
608
616
620
628
628
632
636
632
636
636
636
628
628
624
624
616
620
620
612
612
612
604
604
452
666
666
584
536
624
580
584
584
584
500
604
656
588
588
592
644
632
628
624
616
620
632
636
632
636
636
648
640
620
668
612
668
644
632
632
632
624
624
624
620
624
616
620
616
616
612
612
620
616
628
624
640
636
632
628
628
624
624
612
612
604
604
600
592
600
592
580
588
580
584
584
588
588
596
592
604
612
612
616
620
624
628
636
636
636
636
644
652
644
652
548
744
652
652
648
640
648
640
640
640
636
644
636
640
628
624
632
632
632
640
640
648
640
632
636
632
628
628
628
628
636
636
636
636
636
632
624
624
628
616
616
612
616
608
604
608
608
604
596
608
604
600
596
600
596
596
592
588
592
588
584
592
580
584
584
588
584
580
576
592
576
584
580
576
580
576
576
576
564
564
560
560
560
556
556
548
552
556
548
552
548
544
548
548
544
544
540
544
544
540
540
544
548
544
540
548
544
540
544
544
548
548
544
544
544
544
548
540
544
540
544
540
544
548
548
544
544
548
544
544
548
544
548
544
544
544
544
540
544
544
540
544
540
540
540
540
536
540
532
536
536
532
536
536
532
532
532
532
528
532
532
528
528
528
532
528
528
532
528
528
528
524
532
532
524
532
532
532
532
532
536
536
540
532
540
540
532
536
536
536
532
532
540
532
212
320
528
532
524
788
788
520
524
524
524
524
520
520
524
520
524
520
520
520
524
520
520
524
520
524
524
524
520
524
524
524
520
520
520
516
524
524
520
524
528
524
532
524
532
532
460
604
532
536
436
632
536
536
536
536
536
476
604
536
540
540
544
540
532
540
204
328
536
536
540
532
536
536
540
540
536
536
536
540
532
536
536
536
536
536
536
536
536
536
532
536
536
536
536
540
536
540
536
540
540
532
536
532
536
536
532
536
536
532
528
536
532
420
640
532
540
532
536
536
540
536
540
536
544
544
540
544
548
544
540
544
544
544
544
544
544
204
336
544
540
212
332
536
540
544
536
544
536
548
540
540
540
552
544
544
488
604
540
544
464
400
752
500
572
404
596
268
328
480
596
248
272
532
200
280
584
368
596
632
336
736
540
536
460
624
532
476
608
512
572
546
546
380
626
626
544
544
556
528
408
672
532
544
536
532
536
416
648
532
536
532
532
532
528
532
528
532
528
532
532
532
528
536
532
528
532
532
532
532
528
532
532
532
548
548
548
544
544
540
536
536
532
528
532
528
532
460
592
524
532
528
532
528
528
528
528
532
528
532
536
532
528
536
532
532
536
540
536
536
540
536
536
532
536
528
532
528
536
532
532
532
536
532
536
532
540
536
540
536
536
532
532
304
236
802
802
536
536
536
540
804
804
536
532
536
436
640
536
412
614
614
556
1204
1204
1204
1204
1204
256
1808
1808
1808
1808
1808
