372
372
894
894
894
548
728
728
704
672
996
996
652
332
392
256
608
608
728
708
698
698
994
994
424
320
684
668
468
868
672
672
680
696
696
688
688
684
680
688
700
700
704
644
764
708
708
692
692
692
692
680
672
320
352
504
1748
1748
668
664
664
804
804
804
804
612
344
344
248
432
664
664
680
688
688
700
696
684
692
336
348
256
424
240
440
680
688
696
704
700
700
700
704
440
244
196
500
696
680
680
680
680
668
660
656
672
660
660
660
654
654
532
776
676
684
696
696
696
692
696
688
700
652
676
676
668
664
672
668
676
672
676
660
668
668
552
780
664
668
668
660
668
652
668
668
664
668
676
668
668
676
680
676
684
684
692
692
688
700
688
696
696
688
692
696
700
692
704
700
700
692
680
668
656
648
644
648
644
656
664
660
660
664
672
668
660
668
672
680
672
664
668
664
664
664
660
672
672
668
664
676
692
684
676
692
696
692
668
684
688
672
660
660
650
650
814
814
814
814
644
1057
1057
1057
640
640
356
1178
1178
1178
1178
1178
1178
1178
700
1012
1012
1012
1012
1012
1012
1012
1012
312
358
358
518
518
518
372
336
368
623
623
623
623
623
396
652
652
668
652
652
668
664
660
676
676
680
528
808
668
664
672
664
556
752
664
672
680
664
676
684
688
696
704
708
708
720
732
732
716
728
724
716
712
704
708
712
716
716
732
724
712
728
720
732
720
728
736
736
712
716
728
736
736
720
716
728
708
708
696
716
716
708
696
704
700
692
680
688
692
688
700
684
704
708
700
700
700
700
692
700
708
700
700
700
696
708
704
696
704
724
712
700
700
700
692
688
688
696
692
680
672
680
676
676
676
668
688
700
704
696
700
688
680
672
664
664
660
668
672
672
676
676
676
680
688
684
688
708
708
704
696
700
692
700
700
692
680
680
676
672
668
664
672
672
668
672
668
668
668
664
664
664
664
660
652
656
652
656
648
644
652
644
640
640
644
636
636
636
640
632
636
632
628
628
628
624
624
620
624
620
626
626
620
624
636
640
644
640
648
644
648
644
644
644
632
656
636
640
636
636
636
644
636
640
640
640
644
638
638
648
644
644
644
644
372
272
644
636
636
636
648
644
648
652
656
656
656
660
656
652
648
644
644
644
636
636
640
640
632
632
624
648
672
660
664
284
380
660
656
644
652
636
640
636
636
632
648
668
660
676
676
676
672
680
676
672
680
680
672
664
672
660
652
368
200
744
652
652
620
680
640
660
476
468
324
652
632
644
636
632
632
632
636
632
642
642
636
644
640
964
964
648
648
640
644
636
636
636
644
636
636
640
634
634
628
636
632
632
628
632
632
628
632
524
506
506
368
980
980
656
656
642
642
644
644
652
660
652
652
656
652
656
650
650
640
640
640
280
364
640
636
640
636
640
640
636
632
636
841
841
841
636
636
632
628
628
596
596
596
752
632
628
292
332
628
620
260
490
490
620
612
612
612
548
648
648
616
616
624
628
624
632
636
636
968
968
636
636
640
648
644
652
648
652
548
748
737
737
737
737
748
748
624
616
908
908
908
348
612
612
612
612
916
916
588
636
588
632
608
620
612
620
484
740
620
492
748
628
624
632
632
308
316
632
628
636
632
632
316
324
644
236
404
640
296
352
652
644
644
648
648
636
652
640
636
640
628
632
628
640
636
636
636
636
640
636
640
652
656
668
672
664
672
668
660
652
648
648
652
640
640
648
648
636
524
684
652
320
392
636
632
640
644
640
636
652
652
656
652
652
632
640
640
640
648
652
656
652
668
664
664
664
664
672
664
668
674
674
840
840
840
544
544
372
673
673
673
673
338
338
696
696
684
688
680
676
660
660
660
652
552
628
760
240
404
640
640
644
644
640
636
204
436
636
536
484
248
356
800
440
292
512
640
644
628
640
952
952
952
952
260
552
552
552
596
662
662
364
280
268
518
518
664
364
364
360
228
1068
288
668
662
662
652
660
660
652
656
668
444
224
312
356
664
668
664
881
881
881
628
656
656
420
224
637
637
637
576
684
628
308
324
632
392
240
236
248
546
546
312
212
408
444
444
372
540
668
668
454
454
348
626
626
632
464
704
704
785
785
785
785
802
802
518
518
518
300
332
436
396
436
616
312
332
628
528
400
422
422
508
740
740
318
318
624
368
940
940
244
616
528
654
654
616
452
768
612
614
614
612
612
616
612
620
612
604
616
608
604
500
500
804
600
608
472
740
612
544
680
612
608
908
908
568
612
612
592
592
592
320
718
718
240
344
220
448
448
884
884
540
878
878
572
576
572
576
580
460
614
614
636
596
586
586
432
412
328
588
588
588
592
320
276
192
392
592
588
592
596
592
590
590
506
506
592
756
590
590
588
464
704
300
288
584
576
480
680
284
296
576
576
440
716
260
320
580
580
584
584
588
296
296
572
608
590
590
596
592
596
592
592
580
588
580
572
854
854
336
354
354
706
706
706
706
688
688
692
692
516
580
316
780
822
822
1104
1104
1104
564
568
568
212
352
308
272
328
244
244
332
580
580
846
846
888
888
1138
1138
605
605
605
582
582
582
772
772
772
200
510
510
510
862
862
472
472
432
216
248
428
553
553
553
553
553
553
957
957
957
957
572
600
304
244
753
753
753
584
596
592
596
596
592
368
224
588
588
596
588
592
564
620
300
296
600
600
472
716
592
592
592
192
470
470
636
588
538
538
755
755
755
755
556
384
812
244
340
576
585
585
585
540
224
492
492
564
596
584
388
192
228
340
604
528
640
584
312
276
404
380
392
550
550
609
609
609
520
648
584
580
560
380
228
588
580
592
372
216
340
252
592
588
212
384
596
464
732
512
688
604
600
240
356
596
294
294
400
784
584
588
588
588
584
592
584
450
450
268
356
576
576
576
272
592
536
444
444
476
476
484
650
650
498
498
692
692
596
588
588
588
584
552
428
192
584
584
436
732
584
584
588
196
388
584
324
256
584
584
584
440
728
212
372
572
516
324
328
596
584
356
228
588
492
642
642
600
424
772
596
600
604
380
220
500
500
204
596
600
446
446
264
616
584
464
464
248
324
264
332
418
418
744
744
276
516
648
580
584
580
576
584
580
440
716
576
584
580
588
524
524
708
576
580
508
910
910
580
584
584
592
584
580
580
584
576
576
584
588
576
584
584
588
584
584
588
588
584
592
588
588
592
592
588
588
584
196
388
284
304
532
632
580
584
580
368
216
576
588
580
580
584
580
580
500
656
584
580
550
550
604
537
537
537
360
454
454
512
336
336
568
568
216
316
232
748
748
561
561
561
548
548
588
564
508
284
398
398
672
352
220
864
864
576
870
870
372
208
268
308
572
580
574
574
572
208
364
380
192
516
516
668
560
524
524
292
348
536
352
232
738
738
738
448
412
446
446
446
552
548
548
224
328
540
540
424
676
548
328
216
546
546
440
708
276
300
580
580
464
704
216
324
628
576
572
472
676
568
568
572
572
572
568
572
568
572
572
580
580
580
592
584
416
752
580
580
576
576
576
572
568
448
692
564
560
560
560
568
532
528
632
568
568
564
568
564
228
336
560
568
564
568
564
568
564
568
568
564
564
572
572
570
570
572
560
568
556
566
566
560
560
564
560
426
426
268
373
373
373
560
560
741
741
741
556
556
556
556
556
568
560
564
572
572
292
276
572
572
572
576
576
580
576
580
576
580
580
580
580
576
580
580
576
584
584
584
588
580
576
584
576
584
576
580
572
580
576
576
572
580
572
572
576
568
572
568
568
572
568
564
568
568
564
564
564
572
568
576
572
576
584
580
584
588
588
584
584
592
588
592
588
592
592
588
588
588
584
584
576
584
584
580
580
588
580
572
580
576
584
588
584
596
592
584
588
580
576
576
572
580
564
568
564
564
568
564
560
564
560
556
560
556
560
556
560
568
564
564
568
572
576
572
572
584
584
584
584
584
588
592
584
592
596
604
592
600
596
596
596
600
600
596
596
592
596
596
596
596
600
592
600
596
592
588
592
592
592
592
592
600
596
592
592
592
588
592
584
588
588
588
580
584
580
580
576
576
296
276
576
572
572
572
572
576
580
576
576
584
584
584
580
584
588
584
584
584
584
584
588
580
584
584
588
584
580
588
584
584
588
588
588
588
580
588
584
588
588
588
584
588
576
580
584
584
580
576
584
580
488
488
752
580
644
614
614
604
608
604
608
600
592
592
232
376
570
570
671
671
671
671
671
504
504
558
558
486
486
320
430
430
252
284
276
550
550
544
544
548
552
548
544
544
544
548
548
544
552
552
556
556
564
564
568
568
568
568
572
568
568
576
572
572
572
576
572
572
572
580
576
572
576
500
648
572
572
572
576
858
858
572
564
560
564
564
556
560
560
560
292
264
552
564
556
700
700
700
700
560
288
272
560
560
556
564
560
556
560
564
564
556
532
600
564
200
372
572
572
576
580
572
584
580
576
580
580
584
580
580
584
576
580
576
576
576
580
584
580
584
584
584
588
592
588
584
588
588
584
588
584
584
576
576
572
572
568
572
564
572
564
572
568
564
568
564
564
564
560
564
564
560
564
564
564
564
568
568
572
568
568
572
572
568
576
568
568
568
572
576
572
576
576
580
572
576
576
580
576
576
576
572
580
572
576
572
576
572
564
572
572
572
568
564
572
564
568
568
564
568
568
568
568
572
564
568
588
588
584
580
588
592
592
588
584
592
588
584
592
588
588
592
592
608
592
600
604
616
600
624
596
624
628
620
608
604
624
600
600
596
592
588
592
580
576
584
580
576
572
576
576
568
580
568
572
564
572
568
568
568
568
572
568
568
572
568
572
564
568
564
568
560
564
564
560
560
564
560
560
560
564
568
564
572
576
576
572
580
576
580
572
580
580
572
584
580
576
580
588
588
604
584
592
592
592
588
588
588
588
580
580
588
588
600
584
592
604
596
600
592
612
600
612
600
620
608
604
600
604
596
600
596
592
596
592
592
588
600
588
596
588
592
604
592
592
592
596
592
592
592
584
596
588
588
588
588
584
588
584
584
584
584
584
588
584
592
600
588
592
584
588
580
584
584
588
580
588
584
580
584
584
584
580
580
584
584
576
588
580
596
584
588
588
592
584
596
592
604
592
588
592
588
592
580
580
572
576
576
468
676
568
572
572
248
316
564
568
556
560
556
560
552
552
508
544
588
588
564
564
564
564
328
232
564
204
352
560
548
552
556
552
552
548
556
548
556
548
548
544
548
548
548
352
196
548
552
556
440
352
312
556
556
552
544
552
552
548
544
548
552
552
548
552
552
552
548
552
552
552
556
556
556
556
560
552
560
552
556
552
552
552
552
548
556
552
552
552
556
552
552
556
548
552
556
548
556
556
556
556
560
560
560
560
564
564
572
572
568
572
580
572
576
576
584
580
580
584
584
584
596
580
600
592
592
580
580
576
576
572
576
572
568
568
568
568
576
568
572
580
576
572
568
580
572
572
572
576
576
576
576
580
576
580
576
584
580
584
540
452
740
600
604
592
600
596
604
600
596
596
596
596
600
600
600
608
608
600
596
600
624
620
608
608
600
600
612
608
616
600
620
612
608
608
596
612
404
780
582
582
596
592
592
596
588
588
580
576
572
568
564
560
564
316
244
564
448
672
556
572
568
568
576
580
580
584
584
592
588
580
584
584
580
576
572
572
576
576
580
572
576
572
572
572
572
568
568
572
568
564
564
560
572
564
568
568
564
564
572
568
572
576
580
576
576
580
576
584
576
580
576
580
580
572
572
584
580
580
572
584
592
584
576
580
592
576
584
576
584
580
596
580
592
584
584
584
592
592
580
576
584
588
608
584
584
584
584
596
600
580
580
584
568
576
584
568
568
568
576
584
588
576
576
576
580
592
576
580
576
576
572
572
576
576
580
576
576
580
576
580
580
584
584
584
580
576
588
576
584
576
580
572
572
572
564
568
564
564
556
560
560
560
556
556
560
560
552
560
564
564
560
560
568
564
568
564
568
568
568
572
568
568
568
472
696
588
596
584
600
592
592
592
596
592
592
592
584
620
612
620
600
604
604
632
592
600
592
592
600
580
596
596
596
584
596
584
588
600
600
592
588
604
288
300
592
580
584
584
588
580
576
592
568
576
572
572
568
568
572
568
568
208
360
560
568
568
564
568
564
568
564
568
560
564
564
528
588
556
400
652
620
556
556
556
556
556
552
556
552
552
556
556
560
560
572
584
576
580
580
584
584
576
528
628
580
576
576
572
580
576
584
576
576
580
580
576
576
586
586
556
568
576
572
576
564
572
572
568
564
568
564
564
560
556
552
572
252
344
576
572
572
576
568
564
568
564
564
564
564
472
652
556
556
556
560
552
556
556
552
556
552
552
556
556
552
548
552
552
552
548
548
552
548
544
552
548
544
544
548
552
544
544
548
552
556
552
556
560
556
568
564
568
564
564
564
568
564
572
564
584
568
564
568
572
592
532
532
532
760
420
736
572
576
576
580
894
894
404
784
248
236
684
448
700
568
564
560
572
560
560
560
568
564
560
564
568
560
564
564
564
564
564
572
572
766
766
766
308
272
576
576
580
576
580
580
580
580
580
584
576
576
576
576
324
260
572
580
580
518
518
676
568
588
580
484
684
576
580
584
584
592
576
584
584
588
584
584
580
584
580
592
580
580
580
580
468
684
564
580
560
560
568
568
560
560
560
564
572
560
564
568
576
568
568
572
572
572
568
224
340
564
564
560
560
564
564
564
564
564
568
572
588
586
586
584
588
584
580
580
584
576
580
580
584
584
580
584
584
580
576
584
580
580
580
584
584
588
580
584
588
592
584
600
584
588
588
588
276
312
584
580
576
580
572
568
572
572
576
568
568
572
576
576
576
564
568
576
568
496
652
580
580
584
576
580
592
600
596
604
608
616
612
600
600
600
596
596
588
280
308
604
588
592
582
582
596
588
1456
1456
272
340
420
1544
1544
408
380
748
748
568
560
568
568
564
512
620
312
256
708
708
264
564
560
560
564
220
348
560
560
572
564
204
364
568
568
724
724
252
588
288
252
600
600
524
388
244
580
584
296
284
584
588
588
588
588
588
588
584
586
586
592
588
588
584
592
592
352
228
264
308
768
768
768
568
568
560
268
296
564
568
564
564
568
568
568
568
568
568
572
572
576
580
584
880
880
596
592
596
600
612
604
600
604
612
612
616
616
624
624
620
616
616
616
620
612
612
608
600
596
592
592
584
584
588
584
584
580
588
596
592
584
592
596
596
596
592
596
896
896
588
797
797
797
588
436
748
596
592
528
616
292
336
588
584
372
208
580
580
580
588
596
604
612
612
616
624
628
628
632
628
628
632
632
624
628
620
504
728
610
610
908
908
908
908
596
590
590
596
600
596
592
592
608
600
808
808
808
604
612
620
612
464
760
616
878
878
684
468
932
932
712
616
1094
1094
1094
1094
1094
624
620
628
624
616
620
604
628
616
620
604
616
608
612
608
608
604
760
760
276
550
550
448
236
592
592
592
580
576
576
584
580
576
580
584
588
584
588
588
600
600
592
592
590
590
525
525
525
744
578
578
584
584
444
724
592
584
600
600
600
600
604
612
612
612
624
620
620
620
336
232
304
494
494
604
608
604
608
596
600
604
604
600
604
616
616
620
612
624
628
628
620
620
632
616
628
616
632
624
616
616
620
620
564
636
348
316
624
624
420
828
636
632
644
648
644
652
660
652
660
664
676
672
672
556
676
676
624
616
344
515
515
515
515
515
672
600
596
600
608
620
604
604
600
596
548
612
616
608
624
632
632
612
636
476
694
694
452
396
364
408
700
700
612
608
628
628
628
640
624
624
1375
1375
1375
1375
264
328
829
829
829
926
926
1029
1029
1029
200
420
612
612
604
632
628
560
316
524
524
1290
1290
644
648
656
324
324
964
964
664
636
660
656
1046
1046
1046
400
260
632
632
632
620
200
424
1992
1992
1992
1112
1112
1112
1112
1112
1112
674
674
674
1188
