1224
1220
1216
1132
1172
1080
1112
1080
1088
1092
1008
960
1000
928
968
988
984
992
1024
1064
1056
1072
1060
1068
1080
1068
1092
1084
1088
1048
1084
1064
1064
1116
1092
1068
1024
1036
1044
1032
1040
1064
996
1068
1072
1052
1032
1032
956
968
964
936
984
1000
972
1000
1032
988
984
992
988
1008
1012
984
992
1024
1072
1012
1060
1052
1060
1056
1116
1132
1140
1136
1168
1164
1164
1180
1116
1144
1168
1072
1148
1096
1112
1156
1084
1160
1220
1204
1160
1160
1192
1180
1180
1132
1172
1184
1188
1176
1172
1152
1196
1184
1192
1216
1216
1192
1232
1220
1204
1220
1228
1200
1228
1236
1196
1236
1252
1232
1236
1220
1224
1224
1180
1200
1188
1176
1212
1212
1212
1224
1176
1232
1208
1176
1200
1196
1108
1160
1140
1120
1164
1132
1172
1216
1176
1232
1244
1232
1244
1264
1244
1264
1264
1232
1256
1240
1244
1264
1220
1228
1216
1180
1168
1128
1156
1188
1148
1204
1152
1152
1160
1084
1136
1088
1164
1168
1108
1012
988
1012
1048
1104
1136
1132
1192
1204
1168
1208
1220
1184
1204
1196
1168
1196
1172
1184
1196
1188
1160
1180
1168
1164
1168
1176
1104
1088
1148
1120
472
980
840
984
1064
1064
1008
992
980
988
972
980
1056
1040
1132
1156
822
822
1541
1541
1541
1932
1932
368
312
410
410
392
358
358
358
812
412
212
376
448
652
652
672
320
332
436
232
340
456
456
680
680
680
500
498
498
964
932
244
740
652
564
564
1104
988
1008
1032
1036
1068
1056
1040
1052
1040
1032
1052
1064
1056
1084
1064
1068
1076
1072
1068
1080
1068
1048
1044
3000
3000
1010
1010
998
998
1044
1004
1317
1317
1317
808
808
808
536
536
876
1212
1084
1052
1072
1060
1032
1056
968
984
1020
984
988
996
944
984
992
968
984
976
976
980
1012
1044
1064
1068
1064
1072
1068
1052
1028
1008
952
916
972
1000
1004
1068
1000
1052
1000
1088
1052
1044
984
1020
1044
992
1012
1056
1004
1028
1020
984
1016
972
976
996
952
964
972
960
940
988
1028
996
1008
1052
1060
1040
1084
1004
1016
1008
1000
996
992
1016
1020
1016
1032
1024
1000
1020
1032
1048
1052
1060
1056
1088
1076
1096
1092
1040
1076
1072
1068
1052
1032
1080
1044
1044
1028
1024
968
980
1016
992
960
992
1004
996
968
1000
992
984
1024
980
1036
1016
964
1020
968
408
560
1036
1016
1048
948
1096
612
444
1036
1016
1048
1064
996
996
1032
952
612
380
996
992
980
976
948
960
920
940
964
936
968
972
960
1016
964
1000
976
980
1004
984
992
980
892
932
960
924
888
896
920
928
904
936
964
924
932
876
876
904
900
880
980
1000
956
976
936
916
920
876
884
868
884
848
856
856
824
876
868
848
892
892
788
948
876
848
880
868
832
864
868
840
876
848
828
844
856
812
792
888
900
888
840
844
856
848
820
844
856
820
848
852
836
864
852
832
852
844
824
840
840
836
812
824
840
840
816
824
820
800
816
816
796
808
812
784
820
788
804
820
812
796
824
816
812
804
784
792
784
784
780
776
776
768
788
792
768
724
856
788
784
792
780
776
768
764
760
760
792
800
784
812
832
784
800
812
796
808
804
788
804
804
788
824
824
828
812
808
804
820
804
812
812
808
864
840
852
876
860
816
840
860
816
860
888
848
856
676
1084
844
844
816
844
828
812
836
722
722
722
272
788
804
788
798
798
808
792
792
792
816
508
312
5188
5188
6017
6017
6017
382
382
792
792
792
828
428
428
804
856
816
804
836
828
832
936
900
613
613
613
892
948
384
1676
1676
896
896
928
914
914
940
972
948
948
964
904
928
932
9204
9204
1037
1037
1037
1037
760
760
882
882
800
804
804
1077
1077
1077
804
804
788
1073
1073
1073
816
784
780
792
768
784
800
768
352
400
1114
1114
1114
468
776
764
764
1778
1778
1778
640
880
744
752
776
756
760
776
748
776
784
764
784
772
1400
808
844
760
780
764
768
776
768
796
796
764
768
784
764
1144
1144
1144
1144
760
316
853
853
853
324
792
784
796
788
768
784
1166
1166
796
768
784
784
760
768
772
756
1522
1522
760
764
752
744
756
756
756
792
808
812
800
852
836
788
804
844
808
780
812
800
776
792
780
768
768
780
756
776
776
768
784
756
780
804
780
804
820
762
762
812
776
664
1596
864
816
780
476
1048
800
792
796
428
348
780
780
508
1036
792
804
748
356
452
660
916
1590
1590
1590
1577
1577
1577
1577
818
818
818
1170
1170
768
782
782
764
768
744
768
764
796
824
812
824
852
820
812
836
816
808
800
792
812
784
788
804
788
776
704
856
764
776
760
768
624
924
772
816
788
788
812
776
804
800
768
784
784
748
764
772
768
812
808
780
812
812
780
800
820
804
816
836
816
804
856
820
824
868
836
920
832
864
200
616
696
928
788
764
884
424
408
196
612
1188
1188
1188
1188
1188
396
586
586
256
616
616
648
1714
1714
1714
196
734
734
832
690
690
312
880
876
840
912
736
650
650
388
248
856
856
856
844
908
924
640
272
904
688
688
384
456
320
1008
884
864
876
840
824
832
796
812
896
892
836
864
872
732
968
276
532
804
816
840
804
444
372
808
832
896
868
968
932
972
988
984
1016
968
1004
964
960
972
928
924
964
920
924
964
960
952
1000
932
932
940
928
880
904
884
840
832
776
960
816
848
728
912
836
848
812
848
836
800
840
852
808
828
824
792
812
808
792
828
860
808
852
852
844
820
856
868
828
884
880
848
876
864
832
884
764
948
800
836
828
788
820
1632
816
796
792
848
824
820
844
816
832
852
368
452
832
664
1028
800
704
980
340
468
824
808
780
808
808
804
804
784
556
256
664
944
808
796
808
376
416
788
604
984
868
696
984
844
816
272
572
804
812
848
804
824
796
796
808
792
792
804
10892
10892
316
504
828
412
424
808
816
1206
1206
796
796
708
844
848
804
776
804
812
816
408
408
196
596
824
536
1104
836
788
844
612
1044
836
812
864
824
3826
3826
836
1694
1694
1694
880
880
884
856
936
920
856
920
884
852
852
852
868
824
720
1004
812
864
852
824
876
884
824
880
828
880
908
820
852
860
864
828
800
888
232
620
824
716
972
868
896
836
752
952
804
820
840
840
800
276
544
832
748
884
844
820
840
812
756
916
800
828
828
796
792
792
864
880
876
844
796
676
816
896
808
808
804
784
704
904
772
776
776
756
772
744
744
756
744
756
756
744
760
760
764
788
784
796
808
796
768
800
776
780
804
780
820
820
788
848
844
832
844
832
828
844
812
804
820
788
776
2845
2845
2845
788
812
794
794
808
784
484
332
804
808
852
836
804
456
380
828
852
852
812
828
836
796
832
800
796
836
712
912
796
804
796
776
812
780
796
824
808
828
796
788
784
776
800
776
788
804
784
820
808
788
796
788
764
784
780
768
748
752
744
768
784
756
792
808
784
816
788
828
820
808
840
828
844
892
856
892
924
860
908
888
932
900
912
864
860
876
872
888
884
916
868
896
876
888
900
880
932
892
904
852
868
864
824
896
864
888
852
924
880
876
912
832
932
888
880
936
876
892
880
840
892
904
864
916
896
848
888
848
852
900
872
872
900
848
928
880
900
872
872
924
880
908
736
1000
864
836
828
880
836
860
888
844
848
884
836
812
864
844
816
848
856
820
868
848
828
880
840
904
848
840
848
824
792
824
840
816
840
816
884
836
852
824
868
844
816
840
812
836
868
816
828
864
852
832
852
804
824
824
788
796
792
768
768
2256
2256
876
780
756
776
760
748
784
772
760
776
780
764
780
796
764
792
812
784
812
808
792
816
756
784
568
1004
792
780
768
692
836
780
744
768
756
748
780
748
792
780
760
808
756
804
820
780
836
780
820
792
828
824
196
604
844
788
824
804
844
864
792
860
672
984
836
804
820
808
860
824
860
872
808
816
816
800
812
848
792
808
816
788
840
812
800
828
792
824
808
796
832
796
808
832
804
788
832
780
772
776
768
780
780
764
804
780
780
820
788
804
820
780
476
324
804
780
804
792
1787
1787
1787
1787
812
792
816
808
780
772
752
788
788
844
848
820
876
832
860
420
296
880
812
880
888
18710
18710
248
292
536
642
642
416
880
860
840
872
852
848
732
960
824
848
860
840
840
844
844
816
848
856
820
860
892
868
840
888
852
848
872
840
832
876
844
828
820
848
820
820
816
840
820
812
808
832
816
816
816
832
832
828
812
840
804
796
796
820
816
812
808
832
824
700
964
832
828
844
824
824
820
712
908
844
848
900
872
880
900
888
860
872
856
852
856
852
824
840
820
824
840
820
832
824
804
816
840
824
852
760
908
820
824
796
804
820
828
840
848
840
860
880
872
912
892
888
900
876
900
864
876
644
1100
852
856
844
824
836
840
836
812
816
820
832
792
812
828
808
804
800
772
776
764
760
776
780
800
808
700
1088
256
696
932
960
952
964
980
952
948
968
936
932
908
912
952
968
948
964
924
904
944
964
956
936
924
872
856
872
880
892
892
868
844
880
856
888
912
876
916
904
880
904
848
876
932
924
948
908
908
932
948
928
964
980
940
904
904
912
956
924
956
920
896
892
940
932
936
956
928
920
908
928
880
920
948
932
904
944
940
900
932
952
924
880
892
908
896
900
920
900
896
904
852
876
876
836
820
840
872
836
884
696
1088
920
856
900
900
880
896
872
884
864
856
896
904
884
932
876
856
808
796
848
948
904
912
904
912
912
876
872
844
856
888
876
880
880
876
864
848
860
872
644
644
1048
1048
840
844
804
364
364
920
800
1208
1208
804
792
544
384
384
1020
748
566
566
396
756
760
772
792
700
860
808
792
792
808
828
812
812
852
848
828
860
828
828
880
864
620
1100
844
836
836
820
808
840
812
828
844
820
816
844
812
828
832
812
840
828
832
848
844
848
864
836
860
844
820
832
848
844
828
840
828
860
832
864
868
832
848
824
808
792
820
804
808
804
804
816
812
828
808
848
812
844
816
848
892
860
892
880
868
856
828
836
804
844
824
828
868
832
852
856
648
1012
812
796
832
816
820
856
848
860
932
872
936
928
936
956
948
964
948
936
904
908
876
900
892
868
916
852
876
880
852
884
856
872
848
848
868
848
832
808
796
788
792
824
844
912
880
924
932
916
908
924
924
916
864
888
892
924
872
908
860
844
856
852
852
840
852
864
844
876
880
852
880
892
912
940
932
888
880
912
864
864
868
860
844
872
832
836
828
812
832
816
820
860
896
936
944
916
458
458
954
954
954
960
940
968
948
936
972
912
972
1008
976
992
1012
964
976
984
936
940
964
908
936
976
980
928
952
972
984
964
992
1012
984
956
980
988
960
980
956
944
948
908
928
944
972
952
928
940
944
952
912
892
876
968
944
952
892
952
976
968
992
992
984
1000
1008
976
996
1008
1016
1008
968
972
988
968
948
984
960
936
940
952
904
936
924
960
932
920
936
932
872
904
936
880
928
956
876
900
936
944
960
984
992
980
960
984
976
952
960
964
936
940
944
896
956
920
904
940
932
916
904
904
932
900
928
920
940
988
996
1008
1004
1020
976
1004
980
1008
1008
1008
952
1000
948
948
948
960
984
976
1000
1024
984
1012
1004
1020
1000
1012
972
964
984
964
936
956
956
920
900
864
864
864
1018
1018
996
956
996
932
908
968
924
956
928
952
984
928
948
940
964
900
944
964
920
960
976
972
1008
972
988
992
1008
1020
1044
1004
1032
1012
1028
1052
1032
1068
1012
1052
1024
1024
1032
1012
988
984
980
948
976
968
960
944
896
936
928
892
904
940
928
932
976
936
952
980
948
980
1008
964
1016
1012
948
992
956
968
988
960
984
956
932
976
952
940
972
952
956
972
948
956
952
940
976
956
976
1000
968
992
948
988
972
948
984
1004
980
976
956
936
976
948
920
920
956
964
936
984
940
976
1020
1012
1040
1008
1052
1040
1028
1048
1012
1040
1028
1000
976
956
936
916
916
952
956
900
948
948
916
924
956
964
988
1012
988
1020
992
944
960
936
920
916
944
924
952
976
976
932
960
968
924
968
940
860
864
940
860
952
912
952
972
956
1000
1040
988
1000
976
988
952
972
992
952
960
980
972
988
960
992
1008
976
1016
980
1000
1032
980
988
952
968
944
916
908
804
984
920
920
974
974
996
1020
