1512
498
498
572
572
704
260
228
700
456
500
484
484
252
712
712
974
974
1156
1156
688
488
1342
1342
624
576
850
850
566
566
472
812
476
634
634
452
724
350
350
652
640
580
568
568
572
572
724
468
552
564
572
580
312
436
692
676
672
620
588
588
580
748
460
744
712
684
680
568
576
576
752
704
680
660
664
572
580
748
684
668
656
640
592
720
492
740
688
660
660
624
588
732
476
740
708
664
660
600
584
736
472
736
704
688
672
600
588
732
480
736
712
696
684
580
588
576
736
476
724
704
700
688
564
572
736
468
548
568
568
748
712
692
600
732
492
744
712
700
700
580
756
484
768
732
704
696
588
596
596
772
472
764
2542
2542
2542
688
520
240
324
384
3145
3145
3145
3145
3145
3145
3145
854
854
568
568
572
568
568
568
572
572
576
576
720
484
712
700
672
672
580
568
560
560
556
716
480
716
488
720
456
724
708
684
680
584
732
496
720
648
660
624
728
528
736
500
740
716
704
688
556
744
444
736
712
708
696
584
768
476
756
724
696
624
600
756
492
748
732
708
640
716
524
748
724
708
664
708
536
760
736
700
688
688
556
776
724
700
696
616
604
600
596
776
712
688
676
600
588
584
580
588
440
724
596
416
744
584
580
572
748
704
604
756
572
732
464
732
708
668
656
568
568
732
448
716
700
640
484
792
532
704
664
632
500
760
608
548
548
708
648
604
592
584
592
524
612
608
496
528
532
664
628
584
572
576
576
568
568
572
544
536
540
540
532
536
536
540
532
536
536
536
536
628
472
516
528
532
536
528
528
536
536
528
528
532
528
440
628
540
400
708
512
616
486
486
376
684
616
572
568
268
292
476
636
556
556
560
560
564
208
344
552
548
560
512
520
528
528
540
536
540
544
540
540
540
544
540
536
540
544
540
540
548
540
536
544
540
536
544
544
540
536
432
652
540
544
452
644
540
548
552
548
540
552
552
548
544
552
548
552
548
552
556
556
548
548
560
552
556
548
548
552
548
548
540
548
548
448
640
608
500
528
528
540
540
544
536
540
544
540
536
540
488
600
536
540
540
536
532
536
532
528
532
536
528
532
532
532
524
356
704
524
532
528
524
528
528
532
524
524
524
484
564
520
524
520
528
524
524
520
516
520
520
432
600
516
516
348
680
504
496
540
476
540
356
668
504
512
504
504
512
500
504
504
504
500
504
500
500
504
500
500
500
500
212
240
544
500
496
496
500
496
500
496
492
500
496
488
496
496
492
496
496
500
488
496
496
492
500
336
648
496
492
492
1232
1232
738
738
420
1018
1018
488
500
492
492
476
508
464
516
320
664
492
492
196
300
488
488
508
468
488
743
743
743
743
743
588
484
488
472
476
476
480
480
472
476
472
468
944
944
944
406
406
1140
1140
1140
464
468
468
476
344
536
532
464
464
476
714
714
468
476
468
480
1372
1372
548
464
472
472
464
424
520
468
468
464
464
468
472
468
464
468
1403
1403
1403
1403
1798
1798
1798
1798
1252
1252
1252
1252
1252
404
524
3224
3224
3224
2634
2634
2634
2634
2634
2634
2634
436
440
472
472
472
380
540
462
462
340
518
518
444
446
446
446
528
456
472
464
444
460
832
832
1124
1124
1124
444
1069
1069
1069
340
392
196
180
570
570
280
554
554
794
794
220
456
452
224
1205
1205
1205
628
452
396
432
432
858
858
584
456
432
456
444
444
428
458
458
444
448
452
452
448
448
448
456
448
456
456
444
452
456
456
436
460
456
408
492
456
460
444
448
452
456
448
452
448
452
456
448
448
452
452
452
448
456
452
456
452
452
452
420
484
452
448
452
452
460
444
452
452
448
448
452
328
572
316
744
744
408
768
768
768
440
464
336
560
304
420
624
678
678
678
678
460
448
448
376
376
592
682
682
316
736
736
384
700
700
324
452
458
458
412
560
376
488
432
460
300
336
232
436
448
435
435
435
435
434
434
434
408
398
398
524
424
428
428
244
460
568
260
528
400
508
632
632
420
422
422
420
296
544
284
540
428
424
416
412
418
418
412
416
424
553
553
553
408
416
414
414
364
368
504
412
420
432
384
412
416
348
646
646
412
404
416
404
416
404
396
432
412
408
412
416
412
416
416
420
412
424
416
416
416
420
420
412
416
424
416
420
596
596
364
464
380
420
496
472
428
416
638
638
420
338
338
596
422
422
636
636
420
636
636
420
228
196
418
418
300
556
422
422
844
844
252
600
985
985
985
428
628
628
424
976
976
976
424
834
834
360
464
620
620
392
264
204
244
564
408
268
698
698
515
515
515
515
444
336
316
596
416
416
416
416
412
826
826
612
612
440
408
264
528
444
340
464
426
426
412
412
300
532
412
416
412
340
420
480
420
412
416
416
420
416
416
416
420
412
420
420
420
424
416
420
420
588
588
374
374
196
404
432
424
424
424
424
424
424
424
424
428
284
560
808
808
808
706
706
468
352
686
686
717
717
717
717
336
480
614
614
614
344
572
456
456
332
276
236
1650
1650
638
638
628
628
628
352
664
664
368
532
1637
1637
1637
1637
1637
1318
1318
1318
1318
1318
1318
1318
1318
1318
1318
1318
1318
1318
424
432
416
428
284
560
428
312
448
312
1180
1180
572
572
572
440
436
324
544
428
356
670
670
252
224
432
440
432
432
440
652
652
316
360
648
608
608
572
440
364
528
444
533
533
533
533
533
446
446
432
352
432
356
412
680
332
572
276
292
358
358
464
308
794
794
794
452
444
436
436
488
452
438
438
575
575
575
575
320
750
750
444
464
452
464
460
680
680
464
456
460
460
436
420
516
458
458
364
364
974
974
974
906
906
906
906
906
906
906
906
1013
1013
1013
724
724
452
452
444
452
452
220
232
444
456
448
328
552
476
456
456
452
456
452
456
456
456
268
636
468
460
456
456
456
464
404
488
480
452
464
320
588
698
698
698
284
356
220
244
448
400
484
484
456
456
460
452
372
609
609
609
878
878
878
878
878
878
462
462
462
636
248
1116
1116
1116
1489
1489
1489
544
544
544
560
460
1930
1930
1930
1930
1930
220
1498
1498
1498
1498
1498
1498
1498
268
1333
1333
1333
1333
1333
1333
1333
1333
1333
1333
1333
2360
2360
2360
2360
1648
1648
444
408
404
400
316
444
370
370
432
456
288
552
328
480
406
406
774
774
774
512
404
404
1022
1022
324
488
818
818
818
412
188
728
728
669
669
669
848
848
324
324
600
408
550
550
550
332
360
372
460
552
272
598
598
598
416
420
328
660
660
532
532
532
773
773
773
773
773
773
781
781
781
602
602
602
594
594
446
446
574
574
508
400
400
572
572
572
572
572
572
572
572
1060
1060
1060
1060
1060
474
474
420
420
553
553
553
416
1240
1240
748
748
748
748
748
805
805
805
460
412
616
616
404
412
412
416
384
432
412
412
412
268
552
416
408
412
408
416
412
412
416
412
416
412
416
412
416
416
416
416
412
392
444
220
192
420
420
416
348
488
436
416
428
428
420
428
416
424
424
424
420
424
420
424
424
432
432
428
384
324
576
428
428
312
548
432
428
432
424
408
452
432
432
324
528
236
200
428
340
520
432
428
288
568
432
428
428
428
858
858
858
228
196
360
400
710
710
710
532
1074
1074
420
420
468
712
712
712
340
340
556
824
344
502
502
554
554
384
204
424
428
424
424
428
392
452
424
424
562
562
562
416
424
364
476
424
420
697
697
697
268
568
414
414
428
432
404
408
638
638
424
228
616
424
444
404
705
705
705
428
428
569
569
569
428
428
432
428
854
854
432
430
430
432
751
751
751
751
432
424
428
434
434
576
576
576
420
264
518
518
432
432
440
300
556
581
581
581
432
256
616
420
436
436
436
428
428
392
476
424
428
428
428
436
424
428
424
436
424
428
424
432
424
428
424
428
420
428
420
428
424
420
420
420
420
424
420
420
424
416
424
420
416
420
420
420
416
420
416
420
412
424
416
416
412
416
420
416
412
416
416
420
408
420
412
416
416
412
412
416
416
408
416
412
416
408
416
408
416
408
412
416
408
412
412
416
408
408
412
412
412
404
412
416
408
408
412
412
412
408
412
412
412
412
412
412
416
408
412
416
420
412
408
412
416
416
280
540
420
416
416
300
540
412
412
424
420
412
608
608
438
438
420
420
574
574
540
424
364
484
424
424
424
432
428
264
510
510
432
432
424
440
428
432
436
432
364
500
448
424
432
436
348
524
432
296
520
496
436
432
436
440
436
432
440
432
436
436
436
436
436
432
440
220
212
440
268
608
404
464
436
436
440
432
436
436
312
564
300
576
436
440
436
440
438
438
440
436
428
448
320
552
440
440
436
436
440
436
438
438
440
656
656
348
528
668
668
412
660
660
436
440
436
444
438
438
436
448
440
440
436
444
440
444
440
236
640
236
208
701
701
701
701
701
758
758
758
758
436
432
436
432
220
220
432
432
428
432
432
312
504
496
420
436
652
652
436
436
436
456
416
436
436
356
520
436
436
256
624
436
436
444
444
440
304
576
448
664
664
448
444
312
576
328
560
444
444
440
320
564
448
440
444
440
448
440
444
328
560
304
588
444
448
448
452
448
448
448
452
448
452
448
452
456
424
476
460
678
678
456
456
360
540
460
452
450
450
456
452
450
450
452
220
240
450
450
676
676
452
376
716
716
352
556
304
534
534
400
480
448
448
464
444
452
452
456
452
678
678
444
452
416
488
268
624
316
500
528
678
678
452
448
452
448
444
448
452
452
452
448
452
452
448
452
448
444
352
536
444
444
444
444
444
444
444
444
444
444
444
444
448
444
444
444
276
821
821
821
821
368
368
520
520
436
446
446
446
446
440
240
644
882
882
882
882
440
440
440
436
440
436
440
436
436
440
440
436
432
440
436
432
436
440
432
436
428
440
436
436
432
444
436
432
432
444
436
436
428
444
432
436
432
440
432
432
424
440
432
432
424
436
432
432
424
432
432
428
424
432
428
428
424
428
428
428
336
504
852
428
424
320
524
416
424
424
420
416
420
424
416
416
424
420
416
416
416
420
416
412
420
416
420
408
412
420
416
408
416
416
412
408
416
412
408
408
416
412
412
408
412
412
412
408
416
412
416
404
420
412
412
404
416
412
412
412
408
416
412
412
404
416
412
412
408
412
412
412
408
408
412
412
412
404
412
416
408
408
408
416
412
408
408
412
416
416
416
412
416
420
412
412
420
424
416
416
420
420
420
420
420
420
428
424
420
424
424
424
424
272
580
432
424
428
428
424
424
432
432
256
600
432
432
424
432
432
440
428
432
428
440
428
432
436
436
428
432
432
432
424
432
440
432
432
434
434
272
448
508
444
436
436
432
428
428
440
432
428
436
424
428
428
436
432
436
648
648
432
436
268
596
440
212
220
432
440
436
436
444
436
440
436
444
440
444
440
436
444
444
444
436
444
444
448
456
452
448
444
452
456
448
448
456
448
444
448
448
440
448
448
444
444
444
448
444
444
448
444
448
448
444
448
448
444
448
444
448
440
448
440
448
444
448
440
452
444
440
444
452
444
444
448
444
444
440
452
452
448
444
452
448
448
444
452
452
452
452
452
452
452
456
456
460
448
452
452
452
448
312
596
680
680
416
484
456
456
464
464
468
472
472
472
472
472
472
476
472
476
480
472
476
476
472
476
476
480
480
476
484
488
340
632
496
488
488
488
496
484
484
484
480
488
484
484
476
484
472
484
476
476
480
480
480
476
472
480
484
476
476
476
396
552
472
436
490
490
464
468
468
472
472
472
472
476
476
480
480
484
484
484
484
484
488
484
492
488
492
488
492
494
494
488
488
504
500
500
496
500
488
492
484
496
480
496
492
496
484
500
488
488
492
484
496
484
496
484
488
484
492
488
480
488
484
488
476
372
596
480
480
288
672
480
472
480
484
476
476
480
476
480
472
476
476
472
468
468
476
468
472
468
472
446
446
508
468
464
360
568
464
468
464
464
462
462
464
472
460
472
464
464
476
468
472
464
472
468
468
472
472
472
476
476
472
476
472
476
472
476
476
476
468
472
472
468
472
468
944
476
476
448
356
632
476
484
432
528
480
476
480
476
364
600
480
472
476
476
472
472
476
476
480
480
484
480
480
480
476
484
488
484
488
484
480
480
484
484
488
484
496
500
492
492
492
492
488
484
484
312
648
492
488
488
492
304
680
488
492
476
508
484
496
484
496
488
492
488
500
492
500
492
500
500
504
500
492
508
496
508
500
496
504
496
504
492
508
504
504
504
496
1004
504
368
628
496
508
496
504
492
508
500
500
500
500
420
472
556
536
2312
2312
660
374
374
