750
750
1098
1098
736
276
606
606
756
496
472
496
724
756
748
748
252
232
232
352
566
566
738
738
764
792
792
766
766
780
636
868
612
612
324
224
648
648
732
324
304
504
822
822
736
728
789
789
789
789
522
522
522
568
568
632
832
748
744
540
520
844
844
844
796
696
220
424
807
807
807
807
312
712
704
704
704
704
790
790
790
748
740
740
496
496
460
460
858
858
720
720
740
268
432
680
720
564
796
448
1004
704
690
690
680
774
774
774
774
774
344
896
896
896
896
896
608
596
592
596
600
596
600
604
604
608
608
612
620
612
616
608
620
624
620
596
644
632
624
624
628
628
624
628
632
628
632
640
640
652
648
648
656
656
664
672
680
668
676
676
672
668
672
668
660
664
656
652
652
648
648
652
652
660
660
656
664
660
838
838
493
493
493
760
656
548
548
196
798
798
798
798
276
364
642
642
644
582
582
744
648
376
204
356
384
652
496
804
632
1060
1060
1060
620
620
596
596
576
616
596
596
470
470
216
649
649
649
632
814
814
814
814
814
814
814
814
1030
1030
684
720
720
616
766
766
766
1344
1344
836
588
812
732
624
356
424
694
694
220
460
1028
1028
216
570
570
692
684
680
684
688
700
700
700
700
284
304
768
768
724
732
732
738
738
672
808
740
736
732
732
732
604
798
798
724
758
758
556
196
408
228
778
778
778
756
756
756
760
216
662
662
252
536
617
617
617
460
772
760
732
740
748
364
364
328
432
352
356
712
340
456
768
768
444
296
620
864
744
748
748
752
292
456
520
520
572
572
752
728
420
324
720
788
780
800
832
860
776
816
996
852
848
852
848
832
844
828
772
352
721
721
721
228
352
936
780
778
778
784
632
948
796
632
996
820
832
606
606
420
804
804
796
800
784
794
794
372
416
656
920
776
776
768
780
800
788
704
880
780
516
272
388
400
776
780
756
784
792
796
796
800
808
812
804
812
804
802
802
800
800
336
444
594
594
312
728
830
830
804
760
820
808
816
820
804
824
820
816
804
808
800
808
808
800
816
816
808
820
812
816
812
828
836
432
336
320
312
268
844
836
828
828
848
828
456
360
832
836
824
824
800
816
808
804
808
804
812
816
808
816
812
812
812
804
796
792
792
776
780
786
786
596
968
796
792
796
804
800
820
816
820
836
840
836
832
820
828
832
824
832
828
816
824
808
808
816
812
828
828
824
200
612
744
800
512
308
768
764
844
808
808
808
804
832
524
300
820
752
936
836
860
876
896
900
484
652
652
876
880
852
852
852
548
548
580
840
832
828
836
832
832
844
844
844
856
860
852
856
856
848
836
702
702
244
418
418
832
820
820
808
472
344
810
810
328
640
640
536
228
864
800
816
352
534
534
984
812
796
796
792
780
1020
244
696
356
644
900
780
768
684
912
416
576
576
792
352
432
836
812
804
784
764
764
760
756
752
734
734
732
740
744
744
3224
3224
3224
3224
3224
736
736
736
768
752
772
788
788
716
716
912
784
788
596
936
700
752
636
884
742
742
712
772
784
800
804
804
820
196
624
816
816
812
820
820
808
800
392
812
812
520
520
961
961
961
280
240
264
296
236
260
448
448
224
264
808
832
800
800
804
796
784
788
776
760
800
372
408
792
196
612
1016
1016
584
428
790
790
790
792
668
920
804
268
520
804
808
820
816
816
816
820
820
816
816
828
820
828
828
836
840
840
848
852
852
852
843
843
843
843
843
572
232
288
220
324
260
568
824
812
632
632
380
808
816
812
816
828
836
844
848
848
852
844
832
840
824
824
824
796
792
484
570
570
874
874
874
200
236
488
388
356
208
236
764
804
788
788
784
792
792
776
784
772
764
768
760
740
752
728
720
720
708
700
700
712
700
692
708
716
708
720
728
1080
1080
300
554
554
1038
1038
716
696
676
684
668
664
676
890
890
890
653
653
653
292
352
668
660
668
660
664
664
660
656
660
662
662
244
544
544
1712
1712
1712
244
652
656
664
632
636
648
632
632
620
624
632
616
632
632
616
644
520
736
648
624
620
648
636
624
624
616
624
624
616
620
608
608
648
628
1470
1470
1470
624
620
608
607
607
607
607
600
604
604
616
618
618
1311
1311
1311
1311
412
412
676
937
937
937
236
748
736
736
664
724
220
424
698
698
676
692
664
668
660
528
588
200
660
664
976
976
664
664
660
668
676
684
688
688
532
864
708
700
700
704
696
692
688
692
688
684
688
684
672
672
680
676
676
676
668
664
656
660
656
540
780
660
668
552
768
2140
2140
2140
2140
1098
1098
1098
820
2357
2357
2357
2357
632
640
636
644
1957
1957
1957
700
708
704
584
1110
1110
708
712
490
490
392
752
372
372
724
732
724
736
736
744
752
620
864
752
752
744
744
748
756
744
736
740
736
720
724
572
840
700
684
480
212
712
696
696
700
712
640
780
716
716
712
712
704
408
284
684
696
700
700
692
704
700
688
692
688
688
684
676
664
680
680
664
676
676
668
664
656
652
648
640
644
640
628
628
628
508
724
616
616
612
612
616
612
612
604
628
624
616
612
608
612
232
372
592
612
612
616
628
632
644
656
664
684
692
716
716
700
720
712
708
696
692
696
680
652
692
556
660
380
496
496
408
304
660
656
652
652
644
648
676
668
636
640
632
628
632
636
636
628
642
642
652
628
660
636
636
628
624
616
616
612
604
600
608
600
600
600
596
592
592
592
584
584
580
584
584
584
588
488
344
784
784
616
612
616
616
516
392
224
716
628
628
636
644
648
656
664
668
664
680
664
684
688
676
676
680
680
680
680
668
664
676
664
684
644
708
672
680
688
692
724
728
716
728
728
724
740
724
724
720
720
712
712
712
700
704
704
704
720
716
712
716
712
700
700
696
692
688
688
692
684
684
684
680
680
680
668
660
660
656
648
648
644
640
632
636
632
624
608
592
692
624
628
624
624
620
620
620
620
616
620
608
620
612
608
612
632
640
632
636
632
628
628
624
504
732
620
608
608
604
600
588
596
476
704
592
600
616
616
632
644
652
672
676
688
708
708
712
716
724
732
724
716
760
744
756
748
752
756
640
880
748
756
756
760
756
756
760
768
764
760
748
748
740
736
736
732
728
716
724
724
716
728
724
716
708
700
696
684
692
684
684
676
664
672
668
656
648
656
640
624
644
520
744
624
628
624
616
612
616
608
604
600
596
592
600
592
584
588
576
572
568
566
566
822
822
1133
1133
1133
572
560
600
596
600
600
616
400
240
576
684
632
644
488
488
320
652
660
672
656
656
656
652
652
644
624
620
548
740
632
528
620
728
640
640
624
636
632
532
764
640
668
640
644
668
528
768
668
660
652
664
672
684
688
672
572
724
600
768
612
696
644
648
636
632
640
624
628
632
640
644
652
656
648
556
772
652
536
752
636
632
628
620
620
608
616
616
608
604
608
608
608
608
620
624
568
684
628
524
752
636
628
620
620
612
612
608
616
612
612
604
616
628
612
612
604
608
608
608
600
612
612
612
608
608
608
604
604
548
620
596
600
584
588
574
574
580
568
576
572
580
592
616
624
640
660
632
688
696
720
724
664
724
656
836
720
736
728
724
712
664
644
708
668
692
692
680
680
660
660
652
632
524
634
634
740
644
592
588
748
652
652
644
552
760
520
780
664
660
680
672
672
684
676
636
688
656
660
656
660
384
276
552
784
624
732
676
648
692
672
664
668
668
660
656
660
544
772
660
552
768
648
660
652
632
652
664
648
656
648
644
648
648
644
640
640
644
528
764
648
656
648
652
652
648
648
648
640
644
636
632
628
620
620
624
616
608
600
604
592
588
588
592
592
596
588
600
600
596
596
604
596
596
600
596
592
588
596
588
584
580
584
580
576
568
572
568
560
556
560
552
548
564
536
548
544
544
540
518
518
488
652
564
580
596
616
628
652
652
532
680
796
572
768
688
680
680
672
672
676
672
680
680
684
680
672
652
528
776
680
676
668
668
680
636
652
644
640
640
624
628
632
640
620
628
636
536
760
648
636
628
580
580
702
702
292
368
480
848
628
656
668
680
720
668
692
696
712
700
688
676
688
684
680
684
676
680
676
664
668
664
660
640
632
632
630
630
648
640
688
688
688
708
712
728
748
740
764
768
756
768
752
756
756
764
752
736
728
716
704
592
700
804
692
676
696
696
688
688
684
652
684
672
636
676
656
636
660
648
664
664
660
668
668
668
668
664
668
664
668
668
676
668
668
680
680
564
788
660
668
676
672
668
664
660
664
656
656
652
652
644
644
648
640
644
644
636
636
632
624
624
624
624
620
620
508
716
612
612
608
608
604
604
596
596
592
592
588
588
584
584
584
472
676
572
572
580
576
580
400
756
580
588
882
882
592
600
604
636
636
656
672
668
668
664
664
660
652
652
636
612
644
616
604
596
600
592
584
580
580
576
568
572
572
572
568
576
580
584
584
596
600
596
492
704
596
588
592
564
592
576
568
572
572
568
564
568
560
556
540
572
556
552
556
556
560
572
572
596
584
584
600
588
600
576
616
596
600
484
700
592
592
588
584
580
576
572
600
580
564
544
572
552
560
560
560
600
492
704
600
616
632
636
652
656
668
672
664
660
640
660
656
652
652
656
648
648
656
652
644
648
640
640
640
632
628
636
628
624
640
640
636
648
652
652
648
644
656
652
648
648
648
644
652
656
648
648
656
648
652
652
660
652
652
648
656
648
652
656
656
656
652
648
532
744
624
624
616
604
500
704
596
592
588
584
576
580
572
564
572
568
568
572
568
572
580
576
576
580
584
592
600
604
508
732
636
600
648
660
648
648
648
664
660
660
660
656
652
656
644
632
656
624
628
620
608
612
596
592
588
584
576
564
584
568
564
572
564
572
568
568
476
664
588
576
472
676
468
648
560
572
540
560
544
488
500
640
536
540
528
552
540
524
552
536
528
552
544
552
548
536
552
568
540
468
644
572
544
552
564
548
536
460
656
532
552
560
544
532
428
672
540
540
540
540
544
544
560
572
592
592
604
620
628
644
624
664
616
600
664
676
692
720
720
756
744
720
708
652
680
684
688
688
700
700
696
700
700
708
700
700
684
966
966
756
756
692
700
588
776
668
688
696
716
708
708
684
716
712
716
720
724
716
720
712
708
700
704
696
672
680
680
636
700
684
676
592
764
556
800
708
700
732
732
736
744
736
740
732
732
720
724
728
728
728
720
720
704
712
696
692
684
676
560
784
668
664
660
660
656
656
672
660
652
656
644
644
636
636
636
636
640
640
640
528
744
636
636
640
624
620
620
612
612
508
716
612
608
608
608
496
716
600
600
600
596
596
580
608
600
608
1381
1381
1381
1381
818
818
356
692
692
29168
29168
676
660
668
680
672
620
764
576
824
720
724
5201
5201
5201
5201
5201
5201
5201
5201
5201
584
1313
1313
1313
2332
2332
356
356
1560
1560
220
416
460
460
2100
2100
360
376
548
680
672
776
552
8326
8326
582
582
1011
1011
1011
1011
312
248
839
839
839
839
839
839
596
468
420
350
350
664
524
524
524
660
448
608
608
440
440
268
588
608
492
728
600
628
524
740
636
632
632
508
640
744
532
740
536
716
632
624
620
616
652
680
708
724
740
2850
2850
2850
1362
1362
350
350
350
276
1085
1085
1085
1085
1085
1060
1060
728
728
732
736
1237
1237
1237
1237
1237
1237
1237
1237
1237
1237
664
684
696
604
778
778
328
400
708
744
736
732
648
832
716
692
712
712
716
732
712
704
696
692
696
696
696
708
684
708
688
688
680
676
668
664
672
668
664
552
772
672
660
656
648
536
756
656
656
644
648
644
652
652
656
656
644
652
544
694
694
660
660
632
640
524
748
648
648
636
640
640
644
640
636
636
632
624
624
620
616
616
608
608
596
596
588
584
580
576
560
560
552
548
486
486
344
336
552
564
568
580
420
760
596
588
220
276
736
624
528
296
566
566
660
592
3082
3082
3082
3082
1046
1046
656
668
548
740
704
656
512
804
620
640
648
640
636
624
628
628
612
616
492
768
628
624
624
556
696
632
628
632
612
648
652
636
966
966
636
632
640
652
632
632
364
264
588
664
632
628
624
636
624
616
656
636
628
640
644
636
636
640
520
744
608
588
564
628
620
780
344
284
608
612
608
612
592
576
604
580
604
440
692
556
496
620
552
548
544
548
540
544
532
540
540
536
436
632
540
548
548
552
564
564
572
572
584
580
564
500
696
588
592
600
596
608
596
618
618
628
632
628
628
620
648
608
640
628
616
604
640
582
582
608
616
624
624
620
616
684
596
508
644
420
364
652
652
672
676
620
652
660
416
532
584
584
584
584
752
624
664
668
648
652
657
657
657
660
368
304
632
572
732
644
560
688
688
688
664
404
280
680
688
680
632
660
648
652
652
660
540
820
708
720
616
832
688
760
700
676
668
640
628
604
592
476
584
640
576
552
544
540
540
540
532
540
532
532
540
538
538
550
550
436
380
1278
1278
488
696
476
533
533
533
533
866
866
300
740
652
660
628
632
274
274
712
536
748
644
640
628
636
624
624
412
412
412
492
764
488
756
632
632
648
657
657
657
668
672
676
980
980
980
980
980
980
980
980
760
336
320
656
668
680
688
700
704
700
312
1612
1612
704
692
672
692
668
656
644
632
769
769
769
769
608
608
600
592
600
600
614
614
616
620
596
606
606
592
584
576
572
572
504
596
596
564
572
568
608
600
592
604
604
604
600
608
604
608
604
612
616
604
612
620
620
628
652
656
672
676
660
660
660
668
664
660
552
760
620
628
640
640
640
652
676
684
784
772
844
836
856
864
864
852
852
848
820
820
804
768
768
712
708
704
700
716
706
706
708
688
692
688
704
684
704
696
700
700
700
600
664
848
708
700
596
800
548
716
730
730
672
676
676
680
656
688
688
740
752
748
664
856
780
788
792
800
804
780
812
796
784
772
768
744
708
756
712
716
716
734
734
744
748
752
760
1233
1233
1233
1233
1233
1233
2018
2018
2018
300
1023
1023
1023
1023
968
968
