800
800
752
748
756
736
748
764
724
760
764
764
756
764
760
756
752
748
756
728
748
748
744
744
776
696
724
800
716
736
764
748
628
904
640
840
776
736
748
752
764
744
748
728
744
776
528
1000
676
812
748
748
796
716
624
888
780
744
728
748
740
776
612
852
764
556
908
824
632
628
836
712
428
264
708
444
244
696
692
368
300
612
576
864
664
660
692
468
856
660
196
428
552
788
648
660
626
626
616
608
764
648
648
640
636
668
664
628
688
676
688
684
704
708
700
700
708
712
700
668
720
236
464
708
608
780
700
324
380
712
624
776
616
816
732
636
832
740
724
764
732
728
736
696
748
300
428
724
676
780
732
736
728
488
240
632
812
704
736
716
712
700
716
696
692
676
740
700
692
556
716
780
620
700
724
668
328
348
540
776
676
636
684
664
656
284
364
664
656
660
664
676
636
648
696
676
688
684
580
824
688
696
664
708
652
652
780
692
708
704
684
632
320
504
592
692
860
700
700
304
392
716
708
660
632
804
716
700
700
696
620
252
512
688
444
248
624
748
684
252
428
672
610
610
804
680
672
664
668
684
684
676
384
288
552
696
532
828
780
528
824
672
584
772
196
480
692
688
704
704
704
620
792
716
724
724
724
720
724
724
692
736
720
716
496
396
386
386
376
272
388
376
260
712
776
236
516
516
680
694
694
716
716
700
188
344
348
404
636
776
672
488
760
384
360
685
685
685
236
340
780
684
756
612
692
656
608
674
674
632
576
576
740
588
612
572
668
360
880
552
484
734
734
500
688
728
632
644
644
596
356
244
626
626
528
232
624
660
456
668
780
528
624
724
584
660
608
568
532
736
584
640
612
612
228
388
616
620
624
628
612
520
640
684
684
632
640
672
656
628
780
716
604
844
724
748
736
588
868
712
732
712
708
724
712
740
604
468
340
720
460
256
712
712
208
1208
724
688
700
656
768
696
720
712
700
660
760
724
736
716
730
730
728
712
756
704
728
736
728
728
720
720
724
708
716
648
780
340
292
836
704
568
680
816
716
620
712
664
664
572
572
572
646
646
780
544
552
760
598
598
584
680
624
652
616
648
420
860
636
644
656
664
660
676
656
704
592
336
472
580
800
432
296
712
692
612
812
724
728
712
592
808
584
720
692
816
696
680
704
692
700
672
596
804
692
688
696
688
688
692
696
684
552
828
692
696
572
784
724
704
708
692
708
600
832
488
240
596
864
740
732
728
728
732
724
704
616
848
728
728
476
280
696
704
717
717
717
476
292
664
664
608
384
400
570
570
742
742
520
758
758
652
520
256
584
760
460
272
446
446
416
616
616
616
616
788
788
626
626
728
372
428
428
632
460
460
520
376
432
496
536
940
940
460
410
410
688
500
352
252
612
688
508
508
392
412
608
652
628
613
613
613
744
280
380
664
664
676
672
616
736
680
616
772
696
700
596
804
696
696
688
572
792
684
680
708
696
684
678
678
788
712
720
716
464
952
716
744
428
292
720
724
696
632
720
484
328
628
796
658
658
836
200
484
376
360
520
868
596
702
702
500
280
796
628
772
772
728
716
540
884
712
692
728
364
236
812
696
276
424
336
312
704
384
360
412
510
510
636
620
840
672
532
228
632
752
752
704
548
548
360
724
724
688
725
725
725
588
820
698
698
712
680
288
300
780
702
702
532
728
840
624
748
608
742
742
596
784
616
612
840
696
680
684
716
700
704
712
716
736
736
732
724
736
728
732
720
512
756
808
232
424
532
892
696
692
556
832
692
696
684
704
588
804
696
704
696
712
700
688
624
756
688
680
676
580
792
692
688
348
340
236
456
632
284
208
948
236
344
700
824
696
684
700
700
700
336
236
752
724
684
688
692
688
684
384
300
724
712
616
424
268
748
748
652
740
740
736
712
720
674
674
674
736
700
656
656
468
204
738
738
616
680
680
536
688
688
532
420
276
236
308
436
750
750
584
906
906
572
612
612
694
694
694
694
694
800
192
296
740
624
336
292
624
628
636
532
748
648
556
736
628
688
308
256
772
640
664
600
784
252
408
704
684
684
676
708
676
712
632
752
676
728
692
588
692
812
696
704
708
308
408
712
292
424
732
724
700
744
720
736
726
726
732
736
732
376
356
736
724
728
732
364
368
724
732
636
824
660
660
872
740
678
678
836
640
708
612
852
800
204
500
724
656
800
724
726
726
730
730
744
736
328
420
716
780
752
744
710
710
752
668
408
236
772
452
452
292
637
637
637
637
364
312
1110
1110
288
532
532
658
658
717
717
717
717
252
440
588
702
702
676
676
676
708
408
324
726
726
678
678
584
344
448
678
678
678
572
496
976
552
536
536
400
688
676
544
792
712
700
712
732
720
708
728
728
724
708
696
688
656
556
800
696
664
196
456
626
626
760
644
220
456
672
640
640
280
440
692
540
828
688
692
504
756
752
724
668
644
568
776
660
268
368
568
756
680
656
648
652
272
356
412
232
664
664
656
648
620
676
652
660
648
628
672
668
660
652
656
616
680
648
532
748
640
620
660
632
636
632
288
344
616
656
616
620
636
616
564
708
632
620
616
628
656
636
636
628
628
616
616
632
532
708
524
704
620
582
582
632
624
600
596
592
316
300
600
500
720
484
688
668
512
712
608
308
304
604
332
312
608
608
596
496
712
612
596
596
542
542
704
608
608
612
348
864
578
578
578
578
760
578
578
578
340
308
604
604
426
426
718
718
584
580
580
580
400
800
632
612
632
632
636
652
660
656
668
196
472
664
664
648
672
656
620
680
652
652
520
764
564
748
456
204
652
668
556
652
668
708
568
636
752
540
528
852
640
540
376
384
562
562
816
640
648
652
540
744
564
724
648
652
632
680
664
660
672
640
660
580
756
548
768
640
640
672
644
524
780
460
780
484
792
634
634
636
480
772
628
484
764
656
636
368
912
544
668
324
940
452
680
580
656
220
348
520
668
544
332
728
620
560
296
256
564
532
472
484
676
552
232
304
468
616
448
600
556
520
444
524
556
500
636
556
312
808
540
252
220
272
256
648
504
504
612
556
544
556
560
548
524
672
592
420
772
436
764
504
712
613
613
613
548
536
740
680
548
704
624
828
828
828
408
724
724
552
552
728
554
554
756
608
608
684
944
944
596
212
284
772
608
608
656
628
600
600
600
816
816
816
816
524
714
714
714
656
1014
1014
651
651
651
651
196
348
740
204
376
304
456
456
388
372
612
612
638
638
962
962
652
580
712
656
622
622
748
666
666
636
652
541
541
541
208
752
624
552
728
648
648
648
656
646
646
704
704
674
674
680
692
692
696
508
892
712
724
720
736
740
732
732
722
722
384
344
606
606
248
856
856
488
612
794
794
720
640
820
718
718
740
736
720
352
392
660
840
732
748
740
740
736
708
744
724
724
748
740
560
896
572
872
716
312
412
708
596
820
700
592
812
700
676
724
196
368
864
572
356
582
582
392
312
680
688
672
684
692
668
660
664
572
748
660
424
876
544
690
690
576
768
528
744
656
656
640
540
744
212
416
664
560
700
676
664
684
676
472
828
580
576
204
236
300
784
620
288
340
664
616
600
600
560
704
624
468
760
508
644
624
592
740
508
720
656
616
340
236
684
324
312
200
352
704
664
630
630
630
878
878
737
737
737
808
496
1232
1232
1232
484
632
632
300
676
312
284
582
582
898
898
328
888
888
888
560
644
388
557
557
557
700
596
324
416
664
596
664
664
664
624
760
676
664
360
474
474
324
360
632
280
412
466
466
256
804
668
680
672
556
772
656
692
684
632
716
676
672
656
470
470
444
680
664
572
754
754
692
914
914
932
580
600
748
748
748
676
672
640
572
804
664
604
560
728
764
688
248
404
492
760
752
1024
1024
580
764
708
684
680
692
688
680
692
692
700
700
708
696
536
372
380
784
496
496
324
660
792
572
518
518
308
696
696
696
636
692
692
692
828
596
596
908
424
276
592
780
436
743
743
743
743
196
384
676
676
676
676
700
786
786
524
524
600
600
352
332
524
524
348
768
768
768
768
768
768
564
610
610
252
778
778
432
990
990
602
602
736
232
376
584
408
348
192
798
798
670
670
740
560
768
648
248
448
672
604
764
696
584
788
708
528
856
1036
1036
576
488
320
628
484
476
542
542
804
804
596
472
412
712
492
876
736
658
658
658
344
696
696
696
696
829
829
829
829
829
829
268
504
504
873
873
873
873
260
796
796
796
652
580
672
324
474
474
472
300
412
288
538
538
1188
1188
432
256
680
576
552
900
624
644
800
728
600
244
700
620
608
856
686
686
672
672
680
600
756
604
648
788
656
700
672
680
680
684
632
752
700
797
797
797
208
216
676
582
582
633
633
633
396
240
344
710
710
710
300
590
590
590
685
685
685
668
668
212
200
264
692
676
676
696
252
336
400
368
684
684
668
676
504
864
676
660
704
680
680
1348
704
624
720
488
908
208
488
656
300
428
572
668
332
364
881
881
881
881
676
676
676
560
320
765
765
765
765
622
622
436
264
858
858
858
212
292
648
680
562
562
248
680
664
664
672
676
680
684
696
692
668
692
708
584
742
742
708
272
288
688
784
768
696
624
808
708
700
728
600
792
240
814
814
814
812
396
454
454
792
792
296
464
464
570
570
570
308
826
826
826
826
826
826
826
420
492
1286
1286
1286
1286
1286
1024
1024
1024
252
268
364
833
833
833
582
582
232
836
836
204
276
858
858
606
606
684
212
432
648
648
572
712
644
624
228
1092
1092
508
260
490
490
272
404
1009
1009
1009
1009
1009
1309
1309
1309
1309
548
456
340
750
750
348
244
340
472
744
744
744
744
456
456
524
524
722
722
644
644
644
713
713
713
713
628
628
628
628
628
628
380
648
228
396
312
352
648
628
316
308
700
520
702
702
628
668
752
684
588
678
678
678
510
510
304
632
540
716
716
656
624
284
384
676
324
268
620
736
428
232
204
340
652
652
886
886
300
556
796
796
796
344
626
626
936
936
644
690
690
380
292
436
706
706
524
638
638
212
284
626
626
564
496
624
340
1126
1126
572
572
264
805
805
805
744
744
785
785
785
785
648
648
216
372
464
448
336
232
340
704
588
644
236
444
668
260
248
646
646
644
640
500
480
292
648
648
592
700
702
702
656
652
668
664
668
588
352
324
736
672
672
248
316
768
672
664
668
660
668
664
664
660
656
664
652
656
648
644
460
416
416
624
656
636
632
640
632
632
632
628
624
624
556
692
624
632
632
632
636
636
648
648
644
652
656
660
664
668
668
680
676
668
668
664
668
568
788
696
708
708
708
716
724
724
740
728
744
464
1040
756
748
748
752
764
768
584
1008
820
676
672
240
784
760
752
748
728
712
700
592
672
772
272
404
532
796
460
460
432
668
256
460
196
516
692
588
808
616
616
904
714
714
720
280
252
662
662
662
662
296
732
540
272
612
816
752
656
836
756
732
716
708
720
696
732
744
760
768
772
760
616
920
792
792
796
800
808
828
820
816
820
816
824
680
928
800
780
788
784
780
756
640
876
644
868
752
612
924
812
808
788
808
844
784
808
812
824
820
800
584
584
1124
756
744
724
728
596
760
692
568
568
272
724
724
696
584
840
680
680
680
676
688
688
684
688
660
696
680
668
700
676
676
676
676
672
672
672
676
672
676
676
672
676
676
684
680
684
680
564
784
676
652
572
772
652
648
652
348
474
474
568
728
620
676
636
676
592
644
692
760
760
760
760
