932
952
948
791
791
791
791
791
791
952
5356
5356
5356
5356
5356
470
470
478
478
616
616
850
850
850
392
392
1068
662
662
753
753
753
312
964
964
972
874
874
592
540
800
780
332
468
468
540
436
956
960
956
1932
974
974
956
964
972
944
984
992
968
980
952
988
976
980
960
956
972
980
968
968
968
980
980
992
988
976
996
1004
984
996
984
1008
1000
1004
1008
992
1000
1000
1004
1016
988
1004
976
1016
1016
1032
1024
1004
1024
1020
1012
1028
1000
1016
1024
1028
1020
1024
1028
1020
1040
1024
1024
1036
1004
1024
1024
1004
1028
1008
1004
1020
1020
1044
1028
1032
1048
1056
1052
1056
1068
1024
1072
1036
1056
1056
1064
1052
1048
1052
920
1156
1044
1040
1052
1032
1024
984
1048
1044
1016
1032
1016
1020
1012
1028
1016
988
1012
1000
988
1008
984
984
996
992
992
988
996
1000
992
996
968
988
1004
988
972
932
797
797
797
476
456
488
948
944
752
752
752
584
588
332
948
944
982
982
982
982
988
1004
1020
470
470
1068
1016
980
1004
1000
996
984
972
988
980
980
972
960
976
964
976
972
960
976
988
992
980
980
996
972
976
984
964
984
980
984
984
268
688
972
240
344
376
892
532
504
936
952
572
380
940
952
664
272
956
208
740
920
964
956
968
960
948
968
972
960
980
980
968
992
956
972
984
976
984
952
1000
1008
988
1016
1012
1016
1012
1004
1012
1004
760
760
760
760
760
760
372
344
240
432
428
428
1104
972
764
212
960
480
480
944
968
948
952
588
360
924
940
944
932
940
948
624
316
940
946
946
952
956
956
956
628
328
952
964
984
940
968
980
972
996
972
892
530
530
948
992
992
1004
996
972
1008
1000
988
992
992
988
1000
980
996
998
998
1004
964
1000
1004
988
1012
884
1124
996
1004
1004
738
738
738
738
984
988
952
992
972
972
972
948
964
320
652
948
968
964
952
968
364
400
1060
1060
2638
2638
2638
2638
288
1224
1224
1224
1224
1224
1224
946
946
946
946
948
936
952
948
868
996
528
660
660
722
722
648
648
912
900
912
1202
1202
1202
916
336
400
192
548
340
1070
1070
596
564
634
634
912
912
324
592
604
300
900
900
908
828
980
900
888
900
888
292
744
744
904
900
900
904
916
912
916
912
912
904
916
912
908
904
916
908
896
900
900
900
896
900
888
884
896
892
728
1000
876
872
872
868
876
868
868
868
884
884
880
872
888
880
892
892
900
904
892
892
888
888
888
880
876
872
876
864
876
880
876
876
876
876
880
876
868
868
872
844
868
856
852
840
852
844
848
848
832
820
820
828
880
844
844
832
824
832
840
820
832
824
808
836
896
808
808
808
852
848
828
824
828
812
816
364
448
404
404
604
1020
812
808
808
816
812
796
812
820
812
812
820
824
820
840
816
812
848
836
828
848
832
848
836
848
860
864
864
864
856
848
852
848
840
852
840
836
804
840
840
832
264
572
844
816
838
838
824
640
1020
856
876
836
852
636
1000
852
848
852
856
864
848
864
820
464
388
856
844
628
1060
828
764
908
852
824
856
852
832
832
828
816
360
504
840
824
860
844
848
836
832
828
840
1266
1266
2144
2144
428
428
496
606
606
372
476
844
844
422
422
820
820
1156
1156
1156
1156
1156
1156
1156
1156
1156
1156
629
629
629
500
348
412
715
715
715
715
715
715
268
848
764
756
756
760
244
500
748
752
744
748
748
744
764
760
768
772
776
776
784
788
800
808
812
812
808
816
820
816
812
804
816
812
816
808
800
800
796
584
584
584
584
1242
1242
804
324
492
816
812
812
812
472
336
772
612
248
368
284
384
704
704
788
824
740
876
816
860
760
862
862
840
620
1028
832
832
860
848
856
844
848
852
848
848
848
832
872
876
848
820
840
824
812
808
800
800
788
788
788
784
788
788
792
788
784
780
788
792
788
792
796
788
796
808
804
808
804
804
808
796
792
804
792
792
796
788
784
676
896
796
800
800
804
800
804
800
792
792
792
788
788
788
788
788
796
796
796
784
784
788
776
776
772
768
760
760
752
752
752
748
744
740
740
604
624
804
728
620
860
736
744
744
744
744
748
744
748
752
740
744
740
744
744
736
744
744
740
736
740
748
736
740
744
736
732
736
732
728
740
740
744
760
740
756
756
752
764
760
756
764
760
764
768
760
756
760
748
756
756
744
748
752
748
752
756
752
756
756
752
752
752
748
740
748
744
740
740
740
740
744
744
752
760
784
792
792
788
796
792
784
792
784
776
792
788
788
788
780
792
784
784
796
808
804
792
792
800
796
784
788
788
776
780
772
764
760
756
740
664
864
752
728
576
904
760
756
752
764
764
760
764
756
768
768
772
780
772
780
780
780
776
776
784
776
788
788
788
792
796
788
792
788
792
780
776
780
772
768
772
768
764
764
768
760
772
772
772
784
768
772
776
764
768
772
764
756
772
764
760
768
768
772
772
792
780
780
780
788
800
816
820
824
816
808
816
808
808
824
824
824
852
868
844
848
844
840
840
836
848
836
836
836
832
840
832
832
816
808
812
800
796
796
788
780
780
784
776
788
784
808
816
818
818
824
840
840
836
840
836
844
836
420
420
832
840
840
212
616
832
840
828
588
248
824
840
844
836
824
816
816
316
532
840
812
804
816
800
800
800
816
816
824
820
804
816
820
808
816
808
808
808
804
796
796
792
792
796
792
788
784
796
784
792
792
788
792
796
804
816
812
808
824
804
820
812
824
824
812
588
216
800
792
784
788
788
788
792
788
788
792
796
804
808
816
844
844
836
832
832
840
840
836
828
824
836
824
816
804
792
800
792
796
788
804
796
792
804
792
788
708
860
780
784
644
904
780
764
692
836
768
780
764
772
772
784
784
784
776
784
780
776
776
768
760
772
772
772
768
768
776
776
780
780
772
788
788
788
788
784
788
788
796
792
796
804
796
804
796
792
248
544
788
796
792
780
780
776
772
764
764
752
764
760
756
752
748
752
748
756
752
752
756
760
756
768
752
756
756
764
760
756
752
752
760
756
748
748
748
744
748
748
748
748
748
748
748
752
748
752
756
768
768
768
768
768
776
772
776
780
768
772
772
764
776
776
764
760
748
748
752
740
740
744
744
736
744
744
748
744
748
756
748
760
764
764
776
776
776
780
784
784
788
664
432
484
800
796
812
808
804
800
800
800
808
816
812
808
808
808
796
804
800
820
704
904
804
812
808
812
776
784
788
776
780
776
772
772
780
776
780
784
808
800
800
796
788
796
812
804
832
844
824
824
824
828
836
824
824
828
1158
1158
1158
1158
1158
1158
1158
1158
876
876
380
380
762
762
572
204
756
756
1142
1142
736
772
748
756
764
764
784
776
780
784
796
792
792
796
792
800
800
792
804
800
800
804
796
812
840
812
816
808
808
820
708
564
940
1272
924
772
772
768
752
756
760
748
752
752
748
740
748
736
744
748
740
748
748
752
748
760
756
752
764
760
760
784
764
776
788
772
792
800
788
808
816
808
812
844
848
840
832
836
836
844
820
828
816
832
828
820
808
832
824
812
800
788
800
796
796
804
788
800
784
784
792
780
792
792
784
788
776
784
772
772
772
764
768
760
768
760
756
764
768
768
768
788
784
788
796
788
804
808
828
820
832
832
820
876
868
852
836
864
848
856
824
868
836
844
824
820
836
824
812
796
788
784
792
788
784
788
784
784
780
788
784
776
784
788
788
776
780
792
784
580
936
788
788
776
772
764
768
768
752
752
760
764
756
760
752
260
508
760
760
756
756
748
748
744
752
748
740
752
740
348
384
492
248
740
740
736
348
400
756
748
756
752
764
752
744
764
756
748
740
752
204
548
740
744
752
740
748
748
736
740
748
744
752
744
744
756
756
752
756
752
760
764
760
760
764
760
772
776
768
768
764
768
776
764
768
764
776
776
764
756
760
764
764
764
760
768
764
764
760
264
504
760
648
892
772
200
560
752
704
820
752
746
746
752
740
748
744
744
744
736
740
728
728
736
732
728
744
728
736
732
736
740
736
732
1660
1660
1660
1660
1441
1441
1441
728
724
1654
1654
1654
724
724
820
756
756
500
244
748
728
776
748
332
585
585
585
204
680
450
450
450
284
730
730
730
730
506
506
720
864
784
734
734
448
448
708
872
792
784
780
796
1568
1568
588
602
602
602
894
894
894
894
272
872
784
792
768
772
776
788
776
776
780
780
776
784
788
784
788
804
792
788
796
808
820
820
800
800
804
804
800
794
794
788
792
788
820
844
800
812
808
808
788
776
816
836
780
784
804
800
820
804
808
804
812
840
792
820
868
808
804
820
852
792
808
792
796
792
800
792
788
788
816
800
780
788
784
780
796
820
804
816
832
844
808
316
536
640
640
640
592
828
832
836
816
824
800
876
888
784
884
892
840
824
916
836
824
888
844
832
832
824
836
828
832
816
804
832
836
816
828
816
280
540
816
800
812
792
804
828
832
812
560
244
808
816
808
804
804
800
796
788
800
804
800
440
352
792
844
836
824
840
840
840
842
842
848
852
848
860
872
272
694
694
694
212
560
292
864
868
864
872
616
616
492
872
864
872
864
344
420
960
868
868
876
868
872
872
856
860
868
860
876
872
868
852
872
852
856
856
852
692
692
332
288
694
694
808
820
788
784
868
824
646
646
