944
1092
1004
1056
1032
1048
1048
1052
1048
1052
1048
680
1212
1084
1016
944
1060
968
1068
1056
952
1088
808
1264
1040
1060
1072
1000
1084
1104
1052
1068
1104
1096
1008
1112
960
1128
1012
1096
1040
1068
1072
1084
1096
1080
1104
1000
1180
1112
1104
1132
1080
1064
1084
1064
1056
1064
964
1084
1032
1024
972
1064
1044
1044
1056
692
1236
808
662
662
1076
1080
1064
1056
1060
1008
1040
948
1088
1056
1064
1100
1060
1048
1080
1080
1040
1080
972
1144
1080
1112
1116
1076
1072
1144
1116
992
1112
1072
1104
1080
1064
964
1084
1040
1044
1060
908
1112
984
1080
1036
1048
1072
1028
536
1091
1091
1091
1091
396
704
956
1000
1004
1008
1012
912
1072
1032
850
850
1328
1044
1044
1028
1032
1032
980
1000
356
708
776
244
676
1204
956
1120
996
1088
1052
1044
1036
932
1116
1028
1060
1060
1016
1044
680
1208
1116
1064
1036
1044
1072
1076
1088
1088
984
680
1016
1196
1104
1700
1700
1700
1228
1228
1228
544
940
1108
688
1212
1044
1004
1008
1044
1044
1044
1044
1056
896
1112
1056
1048
1028
1044
1016
916
1080
1060
980
1076
932
1052
956
1000
800
1120
996
888
1040
964
976
996
972
1000
1000
992
968
984
968
980
964
956
984
980
848
1016
972
976
972
972
960
948
896
1004
964
972
972
860
988
944
900
956
944
944
932
848
984
928
932
956
3964
3964
3964
434
434
392
964
952
692
1016
3000
3000
3000
884
912
864
1354
1354
928
916
880
924
916
424
496
924
928
844
942
942
1366
1366
4151
4151
4151
4151
4151
1170
1170
924
936
456
456
920
564
564
344
344
876
926
926
894
894
934
934
464
452
918
918
916
924
812
944
928
928
936
920
932
913
913
913
921
921
921
921
472
236
546
546
890
890
617
617
617
284
867
867
867
867
867
867
884
552
793
793
793
793
730
730
730
730
730
952
900
924
458
458
524
380
902
902
650
650
813
813
813
813
813
813
888
868
316
608
896
864
928
820
980
985
985
985
668
888
588
588
588
604
292
856
452
452
444
444
880
892
1292
1292
852
716
556
626
626
836
1097
1097
1097
824
1260
1260
860
868
200
648
836
430
430
840
220
188
456
848
430
430
430
618
618
846
846
844
844
844
816
860
836
422
422
632
646
646
646
872
872
416
416
360
512
852
828
856
830
830
460
384
662
662
662
524
784
784
784
784
952
808
808
808
808
1196
1196
1353
1353
1353
832
832
840
828
840
820
832
840
824
828
820
804
844
816
816
808
824
820
828
828
816
820
860
816
856
824
856
832
852
208
772
772
772
804
800
810
810
876
648
1216
1216
838
838
838
324
456
796
788
792
792
800
792
792
796
784
780
772
776
792
776
772
768
700
828
764
776
772
780
788
796
808
824
828
840
820
856
850
850
850
844
868
860
860
856
864
824
868
852
840
856
872
858
858
868
832
252
620
426
426
662
662
417
417
417
1258
1258
812
836
820
820
796
412
412
808
796
792
332
460
784
780
664
830
830
784
776
500
296
804
828
828
848
848
872
860
852
876
800
888
872
820
868
868
804
888
856
860
840
852
876
856
832
404
428
820
828
840
836
836
840
832
832
692
924
924
856
856
796
276
596
852
836
844
838
838
856
852
844
204
324
280
720
1000
848
860
832
852
828
872
852
440
248
1032
852
852
868
744
880
856
844
852
868
840
840
868
852
844
840
836
820
828
824
824
824
824
828
824
828
820
856
344
492
416
384
860
840
800
868
852
516
1176
848
816
872
856
808
868
860
836
848
828
764
880
808
804
808
808
816
808
824
384
432
524
1116
824
820
816
800
812
804
808
816
800
808
804
844
824
840
812
844
816
608
1052
864
848
856
856
860
848
884
860
856
856
808
864
852
808
856
852
848
856
872
856
880
880
812
904
892
840
908
908
860
928
924
836
920
912
864
916
908
888
920
904
912
912
908
900
920
868
936
896
916
916
892
900
912
894
894
922
922
904
904
916
900
920
852
728
728
396
922
922
716
208
844
948
948
776
1040
912
912
944
940
912
928
932
528
662
662
916
276
616
904
880
356
192
288
936
868
880
876
880
888
896
872
916
908
516
368
900
928
868
924
924
836
916
916
888
912
904
884
920
916
840
940
896
908
928
928
920
920
928
936
940
908
956
892
596
340
760
760
280
883
883
883
883
883
883
260
696
854
854
336
710
710
204
502
502
502
434
434
440
527
527
527
527
888
868
664
544
544
854
854
892
880
856
884
872
856
888
864
872
828
896
892
884
900
836
908
896
524
1232
904
828
916
896
828
908
888
828
904
888
860
888
880
848
758
758
758
376
900
900
336
336
188
916
908
212
636
924
900
836
480
436
900
880
778
778
224
722
722
320
718
718
284
910
910
876
876
304
748
748
272
632
888
356
714
714
400
676
676
501
501
501
256
828
904
880
820
580
320
884
884
888
888
704
188
1020
1020
1020
1020
1020
1020
585
585
585
1288
1288
1288
1288
1085
1085
1085
1085
832
888
868
856
856
872
844
892
880
848
904
804
908
896
884
860
880
872
824
876
856
840
844
828
824
824
812
804
812
804
792
792
788
784
780
800
526
526
526
816
812
808
516
304
812
820
720
908
824
832
832
844
428
428
452
452
842
842
438
438
856
872
864
812
852
832
808
836
820
804
824
432
364
792
796
792
788
788
796
788
788
784
780
780
780
816
796
808
804
452
724
724
448
448
428
472
324
820
810
810
1263
1263
1263
1263
540
788
788
244
320
898
898
784
780
784
784
792
800
800
804
808
828
816
304
472
844
844
800
848
848
792
868
856
844
860
868
844
872
856
860
872
864
840
892
876
880
900
808
912
892
860
900
888
868
880
868
844
868
856
820
880
860
824
844
828
848
836
840
824
864
848
796
872
852
524
1180
856
860
860
840
852
804
868
832
852
860
784
884
528
1204
868
852
868
868
824
888
876
828
908
896
824
892
928
900
508
1292
888
368
364
1012
884
852
864
864
836
836
812
860
828
816
832
816
824
812
812
836
820
844
832
836
840
872
868
872
864
884
872
876
876
828
892
872
816
888
876
504
984
1056
852
844
832
824
820
828
828
828
824
820
820
536
1140
836
868
844
860
864
860
868
872
516
1228
892
840
904
884
816
892
888
828
896
880
832
892
872
856
872
876
828
888
876
832
884
888
836
912
892
836
928
900
852
920
900
868
900
892
896
888
848
828
900
880
820
884
864
860
864
856
864
860
836
876
820
868
852
800
868
844
840
836
804
860
836
824
524
1172
832
880
872
820
876
864
820
876
868
824
880
872
816
888
872
844
884
872
860
880
860
844
864
852
844
856
836
832
832
840
852
824
880
872
884
884
792
900
884
844
872
884
840
872
860
828
868
852
836
856
844
816
856
840
832
840
848
812
840
836
792
844
836
808
844
824
784
832
800
792
788
796
796
780
784
784
776
776
772
776
596
620
888
792
788
808
788
780
784
788
796
812
804
804
856
836
832
464
614
614
848
848
410
410
260
620
864
824
768
976
876
860
864
860
872
876
876
868
880
828
888
544
332
640
1068
880
860
868
876
804
880
852
836
860
868
812
300
580
864
804
868
480
376
816
860
856
804
496
372
832
1294
1294
872
872
876
828
888
836
896
864
588
292
204
668
244
312
320
252
552
888
472
396
832
872
872
684
1012
744
928
872
840
840
260
564
820
440
368
804
596
1004
364
436
792
800
804
800
808
816
852
840
832
860
820
880
868
840
876
868
816
896
876
824
880
880
844
884
872
880
868
892
868
880
868
880
824
884
868
856
872
840
864
840
860
828
856
852
796
876
856
796
872
852
788
864
856
804
860
856
804
876
856
840
860
860
836
856
844
804
876
720
928
452
328
456
456
800
840
792
816
804
756
836
784
788
780
772
772
764
776
772
780
780
788
788
816
796
812
820
828
844
788
876
856
852
864
830
830
864
856
808
368
500
852
668
972
800
804
792
792
788
296
496
792
800
792
788
548
232
776
750
750
744
304
524
764
764
768
792
792
812
784
832
828
820
832
852
796
860
840
832
844
824
864
780
864
852
844
856
780
864
856
848
852
832
852
848
844
836
820
820
816
832
836
828
828
832
852
844
852
824
864
848
816
856
844
800
876
852
812
876
860
820
872
860
832
888
852
868
876
860
872
824
900
876
888
896
856
904
896
892
864
908
904
848
928
900
904
900
900
904
916
884
900
876
912
860
920
920
912
908
892
920
912
908
920
888
920
928
816
956
920
912
920
916
908
924
904
924
916
908
860
924
888
896
904
820
920
896
888
892
872
888
884
880
876
884
804
916
880
868
880
888
864
892
888
828
904
892
824
912
868
868
922
922
904
928
936
904
940
936
920
868
944
936
924
944
900
928
900
928
908
928
924
808
944
928
900
912
908
896
908
908
872
896
916
808
948
908
516
1324
904
884
892
868
892
880
892
856
856
900
808
348
564
892
824
904
332
548
848
896
888
896
904
892
868
920
908
896
924
916
876
944
924
880
960
956
856
968
948
852
976
940
840
972
940
896
988
972
968
960
912
952
944
884
952
928
916
924
916
872
948
924
864
964
932
864
972
944
868
956
952
856
968
936
876
944
924
872
916
900
884
888
808
920
880
892
900
876
876
896
928
864
940
928
900
940
956
948
904
956
904
948
944
852
964
984
856
1008
988
976
980
820
1012
976
956
960
892
964
952
780
956
936
832
948
952
836
1020
996
876
988
948
864
956
940
828
952
936
824
928
908
208
236
392
928
896
836
924
908
860
928
916
844
940
916
856
936
928
868
924
920
912
932
912
920
920
792
928
884
888
884
876
876
812
896
248
616
804
884
848
808
884
884
852
872
872
784
896
868
808
884
864
820
880
860
868
872
868
876
872
876
868
872
876
892
840
920
912
824
932
908
840
928
916
828
924
912
820
932
912
836
924
900
832
912
888
892
892
876
892
904
812
924
876
868
924
888
892
908
840
928
916
880
932
916
928
932
924
952
936
936
956
928
888
944
924
804
960
884
924
852
884
912
880
880
896
848
888
896
844
848
912
620
196
928
852
876
832
824
828
832
828
828
848
816
872
852
788
880
852
824
868
848
816
884
868
484
324
888
864
828
888
872
816
892
872
816
884
868
884
800
916
888
872
900
888
904
904
900
888
888
