920
916
904
912
936
936
848
956
936
920
932
944
908
876
956
880
816
960
864
520
404
904
896
836
916
884
324
548
860
856
696
960
856
844
832
828
824
820
820
812
808
808
808
804
808
808
800
784
824
804
820
816
816
820
800
844
828
828
840
836
836
832
832
836
832
836
844
836
836
828
836
828
828
836
832
836
836
828
828
824
828
828
828
832
816
820
812
808
812
812
808
804
812
812
804
804
800
812
808
816
824
832
844
832
836
836
640
920
840
828
800
856
820
828
824
812
824
816
812
808
808
808
800
796
796
792
784
780
784
784
784
784
788
780
780
784
780
780
780
796
792
788
632
888
804
792
792
792
784
784
800
788
800
796
800
804
808
808
820
812
828
848
840
836
836
828
844
840
840
832
824
820
824
808
812
812
824
808
804
808
808
792
808
788
796
788
792
788
788
780
788
784
784
784
780
772
788
772
772
776
780
776
780
780
784
788
788
808
808
804
828
820
828
840
840
856
840
844
852
864
860
864
860
860
876
868
812
892
836
236
588
832
884
824
852
852
838
838
856
856
852
846
846
846
320
484
824
884
836
884
860
872
780
900
840
240
628
868
876
868
840
848
860
816
824
808
796
796
788
784
544
240
784
780
788
788
748
820
776
784
796
784
812
828
820
816
824
820
824
820
784
852
812
816
816
808
812
808
800
800
796
796
804
800
800
808
800
796
808
800
472
324
792
792
784
788
796
784
780
776
776
776
364
404
772
776
388
384
780
780
768
780
776
768
780
772
768
668
864
768
392
376
272
232
260
780
780
788
784
784
788
796
792
800
812
804
808
812
800
804
816
812
828
828
824
840
836
832
836
824
820
812
808
800
800
796
788
796
788
788
796
788
788
784
788
780
784
792
788
788
796
792
800
796
800
804
808
804
820
820
808
816
808
804
804
808
808
792
812
804
800
812
816
812
824
808
808
812
816
828
828
836
836
840
852
864
876
876
880
888
880
888
880
880
816
896
860
856
816
868
836
836
828
832
832
828
836
832
832
852
848
836
844
836
836
500
1200
852
844
388
448
824
656
976
808
808
804
620
920
828
824
832
832
828
852
856
868
892
900
896
884
880
884
896
900
896
900
904
896
904
912
900
904
508
1300
900
908
904
892
824
892
856
844
844
832
856
856
856
876
876
872
512
1256
880
864
852
848
848
840
836
836
836
848
844
848
852
860
856
876
868
864
860
856
848
860
856
852
860
848
840
840
832
832
824
824
824
820
840
832
828
836
844
836
848
852
840
848
840
836
828
828
816
832
824
824
836
836
844
840
840
844
840
840
848
848
868
868
880
900
896
928
908
920
876
916
880
904
860
892
860
860
852
852
848
844
844
836
852
768
868
872
836
848
840
828
828
820
824
824
832
820
832
828
816
828
820
816
828
824
828
692
992
852
600
936
876
876
884
896
900
868
900
868
796
844
900
852
864
840
840
832
836
836
836
836
836
828
836
840
844
836
832
832
820
820
816
808
816
816
828
828
552
296
840
856
856
368
368
960
840
456
400
828
828
828
816
408
408
812
816
816
406
406
574
574
488
808
812
804
800
716
868
824
804
812
820
812
816
820
824
828
828
828
836
848
864
864
888
876
876
900
888
808
928
896
872
900
888
612
720
1020
888
832
916
888
872
884
864
864
852
872
860
860
860
872
872
864
876
880
876
876
876
876
872
872
864
872
868
876
864
804
908
884
876
896
896
920
860
940
908
920
836
944
916
912
912
924
908
916
904
624
776
1080
936
920
904
920
908
868
916
912
876
920
896
916
892
904
884
896
836
928
892
888
872
872
856
864
844
832
824
828
824
812
820
808
800
808
792
784
800
796
796
816
808
812
812
832
820
828
820
816
816
816
820
812
828
816
832
824
820
832
824
840
844
848
856
860
864
824
908
884
888
884
444
444
892
888
900
892
892
892
896
912
800
864
864
276
540
920
792
940
880
852
352
524
832
840
860
828
828
828
760
868
832
820
788
848
760
900
816
832
824
828
816
284
544
820
412
412
396
436
824
832
384
452
680
680
300
364
416
872
820
836
832
548
292
856
844
832
868
844
788
428
428
872
860
860
548
304
888
808
560
340
848
508
368
836
884
856
784
872
840
824
824
828
824
828
848
848
876
824
912
864
288
572
664
232
264
648
868
884
852
896
776
924
840
904
884
884
856
892
856
848
852
844
840
836
836
836
832
860
864
876
888
828
904
916
880
924
896
916
844
932
900
896
896
904
872
904
880
864
888
884
868
836
888
864
884
872
896
884
784
912
924
872
920
872
900
884
908
888
856
892
860
860
860
852
856
848
844
856
808
848
892
852
872
860
872
836
892
876
860
884
888
880
884
852
972
916
960
988
960
960
920
936
624
992
912
904
868
924
864
916
884
916
848
920
868
904
888
864
904
924
888
904
840
896
872
872
820
240
656
856
856
844
668
1020
360
488
604
244
808
900
852
848
848
704
1004
818
818
848
980
900
900
864
892
868
868
868
268
616
876
884
464
412
876
876
888
876
656
216
572
572
536
892
868
828
868
584
264
840
576
272
432
408
836
832
844
404
372
896
840
840
548
657
657
657
856
868
876
884
904
912
872
876
908
916
912
928
876
920
868
932
416
416
916
220
636
792
896
896
882
882
792
936
832
876
852
856
852
320
536
860
248
616
852
864
860
856
860
856
204
640
856
216
312
320
852
844
840
840
852
576
240
864
620
212
812
852
860
860
864
872
264
612
824
868
900
880
872
912
892
892
896
920
908
896
920
892
912
924
904
916
908
908
900
912
624
908
964
872
912
864
912
900
880
852
888
864
880
864
852
868
868
860
864
864
852
856
852
848
852
844
848
856
888
880
908
928
872
956
924
932
900
944
944
924
936
952
948
860
912
936
936
892
932
928
928
936
948
922
922
922
956
856
984
936
924
940
928
940
932
932
940
928
936
916
780
1112
940
960
912
956
932
960
964
968
952
976
948
860
976
936
960
920
972
956
940
960
940
952
868
964
944
936
936
936
940
928
916
924
944
940
800
960
960
940
868
960
916
936
848
952
908
908
860
952
928
932
892
936
928
900
836
932
932
912
908
904
916
904
888
908
892
884
864
900
908
892
872
868
912
888
904
892
872
896
736
1012
916
880
888
872
908
900
912
864
956
876
908
920
916
912
912
912
884
924
912
912
912
908
924
936
924
912
916
940
940
940
948
884
952
940
920
872
940
900
904
848
952
888
932
904
908
920
912
912
916
936
916
908
908
908
896
892
892
892
888
892
896
884
312
596
936
944
944
948
960
540
376
948
884
964
948
952
928
908
960
944
944
788
1032
936
872
912
904
932
932
932
896
748
884
884
884
1024
916
856
852
388
452
836
836
820
828
828
836
836
852
840
848
860
700
384
660
872
860
444
428
864
852
844
836
832
820
816
824
820
820
836
828
836
800
888
860
860
884
872
720
1028
880
880
856
852
848
840
844
848
840
836
832
820
828
836
840
864
864
856
856
860
852
864
864
872
876
868
868
864
880
880
880
864
876
868
872
860
880
872
888
880
880
892
888
888
872
864
864
852
864
856
848
860
880
888
892
904
912
920
920
916
916
896
928
632
1052
956
896
936
896
952
944
924
912
884
952
916
936
872
916
904
912
880
880
876
880
880
880
880
876
876
884
884
920
908
916
900
888
916
916
916
908
904
924
924
912
908
904
912
912
892
920
880
928
920
908
916
868
948
864
920
904
884
860
848
844
832
824
828
820
824
816
820
816
836
820
824
840
824
836
824
820
820
812
832
732
732
196
800
596
228
824
812
832
864
852
880
912
888
896
856
812
932
904
908
852
900
880
884
888
876
872
876
880
880
868
856
868
864
860
864
868
872
876
912
616
968
912
900
888
892
612
876
948
876
872
876
888
896
904
900
908
892
920
916
900
904
628
864
1000
900
900
912
620
960
896
908
900
280
632
896
872
916
996
920
944
928
944
960
944
916
932
932
920
932
928
936
932
936
936
940
944
932
916
956
960
944
964
940
940
580
352
928
940
632
1004
904
462
462
876
884
896
888
884
900
888
916
904
440
468
904
892
916
904
224
472
216
868
880
876
884
880
908
868
912
904
900
908
880
908
908
900
904
904
904
908
912
908
880
908
908
912
900
888
884
876
888
876
876
868
872
868
868
876
888
900
908
904
904
908
896
884
876
864
852
852
844
620
924
852
840
844
840
844
844
856
856
848
844
844
848
852
844
832
840
832
832
820
820
808
816
804
816
808
800
808
808
812
816
832
820
828
816
832
620
620
620
620
820
824
836
832
860
880
864
884
908
896
908
924
908
896
872
912
916
912
904
908
916
904
900
900
864
884
896
884
920
920
924
932
936
646
646
308
308
916
968
976
956
964
940
952
948
948
940
572
360
952
944
948
936
940
952
940
944
932
916
924
924
916
932
912
932
928
928
928
936
940
960
928
928
920
936
932
920
920
940
920
936
928
920
932
924
924
948
912
952
932
944
928
944
964
944
956
928
912
944
928
576
336
924
796
1056
936
580
352
916
892
928
928
904
928
928
924
928
924
960
972
956
968
928
940
932
932
932
248
664
944
952
936
936
900
956
932
920
928
908
924
912
892
888
884
888
872
880
884
884
884
928
916
904
916
916
916
920
920
940
952
932
956
948
960
952
960
972
960
976
628
336
960
976
944
968
956
968
964
584
376
940
556
676
676
952
920
972
948
964
940
904
