568
844
596
756
1056
628
504
684
808
860
444
888
728
760
568
764
700
972
1325
1325
1325
1325
742
742
742
586
586
500
624
560
648
1140
636
596
692
564
492
420
612
768
472
408
572
728
620
588
1044
576
456
756
736
896
808
1096
788
1084
508
612
680
956
768
752
672
760
496
540
640
604
824
788
424
1044
948
820
580
788
584
920
480
700
500
776
1048
832
628
708
848
880
604
648
648
648
696
564
636
616
1088
556
512
480
604
620
652
876
536
508
984
604
884
524
812
740
772
708
596
612
856
692
560
740
708
760
720
940
528
456
432
272
632
724
436
512
788
952
752
860
852
604
560
336
280
928
684
1084
864
736
560
472
816
804
812
812
840
692
620
924
576
480
876
548
476
728
492
656
532
672
488
604
572
776
508
696
640
712
548
720
612
480
604
540
844
712
724
800
400
884
556
532
284
988
224
520
956
588
588
844
240
390
390
554
554
216
476
512
488
488
488
288
480
614
614
632
868
268
324
616
540
540
564
472
812
628
396
312
792
896
608
772
440
432
440
728
764
652
732
804
552
444
740
276
220
308
456
640
876
496
1004
768
428
736
760
456
336
648
320
432
640
649
649
649
649
852
648
560
530
530
480
612
768
428
652
496
716
568
568
272
548
548
588
832
684
716
716
808
396
616
824
336
1044
584
528
492
412
484
712
712
612
528
636
636
668
540
644
740
452
612
724
636
776
688
688
618
618
658
658
264
560
560
824
504
548
516
516
1004
780
780
312
384
384
404
324
288
576
660
540
666
666
892
624
620
532
532
404
404
760
760
312
978
978
500
624
700
656
468
796
448
492
720
728
420
520
648
564
554
554
532
292
564
832
742
742
742
536
532
596
672
412
520
396
400
540
516
516
516
408
492
560
656
656
640
808
640
620
868
600
558
558
628
240
264
560
488
580
592
372
478
478
624
628
628
212
538
538
896
538
538
596
556
556
556
476
592
592
592
192
672
540
432
408
682
682
664
836
532
532
600
884
592
440
440
652
1020
1020
596
272
292
608
524
936
936
204
752
612
644
866
866
540
460
758
758
452
444
632
484
700
700
584
584
904
592
216
476
968
968
304
644
504
680
744
708
832
660
528
564
524
612
416
480
696
260
572
572
656
560
696
696
744
280
716
622
622
684
848
560
560
940
940
640
224
628
320
504
636
788
788
280
416
568
544
536
436
512
852
472
780
860
604
892
480
576
304
708
836
528
428
496
316
224
708
656
548
760
760
634
634
500
660
664
868
500
568
628
648
612
560
556
448
588
532
823
823
823
823
596
688
624
624
792
228
344
632
488
782
782
712
590
590
1096
1096
440
432
396
424
644
708
621
621
621
400
416
544
544
560
560
808
808
252
408
580
596
924
608
488
420
528
528
516
516
568
568
452
780
516
260
564
872
872
892
668
508
712
424
616
468
636
460
752
560
592
660
760
760
428
428
464
582
582
584
584
220
392
716
680
644
428
552
356
500
576
676
488
448
564
564
304
332
532
532
532
1136
1136
1136
684
440
472
228
740
500
762
762
648
476
232
492
680
796
760
660
544
628
536
636
636
636
596
284
860
852
572
572
356
756
756
756
756
868
470
470
444
388
480
492
708
612
540
540
596
702
702
836
492
532
593
593
593
688
388
388
388
704
496
320
908
472
452
412
496
496
636
636
636
232
498
498
871
871
871
871
696
398
398
577
577
577
420
834
834
520
764
452
552
564
432
464
796
632
872
492
404
420
420
657
657
657
248
396
232
712
712
712
224
606
606
656
652
652
848
848
848
848
512
292
292
602
602
596
396
468
636
488
240
528
782
782
576
300
522
522
624
488
640
604
692
636
596
600
324
276
496
388
244
562
562
590
590
536
540
612
548
408
584
492
916
534
534
384
392
560
560
596
596
696
464
677
677
677
677
677
677
372
896
604
604
604
612
412
408
348
740
464
872
658
658
540
548
460
248
576
504
432
432
552
608
228
756
292
272
588
560
728
728
908
344
284
590
590
748
568
652
630
630
640
596
500
464
704
720
768
698
698
524
764
554
554
320
516
796
564
524
380
400
416
344
512
664
664
460
216
364
620
464
812
678
678
616
520
528
548
928
544
704
768
592
480
608
580
624
744
684
348
700
584
584
820
576
700
408
680
244
232
580
682
682
820
476
476
640
764
912
532
428
472
472
536
788
576
576
616
616
840
592
584
464
632
752
484
576
940
360
252
508
272
544
700
716
660
440
512
592
744
464
576
392
1076
536
628
920
564
572
996
452
894
894
564
796
796
796
676
592
580
580
804
804
528
462
462
636
636
768
552
864
244
380
508
508
552
476
604
684
456
628
456
452
608
700
665
665
665
544
1964
1964
1964
596
648
352
880
228
408
440
484
622
622
564
564
482
482
624
596
896
456
512
556
728
778
778
636
288
830
830
472
916
592
464
440
436
604
656
772
876
344
284
546
546
616
499
499
499
499
784
524
532
560
716
716
708
708
300
792
576
620
288
732
608
512
304
568
568
576
508
564
624
796
796
556
328
328
304
529
529
529
444
440
864
396
851
851
851
851
684
448
588
700
996
564
580
628
484
716
716
716
1470
1470
1470
804
804
232
320
548
288
296
552
572
400
392
708
452
292
464
568
464
480
588
498
498
824
304
396
504
548
548
248
296
320
796
508
472
472
604
740
540
848
396
646
646
634
634
634
376
384
224
204
584
216
396
396
236
236
512
512
476
714
714
644
448
560
548
484
464
460
516
752
420
656
480
1124
420
384
580
560
596
556
560
448
516
1052
672
832
624
624
512
420
416
640
560
576
456
700
408
600
624
516
700
672
580
684
796
688
700
576
432
832
640
504
852
588
680
824
652
440
540
576
1008
828
496
428
800
592
684
304
1092
428
520
408
852
632
668
704
588
588
452
616
404
928
1696
430
430
528
444
640
640
664
564
784
664
696
656
648
516
612
540
424
720
724
512
460
944
732
616
1020
496
544
592
552
681
681
681
468
812
456
512
872
612
664
684
684
228
388
688
560
412
824
464
580
764
560
808
520
520
556
812
660
810
810
608
540
656
656
352
260
384
568
592
556
468
556
708
512
568
484
580
396
772
540
460
460
464
508
912
580
580
548
684
596
488
468
932
672
596
736
556
576
544
444
408
448
548
536
644
596
588
644
784
640
520
568
600
832
728
1168
1168
640
412
812
536
636
672
535
535
535
535
484
484
572
670
670
568
684
598
598
556
556
556
556
476
348
864
636
564
564
472
600
888
888
526
526
476
708
592
988
621
621
621
844
400
592
768
768
584
544
540
540
304
692
432
588
480
452
600
500
548
620
568
696
660
576
588
588
564
488
488
668
548
528
640
424
384
540
460
528
408
616
560
308
842
842
448
488
488
424
428
456
696
568
536
640
612
392
416
408
632
584
480
624
584
560
592
520
464
852
568
456
772
684
668
556
504
688
560
648
560
476
732
560
528
386
386
536
520
540
872
620
516
640
456
638
638
880
336
720
484
624
428
568
744
572
444
928
556
532
696
466
466
328
888
484
484
748
660
516
812
606
606
606
625
625
625
700
516
868
676
574
574
518
518
432
444
464
536
540
428
580
712
548
604
944
428
408
476
476
588
624
428
556
580
596
644
506
506
512
512
652
412
440
488
540
860
592
664
404
412
256
320
772
784
372
316
548
660
228
308
664
592
642
642
524
620
228
228
788
760
356
388
420
664
300
664
600
844
504
568
536
488
776
332
280
818
818
516
468
500
776
628
424
564
672
880
764
604
620
344
704
658
658
652
464
516
632
428
634
634
724
568
580
384
940
522
522
328
328
400
464
232
820
436
564
640
228
244
728
416
372
204
240
220
288
648
426
426
676
516
328
276
492
1004
296
300
524
1004
1004
520
816
816
456
702
702
744
664
264
408
560
472
704
704
620
826
826
812
540
540
840
428
548
824
472
540
642
642
472
578
578
704
620
284
332
512
512
288
776
464
720
552
732
452
528
784
592
776
436
820
592
496
516
500
620
640
432
416
500
516
468
516
436
556
768
592
592
632
676
628
628
612
228
574
574
574
364
468
768
460
520
808
500
796
536
480
588
716
452
580
764
892
560
444
712
548
404
756
656
616
440
460
472
704
564
512
488
500
472
476
644
632
392
436
444
684
604
512
484
464
464
672
688
428
660
496
504
512
816
588
668
620
636
756
380
764
816
616
792
456
692
520
628
448
408
412
396
684
892
560
644
620
564
412
424
448
424
460
532
736
692
496
512
504
572
1048
420
544
444
608
592
532
500
768
424
560
476
448
696
644
724
640
680
576
516
748
480
360
828
420
884
556
740
620
592
660
716
424
408
504
516
736
564
612
620
396
456
436
748
400
664
608
792
656
400
524
608
420
388
560
604
676
428
436
556
992
688
748
556
520
728
616
632
728
636
520
648
484
680
876
616
736
632
660
216
428
428
608
396
396
884
646
646
724
516
516
516
700
516
748
736
468
736
756
504
920
572
652
912
532
400
840
732
796
612
596
416
416
680
600
656
528
452
676
380
700
580
424
572
484
572
748
492
492
692
800
972
680
656
660
800
736
624
752
740
780
448
720
436
640
508
488
860
528
452
468
596
1028
592
556
784
560
684
652
604
720
628
552
508
652
476
516
832
656
312
772
436
732
568
540
436
872
548
720
488
436
668
624
736
476
580
572
740
560
616
428
468
588
596
512
692
888
464
552
744
616
812
764
640
862
862
212
592
644
656
760
476
752
460
676
676
460
476
564
648
752
452
816
824
668
580
752
484
864
668
520
484
476
596
664
596
688
468
520
532
776
536
748
772
872
668
448
544
496
740
860
712
708
804
532
528
796
536
540
820
856
652
604
904
532
792
572
604
456
912
828
728
704
512
556
480
664
408
408
252
496
646
646
416
624
691
691
691
691
691
691
691
476
744
616
580
740
772
516
620
762
762
428
212
720
596
616
644
668
656
864
780
952
840
904
788
564
672
588
816
620
496
388
544
648
804
640
672
668
288
532
532
532
488
368
496
572
740
652
612
476
432
896
816
640
452
204
236
412
720
652
612
440
440
516
232
900
696
696
408
392
828
724
588
508
536
696
492
616
452
532
516
436
500
520
808
620
572
592
612
528
424
436
664
776
672
512
456
412
548
464
616
708
760
792
736
604
420
768
700
696
472
748
576
808
520
564
800
796
736
816
556
520
492
596
564
604
772
468
476
756
728
532
656
700
656
488
700
488
560
636
476
712
500
464
468
572
584
832
608
584
460
440
508
524
704
712
660
644
464
468
424
576
664
740
460
916
452
708
432
640
600
552
500
628
760
528
292
628
456
484
676
708
616
860
556
624
852
700
632
696
632
804
468
420
580
576
676
556
796
712
664
552
636
580
464
500
948
768
528
528
656
444
424
376
792
540
588
556
704
524
616
600
468
540
488
408
1084
488
784
904
600
756
520
572
844
456
856
556
584
464
540
636
956
740
636
636
496
1080
632
700
816
568
492
508
820
652
468
440
504
664
740
500
996
544
560
688
628
496
472
456
652
780
552
632
588
720
636
644
508
440
760
680
764
540
416
436
388
456
604
528
508
632
644
548
812
504
476
400
640
572
712
492
690
690
564
564
676
212
464
572
624
728
764
552
560
700
796
700
816
692
844
656
704
440
1036
932
644
464
572
500
480
500
612
616
500
772
444
512
592
740
608
529
529
529
560
856
484
484
392
580
768
548
448
696
436
468
480
484
430
430
520
800
404
444
412
584
564
588
824
540
700
644
516
524
256
680
668
888
596
716
644
572
516
560
736
628
472
740
824
600
540
468
588
580
648
900
568
568
732
480
624
812
416
404
516
628
404
796
448
604
604
716
624
612
640
556
524
532
804
540
888
684
588
600
644
416
660
566
566
566
566
532
568
564
788
428
496
520
560
636
636
568
672
624
484
548
556
700
948
536
556
324
404
532
686
686
812
564
476
360
500
752
520
588
492
516
884
556
480
568
440
528
572
544
610
610
696
642
642
524
564
540
664
596
604
472
480
372
844
720
844
604
580
1004
496
472
820
656
756
640
808
964
548
686
686
748
760
512
628
976
504
620
708
604
656
692
456
516
516
648
724
684
548
488
900
820
700
568
1260
852
508
868
444
628
576
524
528
428
752
644
624
608
556
452
744
500
446
446
564
396
676
540
772
332
336
288
1012
460
744
808
516
600
468
716
432
916
632
504
864
540
756
716
488
532
680
940
660
864
840
472
716
620
540
640
524
1096
736
452
824
844
572
756
604
428
292
736
456
872
872
692
568
692
840
512
788
652
808
590
590
576
536
884
448
620
620
476
556
608
488
452
540
504
428
304
554
554
536
540
412
560
672
488
748
688
464
516
560
416
748
728
772
432
656
748
468
632
796
648
560
788
644
1136
876
692
708
540
560
744
796
592
456
560
556
548
556
988
668
712
680
472
532
536
584
680
704
516
940
492
940
632
488
544
388
700
408
544
756
860
628
600
676
520
764
476
460
460
536
752
764
764
544
628
680
524
704
444
696
544
468
436
652
548
748
528
552
768
620
564
500
708
536
454
454
620
620
528
484
584
472
448
736
460
368
576
616
560
452
504
536
792
572
572
560
632
552
460
464
548
612
896
584
500
460
636
524
604
732
704
612
576
608
648
468
696
648
668
680
592
432
584
696
488
616
800
652
684
656
604
364
652
528
504
580
688
732
540
712
620
648
556
516
736
732
452
432
420
440
644
396
536
568
500
864
532
748
572
660
716
548
552
544
672
528
384
456
468
460
512
652
456
740
504
732
544
332
520
612
612
612
612
612
844
844
912
524
464
504
536
644
718
718
600
840
612
568
544
452
472
380
408
400
788
576
436
876
796
612
612
604
604
784
524
708
648
668
552
520
468
668
812
908
424
464
364
552
548
652
492
484
708
504
468
392
608
608
212
824
824
672
268
240
580
640
488
634
634
776
568
576
516
720
648
784
732
620
540
672
468
516
744
552
528
540
432
804
828
416
516
668
684
724
848
700
476
448
816
560
656
616
852
776
820
804
508
908
856
704
676
536
456
708
764
720
496
600
408
692
676
922
922
748
864
780
624
464
500
564
680
468
484
702
702
632
452
640
540
744
456
432
452
616
544
812
496
752
