744
776
480
816
500
736
852
668
844
928
688
520
520
572
548
652
780
596
824
944
604
572
816
620
472
464
892
892
592
824
904
508
904
768
484
872
600
608
676
524
716
820
492
828
688
660
644
520
704
700
788
666
666
666
632
316
216
324
224
320
256
548
548
524
524
200
316
256
256
394
394
268
240
260
256
406
406
406
244
476
252
490
490
236
240
236
244
236
232
248
1784
1784
528
608
576
772
820
616
826
826
864
696
756
704
608
552
540
624
632
660
848
644
724
504
672
592
432
704
780
484
560
600
552
636
800
844
680
492
684
1008
656
588
600
476
552
848
720
700
700
628
960
584
660
688
836
892
636
800
768
580
524
696
740
668
540
720
660
614
614
416
420
728
576
628
702
702
870
870
658
658
788
910
910
496
496
804
464
444
700
496
460
448
1068
788
636
596
640
452
618
618
444
1096
1096
1096
910
910
910
700
700
700
580
580
696
868
868
572
572
296
861
861
861
652
524
432
460
604
660
900
576
696
728
452
764
676
712
892
824
824
264
400
240
288
616
808
468
468
568
568
636
757
757
757
528
672
500
652
596
444
400
364
624
436
508
696
416
800
500
492
404
552
564
508
628
272
680
440
496
588
480
480
456
692
816
528
440
668
728
672
472
608
716
768
808
452
744
676
580
584
564
468
592
372
656
512
808
532
540
620
588
592
464
708
448
640
812
408
744
828
608
748
572
560
548
692
552
900
832
628
452
776
664
920
572
680
664
752
672
524
424
300
484
488
676
516
680
904
600
464
556
704
996
516
796
398
398
668
894
894
894
928
556
2520
2520
636
818
818
512
876
656
788
508
844
960
644
1024
820
1138
1138
540
806
806
680
588
588
712
472
220
1252
688
584
584
316
580
612
496
516
764
512
632
532
612
876
660
704
576
484
436
460
452
380
316
576
820
340
656
428
620
396
296
404
988
904
528
804
624
1072
596
628
632
616
756
780
720
612
728
496
480
832
608
624
576
596
556
792
760
720
708
760
616
504
588
872
748
704
408
472
780
816
596
804
616
756
592
512
488
628
652
712
552
956
812
776
872
768
1012
628
552
500
748
508
644
580
552
580
448
956
576
1124
768
532
696
472
756
772
632
460
764
856
636
716
396
452
700
680
832
580
500
692
548
788
532
580
704
540
536
624
512
832
1008
888
584
852
632
732
652
620
692
812
672
656
464
724
572
756
580
612
648
820
768
444
692
812
580
844
480
564
672
544
556
748
408
656
764
504
660
624
672
1024
524
444
816
596
608
732
656
636
564
792
812
636
876
716
528
972
660
440
468
776
564
716
868
720
768
628
680
544
528
740
600
700
624
536
664
836
796
692
760
644
700
652
268
416
448
744
856
824
816
608
612
696
600
512
448
492
964
572
432
504
744
676
804
1064
652
540
596
492
536
908
592
628
452
440
724
956
724
920
520
728
524
544
440
584
720
508
460
592
564
332
696
204
732
600
780
756
508
436
940
728
780
584
800
496
712
760
536
536
556
816
616
404
604
884
532
628
708
428
296
784
608
572
796
760
560
748
824
480
856
568
528
532
608
752
484
752
440
568
508
580
712
488
488
528
564
512
660
696
596
728
684
592
624
696
484
812
820
672
472
836
592
588
496
460
636
408
902
902
536
736
796
724
616
588
516
216
296
552
520
676
924
1036
684
872
784
532
732
1056
476
736
656
652
536
1160
736
560
548
660
524
608
732
664
876
756
636
784
520
668
720
700
476
448
924
508
712
876
864
612
664
584
660
928
504
764
608
604
696
508
592
872
584
472
808
852
704
700
600
480
736
572
724
580
956
488
492
520
504
676
516
796
820
448
768
628
516
708
448
528
740
1056
656
632
504
428
560
840
488
556
568
864
548
620
580
416
616
732
860
616
1044
508
616
616
668
512
540
540
464
732
636
708
708
1016
628
696
648
680
928
804
620
676
572
624
532
1052
740
732
784
540
684
572
492
636
472
448
592
560
628
748
600
764
492
1004
424
908
656
524
552
504
616
940
660
592
748
628
600
528
648
788
632
604
528
800
816
716
480
708
604
776
432
640
700
728
660
796
620
664
468
1096
896
538
538
508
448
692
448
640
528
818
818
456
444
736
476
316
316
560
792
352
344
640
508
644
552
548
540
624
788
876
716
648
408
816
600
440
700
1000
716
508
492
544
496
484
936
432
520
556
668
708
690
690
632
652
372
1024
520
568
442
442
838
838
884
568
712
512
748
520
820
688
856
604
568
652
576
520
748
524
476
592
920
692
496
680
600
848
724
584
492
876
604
432
428
812
448
512
432
604
504
600
432
712
508
620
580
564
520
784
560
636
516
584
648
576
696
764
756
588
468
516
632
428
436
600
556
560
672
936
1044
756
752
532
512
712
720
600
628
660
812
732
596
504
896
664
620
532
568
628
868
744
644
728
636
648
660
460
444
666
666
732
968
448
568
728
296
876
464
784
860
512
772
840
612
516
580
776
464
384
528
504
504
576
336
672
644
468
616
608
796
612
456
460
512
804
688
636
656
620
676
620
504
428
568
604
576
724
836
660
776
584
468
584
580
920
668
796
616
492
976
584
692
672
704
520
824
840
620
520
700
568
772
896
520
704
484
696
644
460
532
764
464
716
404
452
624
676
584
444
608
552
544
508
500
868
656
448
740
488
920
864
624
632
888
520
544
848
948
620
540
584
536
756
724
704
496
816
504
572
408
628
732
744
772
492
636
608
676
800
556
704
740
408
784
480
640
744
696
732
572
464
644
644
708
472
520
600
572
564
420
828
816
608
576
436
840
868
508
560
496
596
656
568
676
848
616
540
440
716
808
680
592
480
656
500
924
572
552
604
520
848
616
684
488
708
620
656
548
756
584
672
968
584
572
572
624
556
548
488
756
508
952
636
452
1084
548
744
672
604
660
488
568
688
644
516
692
468
908
736
724
808
596
672
516
932
588
648
752
596
604
732
536
652
684
528
860
592
668
748
516
524
680
852
444
748
624
556
636
648
512
428
444
680
1060
644
676
552
788
736
472
656
936
400
828
772
772
588
592
672
720
560
736
640
696
672
640
624
496
396
476
772
880
700
732
816
596
820
596
556
644
520
808
516
596
784
484
536
628
592
664
532
508
864
544
688
856
692
700
792
1000
652
692
516
688
616
688
828
636
1144
660
588
664
464
628
572
832
744
548
844
664
800
384
388
848
712
672
660
712
584
908
564
712
600
452
476
788
752
500
512
668
536
772
816
612
540
584
564
620
756
924
524
724
600
676
480
756
556
476
900
496
632
644
420
668
760
832
852
608
552
792
504
448
436
712
576
464
768
616
748
548
708
460
680
472
396
580
720
552
844
620
752
796
424
912
640
664
476
596
736
544
632
468
852
524
576
580
548
816
496
480
824
640
468
500
672
676
680
676
780
556
504
780
440
524
468
444
588
576
580
628
584
472
780
528
472
828
584
636
564
536
600
468
792
500
1060
480
688
868
572
640
568
568
572
528
420
468
676
512
448
608
704
676
584
636
756
452
380
808
436
436
468
452
660
576
752
696
500
524
420
412
748
544
816
812
796
552
892
608
616
492
748
496
496
516
556
860
516
476
468
860
632
792
536
840
644
772
712
600
604
636
488
832
480
884
732
584
436
844
588
624
568
596
544
656
772
652
736
472
724
680
476
536
420
688
608
592
648
680
520
596
408
624
452
468
708
588
488
788
612
772
740
500
776
600
540
472
820
588
600
860
608
352
952
1068
648
996
632
712
560
580
292
400
524
488
476
864
532
588
580
632
950
950
612
676
608
560
584
932
648
612
596
768
824
860
656
704
672
556
500
592
660
812
960
644
500
776
624
476
624
468
736
760
760
836
716
496
548
548
604
472
532
484
636
556
492
574
574
336
676
876
768
596
588
676
536
732
444
748
704
624
484
804
448
608
724
744
536
752
612
564
900
588
460
940
536
772
652
748
620
792
736
828
692
508
624
532
536
760
960
736
696
520
804
620
1104
764
600
572
648
864
576
816
672
668
644
900
560
484
700
724
872
752
700
444
568
828
480
908
588
432
688
752
720
644
444
496
1088
552
480
504
516
560
644
588
636
944
408
804
432
568
752
576
560
1128
780
548
564
496
740
480
660
432
416
676
676
592
488
492
1084
480
436
636
616
888
764
528
1040
544
488
560
548
596
536
756
672
660
956
624
492
632
724
520
564
792
592
652
624
640
576
732
576
592
568
532
972
740
608
408
552
780
800
540
572
408
688
572
556
536
548
1076
488
976
476
756
968
808
728
512
748
724
520
816
476
732
460
512
696
576
1160
580
624
584
864
544
532
780
664
572
504
644
592
560
568
616
688
648
676
832
496
1012
684
872
432
820
500
696
580
596
784
520
544
484
512
1020
584
608
824
716
544
640
816
484
404
496
616
880
584
568
720
640
512
800
680
468
852
492
600
896
592
668
552
708
732
484
648
604
484
488
440
468
736
628
732
572
540
532
528
504
512
632
564
476
984
628
740
428
724
536
508
580
648
576
592
500
744
568
656
788
596
644
416
652
592
520
968
432
516
424
336
720
536
644
392
840
612
488
652
608
476
336
428
580
764
576
884
640
464
756
760
928
600
472
436
672
792
568
668
504
504
508
616
652
636
556
752
632
556
756
464
616
872
688
852
560
508
464
752
596
680
452
592
704
500
832
592
728
520
512
436
440
412
488
724
456
400
432
620
468
616
576
468
624
800
752
728
584
796
772
616
488
676
548
628
824
512
680
664
824
720
572
584
692
628
660
672
660
484
456
548
616
448
640
552
512
580
692
556
548
412
416
492
420
436
748
544
516
688
620
456
516
548
428
512
832
460
524
636
528
604
716
448
864
532
512
484
460
460
408
396
848
560
652
588
588
692
760
536
824
744
560
512
436
416
792
632
512
656
820
596
648
416
868
656
852
628
508
732
592
596
532
804
604
488
800
540
672
556
788
564
1016
540
608
612
592
640
560
784
596
560
836
500
532
628
640
780
596
460
648
688
580
808
760
420
436
516
596
568
896
496
788
512
732
776
480
944
780
692
632
932
620
728
476
788
648
684
448
532
588
588
672
1040
500
664
432
536
544
608
660
412
736
776
620
460
528
752
612
844
560
460
860
576
632
512
492
584
616
628
584
612
688
800
600
508
636
824
808
568
616
440
428
536
516
544
888
832
612
624
704
540
608
516
488
464
556
540
548
524
736
552
228
368
636
704
548
624
224
564
564
452
724
400
444
492
836
604
736
688
632
600
872
544
620
516
568
440
704
468
860
588
792
636
476
488
584
440
636
484
712
684
580
588
712
720
564
504
684
628
584
712
600
624
804
760
756
564
676
520
552
452
752
892
744
660
724
552
676
1128
940
676
660
444
428
496
680
780
696
456
512
596
632
484
708
568
672
704
664
636
660
724
548
556
540
540
940
444
512
488
944
612
652
632
476
620
588
664
484
772
588
800
596
792
740
480
696
528
692
616
792
772
756
632
440
740
712
740
572
624
572
504
988
812
644
504
580
516
560
556
856
652
680
832
508
684
524
612
488
924
580
560
932
524
676
660
1068
572
524
908
756
892
468
648
532
496
992
640
684
464
716
760
704
420
468
588
564
472
752
816
732
500
664
700
856
776
728
852
464
624
780
576
780
604
564
604
504
700
656
712
600
800
464
792
672
840
620
600
804
704
612
480
432
868
700
604
508
440
464
564
544
544
628
436
944
468
420
640
748
508
704
696
620
788
532
800
516
844
922
922
668
460
604
512
444
780
616
444
944
596
632
768
520
692
728
548
644
696
608
480
868
648
956
536
864
652
856
704
472
892
888
520
420
672
628
696
528
672
532
496
608
980
560
556
496
712
484
508
792
568
792
716
512
536
992
628
520
512
884
768
728
604
948
532
956
708
672
568
708
548
644
768
772
456
1036
628
536
676
676
496
684
488
540
536
540
496
504
412
600
560
740
560
792
792
440
476
636
528
608
540
440
508
696
472
792
800
700
612
428
708
716
680
488
520
628
684
1044
724
492
900
616
496
572
560
840
784
800
540
436
416
572
552
624
668
860
600
744
628
740
440
816
888
652
844
528
616
844
752
948
656
520
460
688
532
836
712
600
472
436
496
772
652
316
470
470
848
412
800
504
940
820
560
664
592
768
500
592
748
588
904
592
660
1130
1130
634
634
560
516
764
862
862
862
862
