1028
1020
1028
1024
1032
1024
1032
1024
1028
1024
1016
1008
996
988
1000
988
1000
992
1000
960
988
968
988
988
976
988
984
1000
996
1012
1016
1028
1036
1032
1052
1032
1044
1044
1048
1056
1040
1036
1044
1052
1044
1032
1044
1032
1044
1032
1044
1036
1048
1052
1048
1056
1056
1056
1044
1052
1040
1052
1056
1056
1064
1048
1052
1060
1048
1044
1052
1048
1036
1044
1052
1032
1036
1020
224
812
1032
1016
1012
1008
996
1028
1008
1028
1016
1020
1036
1028
1032
1020
1032
1028
1036
1024
1036
996
1020
988
948
1036
1000
996
1000
1004
996
1024
1008
1024
1008
1028
1016
1028
1020
1020
1024
1016
1024
1036
1040
1052
1060
1064
1068
1064
1060
1056
1052
1048
1032
1008
1012
1012
996
984
984
984
980
984
968
992
1004
1004
1016
1020
1024
1020
1016
1020
1016
1012
1008
996
996
984
988
980
988
984
988
992
996
992
968
980
988
992
1004
1016
1012
1008
1028
1028
1032
1024
1032
1008
1024
992
988
1008
996
980
988
976
984
972
960
964
948
960
936
940
936
920
928
916
920
924
916
920
916
920
920
920
920
912
920
920
912
928
932
936
936
944
952
948
952
944
952
948
952
944
956
948
948
948
952
952
956
952
960
952
968
968
964
972
956
968
968
952
968
948
964
940
952
936
944
952
936
956
948
956
940
956
940
972
952
956
948
948
952
968
964
968
952
960
952
964
956
592
1092
996
980
980
996
972
984
980
980
984
960
972
984
964
968
968
972
948
964
956
948
952
940
936
948
936
952
932
952
932
952
928
956
932
956
916
956
920
940
940
948
888
916
860
892
888
868
892
872
908
868
904
856
900
868
904
868
916
884
920
884
920
876
924
888
916
896
908
904
912
928
912
924
920
908
932
888
908
912
900
876
900
888
892
860
880
856
856
872
852
860
864
868
860
860
852
872
864
880
884
888
896
900
880
860
892
900
920
896
920
936
920
944
936
940
944
944
944
932
948
948
940
924
940
924
944
936
956
940
964
944
968
924
940
924
936
912
932
908
928
904
924
896
920
896
916
892
904
904
896
900
880
900
208
652
848
900
892
200
688
880
872
880
860
860
584
296
848
376
500
872
872
888
864
872
880
848
880
848
880
852
872
860
864
876
852
876
836
860
816
852
816
848
828
832
832
828
820
832
828
832
844
832
840
828
828
840
832
836
832
844
828
840
832
828
824
824
836
820
824
824
820
816
804
824
796
832
796
812
808
792
784
812
784
808
788
812
784
812
776
804
788
812
788
808
784
816
788
812
780
808
776
816
796
824
804
828
692
932
832
812
832
804
836
816
828
828
828
832
836
836
840
252
576
864
288
552
840
608
244
840
844
824
200
628
812
816
368
460
820
820
812
836
800
836
236
572
840
828
836
820
844
832
844
836
852
832
852
800
828
812
836
828
808
824
844
824
844
816
844
824
712
940
836
828
828
836
832
836
804
796
820
788
804
784
808
772
804
772
800
772
792
772
800
784
776
792
792
796
768
796
724
820
744
828
732
832
748
796
812
824
804
828
792
820
796
832
804
828
780
816
796
816
804
800
812
784
808
784
800
796
756
852
784
816
776
808
804
796
812
792
812
792
816
792
816
804
824
800
836
800
832
804
828
808
828
812
828
808
828
812
808
812
812
820
812
808
804
800
796
816
820
828
832
824
808
820
800
832
800
840
812
832
816
820
828
824
824
820
820
828
824
828
836
836
852
852
840
852
840
848
812
852
832
864
852
868
836
856
836
848
844
848
816
840
816
840
808
840
812
824
812
820
820
800
840
824
844
816
836
832
840
832
852
844
856
856
872
864
856
872
852
872
848
864
848
860
852
836
860
832
864
840
864
836
868
844
860
828
264
552
836
820
824
808
828
808
828
804
808
812
812
816
820
808
808
812
808
824
820
816
816
812
812
816
804
816
808
816
816
812
820
800
824
796
824
808
812
824
816
832
812
840
816
828
812
808
816
808
828
808
788
840
828
816
828
820
832
840
816
836
820
832
828
828
832
836
824
844
828
848
828
852
820
848
828
848
848
840
844
824
844
816
832
820
828
824
808
828
804
832
804
832
816
832
812
844
820
828
824
832
824
828
820
828
800
828
804
816
808
820
792
812
788
816
780
820
800
812
788
820
804
820
784
820
736
840
788
828
808
832
824
824
832
828
844
840
844
832
828
840
824
844
824
836
816
824
820
796
824
812
816
804
812
824
820
824
796
796
812
812
804
816
820
816
820
804
820
812
828
796
828
804
824
804
820
804
812
816
796
800
816
800
808
784
800
800
792
800
764
852
820
808
812
828
808
836
804
828
840
812
832
804
828
792
820
800
824
212
576
816
796
820
796
792
832
828
796
820
800
816
812
824
812
828
780
816
784
820
788
816
788
796
772
816
816
784
820
792
804
792
788
804
796
788
824
828
808
832
804
836
820
828
796
820
804
816
808
792
820
796
824
796
824
808
824
832
824
840
796
832
796
828
812
812
824
820
812
808
824
812
820
540
284
824
800
824
796
820
804
824
792
824
800
812
808
812
528
264
796
792
804
804
784
812
780
808
784
800
796
308
472
816
784
816
808
800
808
800
816
796
820
804
808
816
816
812
820
808
832
804
820
816
820
824
820
824
804
820
804
824
812
828
828
828
828
840
832
836
824
832
816
828
808
820
800
820
804
812
808
800
808
804
808
804
800
820
828
824
828
836
824
832
828
824
832
828
832
824
828
800
820
776
812
792
804
792
800
784
796
788
788
780
780
788
768
784
760
784
768
776
768
780
764
784
752
788
764
784
756
788
756
784
748
784
772
772
776
756
788
764
792
776
220
576
772
716
844
796
524
1024
768
784
768
776
804
792
812
800
812
804
820
800
812
796
812
800
808
804
808
800
800
804
796
792
800
796
804
808
808
804
808
788
804
796
804
792
800
784
800
784
800
784
796
780
792
768
788
772
792
776
772
780
748
780
704
808
764
788
772
760
792
768
804
788
816
792
820
804
824
816
828
828
812
848
820
852
816
848
828
860
840
852
840
860
840
856
844
840
860
840
872
840
876
848
868
872
856
876
872
884
860
884
868
888
864
884
856
880
856
876
848
868
856
860
872
868
872
868
864
860
856
848
876
860
872
844
852
844
860
848
856
848
844
844
816
828
828
828
832
828
840
836
844
804
848
824
844
840
836
872
872
864
884
872
888
884
880
860
860
876
856
872
840
872
820
864
848
848
840
852
812
848
836
844
824
848
808
848
828
840
808
844
820
840
812
840
820
836
816
840
804
836
808
824
804
828
796
828
808
832
816
824
808
836
784
828
812
808
808
824
800
836
820
832
832
836
836
844
836
840
836
840
844
820
840
828
848
824
844
828
840
808
836
796
832
788
824
800
820
804
828
808
824
808
816
824
800
824
812
828
812
836
840
836
844
832
848
812
832
824
812
824
812
840
804
828
816
840
808
828
824
840
824
836
852
820
844
816
840
824
836
820
836
816
840
828
836
824
840
816
832
836
832
836
820
848
828
848
824
848
824
844
820
836
828
836
840
832
832
836
824
828
844
820
840
844
852
856
864
844
840
836
836
824
852
824
852
828
844
820
812
840
820
840
816
844
808
836
816
832
800
832
812
828
796
828
820
828
820
812
824
820
824
808
812
800
824
808
820
772
808
820
812
828
776
812
808
788
812
772
812
788
820
788
816
788
780
816
824
792
820
796
820
788
816
796
816
808
820
816
828
792
820
808
824
804
820
808
820
820
824
816
832
792
812
780
808
788
800
780
784
788
800
784
784
772
784
784
784
784
780
772
780
784
772
780
792
784
788
768
784
784
784
772
792
768
796
768
792
760
776
776
752
792
760
788
768
776
792
784
792
776
788
764
800
788
788
796
768
800
784
796
800
788
804
792
804
800
808
796
808
796
804
808
808
792
792
808
796
808
792
808
812
816
828
832
836
840
852
840
848
840
796
792
816
812
812
812
812
784
784
800
716
800
772
776
792
780
800
768
788
788
784
800
784
800
768
800
792
776
784
792
764
792
784
780
780
784
780
764
768
784
736
796
772
772
772
800
772
804
784
808
804
800
836
836
836
844
844
852
848
848
840
844
832
836
832
824
1612
792
804
796
796
804
824
780
812
824
804
824
832
804
824
832
816
828
808
816
800
812
796
812
784
800
780
792
800
780
784
796
768
796
772
744
828
804
796
808
792
812
796
804
812
800
812
820
816
832
828
828
832
836
804
832
812
796
804
816
804
824
820
820
832
824
836
824
816
792
820
776
820
796
800
804
820
784
820
812
804
804
828
252
532
832
816
808
804
824
800
816
812
660
968
804
824
816
828
816
828
824
828
832
828
840
832
832
836
812
812
824
820
804
828
804
812
808
832
820
832
828
832
820
836
812
832
808
824
820
824
816
812
820
820
820
824
832
824
840
804
840
812
824
816
852
816
852
820
848
836
844
860
876
868
876
868
876
868
868
848
856
844
852
832
832
844
836
844
832
840
848
840
852
852
852
864
852
860
856
860
860
848
860
856
860
860
864
864
876
868
876
880
880
868
868
1160
1160
1160
760
760
212
864
868
872
860
848
820
848
832
852
856
852
864
844
856
848
788
840
796
804
804
796
776
832
808
836
840
852
864
864
912
872
880
868
884
876
884
884
884
904
896
908
908
908
908
300
600
904
872
900
868
864
472
416
892
876
890
890
884
884
876
872
872
864
856
840
844
852
864
872
856
868
852
836
816
816
828
824
856
840
860
852
872
868
872
860
880
868
872
876
880
868
880
868
872
842
842
808
836
804
832
804
828
812
836
812
840
816
848
820
848
812
860
824
848
836
868
852
872
876
888
876
892
896
900
912
908
908
908
900
912
908
916
892
896
876
884
860
884
872
876
880
876
884
884
884
876
888
848
864
848
876
860
884
876
880
888
876
884
896
872
856
888
876
888
880
884
896
888
896
872
900
896
900
908
908
916
912
888
920
884
904
884
896
876
834
834
748
852
788
836
804
816
844
824
860
860
848
872
872
872
436
436
824
876
844
840
852
852
860
860
876
884
888
884
888
896
1782
1782
880
868
896
884
888
1120
1120
1120
1120
892
908
900
904
908
1814
1814
906
906
908
908
908
904
888
892
900
884
1320
1320
872
876
868
577
577
577
868
864
860
860
852
852
844
848
836
832
832
820
2020
2020
796
804
796
800
796
800
796
796
800
796
796
800
1334
1334
1334
808
808
804
812
808
812
816
812
812
812
820
808
816
812
812
812
812
816
3234
3234
808
816
812
820
816
820
820
816
816
668
960
820
800
