900
908
892
908
908
888
896
896
872
880
860
872
864
840
832
416
416
792
788
824
806
806
832
840
848
848
1134
1134
1264
1264
4570
4570
2465
2465
2465
580
448
3609
3609
3609
580
580
800
800
324
368
1130
1130
947
947
947
947
332
1562
1562
736
748
732
768
300
448
1634
1634
1634
604
812
796
800
756
808
772
772
720
672
1723
1723
1723
1723
1186
1186
883
883
883
883
883
883
883
796
796
1180
1180
1180
1180
1180
312
622
622
244
946
946
1380
796
816
668
937
937
937
380
896
1414
1414
1414
1414
1414
1414
1214
1214
604
332
1047
1047
1047
1047
1047
1047
1047
1047
1047
1047
644
356
368
602
602
288
798
798
768
768
1420
1420
1481
1481
1481
1481
336
578
578
702
702
312
524
900
868
852
224
644
844
828
332
288
792
676
856
876
852
512
336
816
800
808
716
744
876
800
800
824
772
276
532
796
240
560
800
688
656
724
940
812
804
764
764
744
764
752
792
776
572
992
788
784
772
768
760
748
740
744
744
748
760
756
748
684
854
854
480
852
860
820
820
1110
1110
688
264
604
878
878
888
872
848
848
848
836
564
684
684
618
618
618
618
618
618
778
778
764
764
768
252
276
264
748
388
598
598
740
216
532
664
562
562
808
808
872
716
716
754
754
754
748
648
648
828
808
800
796
788
788
768
772
744
780
760
516
248
780
804
824
816
816
800
816
804
804
804
804
820
800
792
804
792
788
788
780
800
788
784
792
804
804
840
812
844
844
812
812
808
700
856
780
772
752
724
776
580
614
614
740
740
828
740
736
736
716
744
244
508
756
772
776
308
460
816
796
804
776
792
800
788
776
788
772
772
804
784
768
456
1057
1057
1057
1000
1000
1000
1000
1476
1476
1476
1476
1476
572
768
788
1646
1646
1646
1646
1646
1646
1646
1646
1646
1646
1646
1152
1152
760
760
748
768
752
672
628
596
600
788
780
764
756
748
744
584
900
748
744
752
752
696
628
588
604
776
784
784
760
748
760
668
624
616
812
804
796
804
784
760
768
752
760
760
744
732
768
764
776
772
756
768
996
996
996
996
816
1172
1172
776
772
952
988
848
340
818
818
818
436
376
812
824
828
832
808
800
860
872
848
844
884
796
748
664
724
900
788
796
776
820
808
816
840
792
764
612
928
788
828
796
776
764
788
788
848
816
808
784
384
456
704
652
540
1020
840
224
674
674
828
808
784
772
608
808
956
752
836
764
636
884
760
660
648
856
852
836
828
804
780
792
828
828
828
792
816
840
572
268
832
480
360
204
632
844
844
832
828
836
824
816
804
824
804
808
764
260
552
760
760
496
260
708
708
648
628
632
860
888
884
864
848
464
340
816
456
320
608
792
620
888
200
640
844
800
812
756
812
768
800
484
284
784
768
756
820
776
792
756
672
652
660
876
868
848
828
800
816
776
816
832
800
804
792
800
756
804
792
812
768
832
804
788
792
824
796
828
708
676
668
884
808
848
796
792
1560
676
636
644
876
848
808
660
964
796
752
672
620
612
852
880
852
696
900
792
772
648
836
780
776
796
808
808
780
510
510
510
536
724
636
872
820
776
824
776
824
636
448
432
592
632
592
512
904
582
582
933
933
933
876
720
656
564
632
516
888
844
208
628
776
836
724
672
880
744
768
300
444
340
432
1334
1334
1334
1334
2177
2177
2177
836
596
596
1448
1448
292
280
604
852
852
840
384
444
712
588
672
592
856
776
792
788
772
772
692
628
584
660
864
728
928
812
768
768
788
452
960
788
772
744
752
744
660
836
800
672
904
804
808
748
800
756
772
776
736
648
868
384
400
752
796
700
836
788
772
764
676
644
840
880
860
852
816
784
668
600
640
856
844
836
836
820
800
776
828
800
824
772
812
688
832
824
792
764
788
784
764
764
796
776
760
780
768
744
684
640
512
584
556
844
836
840
804
816
834
834
828
860
860
832
1028
960
784
768
908
924
888
744
912
804
640
928
828
780
804
788
796
780
736
780
716
760
728
744
740
712
732
708
500
984
684
704
708
680
720
684
724
684
736
656
736
592
532
396
1016
824
780
800
764
780
664
612
1540
800
796
780
224
556
760
428
344
720
756
756
756
736
776
748
764
768
764
772
756
772
760
768
780
764
784
712
644
624
644
632
836
812
784
772
760
752
768
744
740
732
648
632
632
816
848
860
820
820
804
784
824
780
760
772
776
760
764
740
632
676
912
792
792
776
776
776
756
728
736
780
776
764
784
784
784
768
752
724
656
620
828
824
772
764
756
752
728
704
728
708
752
760
732
784
764
768
760
768
780
664
884
724
772
700
308
528
828
800
808
828
832
848
864
836
904
832
828
800
772
660
652
628
828
820
816
784
768
752
656
888
744
780
764
740
740
704
616
664
892
748
744
776
756
752
764
788
772
744
792
748
756
744
644
800
768
764
628
892
760
716
756
656
788
818
818
798
798
808
424
400
1771
1771
1771
1771
1771
920
796
664
900
632
592
576
852
824
824
828
808
816
816
804
792
820
784
780
668
820
640
652
644
856
828
804
776
800
792
752
780
704
860
772
768
784
772
764
652
612
836
796
800
760
748
752
760
748
740
752
740
732
636
576
816
760
792
768
736
800
844
912
820
876
812
716
880
668
988
714
714
904
952
944
908
900
756
944
880
872
860
931
931
931
931
931
931
931
740
713
713
713
713
713
972
805
805
805
324
626
626
472
1048
1048
1048
880
252
420
420
420
1032
808
800
792
704
708
596
600
620
770
770
888
260
348
936
312
452
768
588
588
404
652
652
790
790
996
388
328
820
564
892
812
620
712
692
924
788
768
772
772
328
662
662
844
668
564
512
708
1020
668
956
324
268
1088
776
1186
1186
776
748
300
492
752
680
644
260
244
936
896
788
436
320
308
580
832
420
396
548
292
612
932
812
716
316
280
1016
820
792
280
508
776
562
562
408
656
260
252
844
844
844
240
520
520
184
776
776
636
560
596
588
504
816
816
788
768
760
720
568
872
636
420
392
740
480
484
518
518
516
404
404
304
588
208
426
426
540
552
552
442
442
280
272
648
512
248
532
872
872
584
868
684
596
860
744
556
948
680
816
304
340
656
600
796
865
865
865
865
548
548
548
548
548
288
670
670
352
572
248
645
645
645
426
426
1132
1132
1132
1132
712
624
620
828
752
872
722
722
820
610
610
480
584
512
808
752
268
614
614
744
736
720
236
488
752
756
752
740
672
648
228
716
816
580
988
584
968
488
1052
748
736
676
852
736
752
752
732
736
720
736
720
652
880
728
788
720
732
624
640
864
904
276
588
864
856
816
764
860
848
828
800
776
776
688
888
804
796
752
800
768
704
640
540
664
540
856
836
800
552
988
776
768
656
824
736
784
748
764
752
744
740
740
756
756
768
768
752
764
764
732
752
656
692
904
728
728
248
428
660
836
788
816
772
748
780
700
776
788
772
756
764
764
776
680
628
684
844
828
792
776
768
752
776
648
644
620
568
832
804
800
808
780
772
760
668
880
756
760
780
712
832
756
764
780
772
768
764
736
724
764
764
732
772
736
380
368
616
840
1368
576
600
852
800
780
760
760
760
644
680
584
592
788
792
792
772
756
760
764
652
800
764
672
844
784
784
504
240
720
600
444
444
852
678
678
912
436
316
1304
1304
696
568
792
840
756
244
496
736
320
392
740
692
830
830
830
264
288
812
752
728
356
356
882
882
882
882
368
328
724
260
432
708
676
708
708
712
764
680
680
736
892
776
792
740
768
724
586
586
344
732
764
604
876
712
224
488
732
248
500
596
724
724
704
736
796
724
712
416
316
748
728
644
636
852
808
788
764
740
716
752
732
716
712
728
724
700
740
700
736
712
724
716
708
720
878
878
876
872
544
544
428
686
686
664
864
832
844
320
476
792
772
212
572
752
768
744
748
736
756
736
748
764
764
756
772
760
752
764
764
732
748
744
740
736
760
1480
732
708
704
752
728
736
732
740
756
748
748
698
698
752
884
760
336
432
772
784
800
788
776
764
760
688
616
536
476
812
772
784
748
744
740
744
736
732
716
720
352
352
724
716
632
664
872
240
636
920
906
906
904
464
1200
908
806
806
904
840
288
532
244
588
260
624
624
964
824
780
904
788
768
660
828
864
786
786
660
556
470
470
616
616
952
800
760
716
716
492
448
666
666
872
864
884
876
840
844
820
516
196
628
830
830
798
798
798
608
616
616
616
764
876
852
924
750
750
658
658
428
460
868
824
804
764
1034
1034
820
700
700
860
328
468
400
578
578
468
304
596
360
673
673
673
488
436
856
856
836
656
1084
916
952
676
888
268
800
1021
1021
1021
728
1124
844
1084
936
924
908
916
652
496
564
872
880
876
868
676
724
352
784
880
860
844
848
876
836
956
892
880
864
820
700
652
888
908
920
876
852
856
856
848
848
816
784
696
608
640
868
888
884
856
836
696
616
616
668
816
828
840
836
812
820
776
772
784
656
868
776
588
768
640
868
836
860
840
804
788
800
816
788
716
792
756
752
740
740
740
304
400
732
724
512
688
572
512
828
808
804
252
516
748
700
744
624
856
720
844
768
1368
812
500
500
968
752
760
788
692
732
744
608
728
588
500
504
368
792
820
344
508
832
684
968
860
748
912
692
824
636
432
692
488
500
232
804
1088
412
972
732
732
800
296
890
890
890
612
1228
860
692
872
872
638
638
582
582
816
734
734
828
828
752
768
800
848
984
1028
976
872
832
760
1128
948
2349
2349
2349
2349
2349
732
260
1032
1032
1032
856
816
824
704
460
680
680
836
912
840
720
844
828
816
808
808
780
784
784
796
860
840
874
874
868
860
844
836
840
820
820
848
448
576
576
628
220
428
228
742
742
844
492
364
844
820
852
796
796
452
452
856
788
756
752
368
548
948
906
906
830
830
796
760
772
772
692
676
700
864
884
888
888
400
464
856
852
840
828
808
828
860
864
860
860
684
952
840
700
700
868
876
876
812
804
816
852
856
884
872
852
716
676
676
904
1188
1188
1188
1093
1093
1093
916
936
952
940
940
948
848
976
916
900
868
880
768
932
928
912
920
908
908
920
904
888
880
860
712
884
868
856
804
784
672
608
656
904
920
920
924
904
928
924
904
900
792
716
648
904
920
856
884
876
884
856
836
828
808
700
636
900
908
896
900
848
852
844
872
904
864
764
716
684
900
924
916
912
892
904
900
880
892
912
916
816
944
896
912
876
876
860
720
708
688
596
336
236
472
948
984
828
832
761
761
761
1000
1000
884
904
904
900
224
